33,Falling,21445272,-2.4023,-5.9204,9.2041;
33,Falling,21506837,-2.4463,-5.9863,9.1284;
33,Falling,21557841,-2.4731,-5.8545,9.0967;
33,Falling,21608824,-2.5464,-5.8643,9.1089;
33,Falling,21659823,-2.6318,-5.8521,9.1675;
33,Falling,21710823,-2.6050,-6.0742,9.0503;
33,Falling,21761823,-2.6318,-6.2988,8.9209;
33,Falling,21812823,-2.6611,-6.4355,8.7451;
33,Falling,21863823,-2.6123,-6.2231,8.6133;
33,Falling,21914823,-2.8662,-6.4209,8.6523;
33,Falling,21965823,-3.1372,-6.2256,8.5596;
33,Falling,22016823,-3.1226,-5.9814,8.8257;
33,Falling,22067823,-3.0347,-5.8936,9.0039;
33,Falling,22118823,-3.0103,-6.0400,8.8306;
33,Falling,22169823,-2.8174,-6.2476,8.8550;
33,Falling,22220823,-2.8052,-6.1865,8.9111;
33,Falling,22271823,-2.6978,-6.0913,9.0259;
33,Falling,22322823,-2.8003,-5.9839,8.8965;
33,Falling,22373823,-2.9565,-6.0303,8.8403;
33,Falling,22424823,-3.1787,-6.0889,8.8281;
33,Falling,22475823,-2.9932,-5.9326,8.9038;
33,Falling,22526823,-2.9419,-6.0522,8.8989;
33,Falling,22577823,-2.9980,-6.4111,8.7061;
33,Falling,22628823,-2.8296,-6.1938,8.8037;
33,Falling,22679823,-2.9053,-6.0278,9.0186;
33,Falling,22730823,-2.9443,-6.0400,8.9087;
33,Falling,22781823,-2.9443,-6.0083,8.8965;
33,Falling,22832823,-3.0737,-6.1401,8.7183;
33,Falling,22883823,-2.9102,-6.2256,8.7622;
33,Falling,22934823,-2.8174,-6.4233,8.5742;
33,Falling,22985823,-2.8223,-6.2476,8.8208;
33,Falling,23036823,-2.7515,-5.9180,9.0771;
33,Falling,23087823,-2.9126,-6.0693,8.8477;
33,Falling,23138823,-3.0054,-6.2842,8.7207;
33,Falling,23189823,-2.9468,-6.3208,8.6182;
33,Falling,23240823,-2.8174,-6.0522,8.7939;
33,Falling,23291823,-2.8296,-6.1523,8.8843;
33,Falling,23342823,-2.8979,-6.0693,8.8501;
33,Falling,23393823,-2.9761,-6.1597,8.8086;
33,Falling,23444823,-2.9419,-6.1304,8.8062;
33,Falling,23495823,-2.9541,-6.2085,8.8013;
33,Falling,23546823,-2.9321,-6.1108,8.7769;
33,Falling,23597823,-2.9395,-5.9863,8.8892;
33,Falling,23648823,-3.0200,-6.0303,8.7817;
33,Falling,23699823,-2.9687,-6.0596,8.9062;
33,Falling,23750823,-2.8394,-6.1401,8.9233;
33,Falling,23801823,-2.7417,-6.0571,8.8599;
33,Falling,23852823,-2.8613,-6.3062,8.7402;
33,Falling,23903823,-2.8687,-6.0645,8.7695;
33,Falling,23954823,-2.8906,-5.8936,9.0601;
33,Falling,24005823,-2.9224,-5.8936,9.1431;
33,Falling,24056823,-2.8809,-6.1377,8.9453;
33,Falling,24107823,-2.8345,-6.1548,8.8818;
33,Falling,24158823,-2.6245,-6.1646,8.8281;
33,Falling,24209823,-2.5610,-6.1255,8.9209;
33,Falling,24260823,-2.5391,-6.0962,8.9526;
33,Falling,24311823,-2.6709,-6.2207,8.9258;
33,Falling,24362823,-2.7441,-6.2036,8.7549;
33,Falling,24413823,-2.5830,-6.3428,8.5986;
33,Falling,24464823,-2.4634,-6.3184,8.7964;
33,Falling,24515823,-2.3804,-5.9521,9.2017;
33,Falling,24566823,-1.0718,-5.2075,10.3955;
33,Falling,24617823,-2.1655,-6.2134,8.6572;
33,Falling,24668823,-2.7539,-6.1401,8.7817;
33,Falling,24719823,-1.6553,-5.3125,10.0586;
33,Falling,24770823,-2.0508,-5.7690,9.3384;
33,Falling,24821823,-1.9067,-6.0571,9.2310;
33,Falling,24872823,-1.6553,-5.8862,9.4409;
33,Falling,24923823,-1.3867,-6.0303,9.4971;
33,Falling,24974823,-1.3794,-5.9570,9.5923;
33,Falling,25025823,-1.1206,-5.8838,9.4873;
33,Falling,25076823,-0.5054,-6.4551,9.5532;
33,Falling,25127823,-0.2100,-6.2988,9.7217;
33,Falling,25178823,-0.1392,-6.2573,9.7852;
33,Falling,25229823,-0.1587,-6.4575,9.6631;
33,Falling,25280823,0.1611,-6.7993,9.5068;
33,Falling,25331823,1.6064,-6.8555,10.0879;
33,Falling,25382823,0.8130,-6.5137,8.9062;
33,Falling,25433823,-0.1904,-5.5957,8.9551;
33,Falling,25484823,-0.4175,-5.7715,7.4854;
33,Falling,25535823,-1.9043,-5.6494,7.1021;
33,Falling,25586823,0.0293,-6.9727,8.1909;
33,Falling,25637823,1.3721,-6.7749,8.9819;
33,Falling,25688823,0.7031,-6.2524,9.3286;
33,Falling,25739823,1.1499,-8.7769,12.3682;
33,Falling,25790823,1.3428,-5.4565,9.5703;
33,Falling,25841823,-0.0781,-6.2305,9.6851;
33,Falling,25892823,-1.4771,-6.8872,8.3813;
33,Falling,25943823,-2.5806,-5.9619,8.1274;
33,Falling,25994823,-1.9678,-5.7324,9.3433;
33,Falling,26045823,0.3003,-6.6699,10.7031;
33,Falling,26096823,-1.4331,-5.0024,10.0684;
33,Falling,26147823,-2.3706,-5.5933,9.3164;
33,Falling,26198823,-2.6343,-6.1792,8.6206;
33,Falling,26249823,0.0610,-6.3037,9.7900;
33,Falling,26300823,-1.7749,-6.0864,9.2969;
33,Falling,26351823,-2.5391,-6.2451,8.9038;
33,Falling,26402823,-2.1924,-6.1353,8.7231;
33,Falling,26453823,-1.2451,-6.2402,9.5850;
33,Falling,26504823,-1.3940,-6.4844,9.1333;
33,Falling,26555823,-2.3877,-6.3550,8.7231;
33,Falling,26606823,-2.5708,-6.0742,8.7646;
33,Falling,26657823,-2.4976,-6.1401,8.9624;
33,Falling,26708823,-2.4341,-6.1646,9.1064;
33,Falling,26759823,-2.4829,-6.2476,9.0967;
33,Falling,26810823,-2.4609,-6.2378,8.9160;
33,Falling,26861823,-2.6953,-6.3013,8.7695;
33,Falling,26912823,-2.7124,-6.1523,8.9429;
33,Falling,26963823,-2.8247,-5.9766,8.9990;
33,Falling,27014823,-2.8101,-6.0083,9.0137;
33,Falling,27065823,-2.7466,-6.0107,9.0259;
33,Falling,27116823,-2.6245,-6.1279,9.0015;
33,Falling,27167823,-2.6587,-5.9814,9.0527;
33,Falling,27218823,-2.6099,-5.9863,9.1187;
33,Falling,27269823,-2.6099,-5.9546,9.0894;
33,Falling,27320823,-2.5952,-5.9644,9.1260;
33,Falling,27371823,-2.4805,-5.9473,9.0845;
33,Falling,27422823,-2.3682,-5.9937,9.2993;
33,Falling,27473823,-2.2876,-5.8545,9.2017;
33,Falling,27524823,-2.2144,-5.7178,9.3164;
33,Falling,27575823,-2.2559,-5.8691,9.2261;
33,Falling,27626823,-2.2314,-5.9106,9.2236;
33,Falling,27677823,-2.1509,-5.8276,9.3042;
33,Falling,27728823,-2.1680,-5.8765,9.3359;
33,Falling,27779823,-2.2900,-5.6860,9.2822;
33,Falling,27830823,-2.2876,-5.7300,9.4312;
33,Falling,27881823,-2.1509,-5.6787,9.5215;
33,Falling,27932823,-2.1069,-5.8740,9.3896;
33,Falling,27983823,-2.1216,-5.7812,9.4507;
33,Falling,28034823,-2.0239,-5.7300,9.4458;
33,Falling,28085823,-2.0996,-5.6763,9.4775;
33,Falling,28136823,-1.9971,-5.6616,9.6143;
33,Falling,28187823,-1.9189,-5.6470,9.6411;
33,Falling,28238823,-2.0044,-5.6592,9.5630;
33,Falling,28289823,-1.9824,-5.6396,9.5752;
33,Falling,28340823,-1.9458,-5.6885,9.5386;
33,Falling,28391823,-1.9751,-5.7227,9.4702;
33,Falling,28442823,-1.8896,-5.8008,9.4531;
33,Falling,28493823,-1.8921,-5.8545,9.5117;
33,Falling,28544823,-1.9336,-5.6104,9.5923;
33,Falling,28595823,-1.9897,-5.6909,9.5117;
33,Falling,28646823,-1.9482,-5.8057,9.4775;
33,Falling,28697823,-1.9751,-5.8179,9.3506;
33,Falling,28748823,-2.0142,-5.8740,9.3384;
33,Falling,28799823,-1.9043,-5.7642,9.4312;
33,Falling,28850823,-1.9458,-5.8447,9.4312;
33,Falling,28901823,-2.0703,-5.8057,9.4287;
33,Falling,28952823,-2.0435,-5.7324,9.4995;
33,Falling,29003823,-2.0386,-5.7861,9.5068;
33,Falling,29054823,-2.0117,-5.7886,9.3628;
33,Falling,29105823,-1.9775,-5.8228,9.3311;
33,Falling,29156823,-2.0142,-5.7739,9.3848;
33,Falling,29207823,-2.0825,-5.8374,9.3579;
33,Falling,29258823,-1.9678,-5.9351,9.3286;
33,Falling,29309823,-2.0898,-5.8105,9.2798;
33,Falling,29360823,-2.0898,-5.7104,9.4873;
33,Falling,29411823,-2.0679,-5.7251,9.2896;
33,Falling,29462823,-2.1777,-5.8252,9.4531;
33,Falling,29513823,-2.1631,-5.7593,9.3872;
33,Falling,29564823,-2.0483,-5.9155,9.3164;
33,Falling,29615823,-2.1606,-5.8789,9.2578;
33,Falling,29666823,-2.0288,-5.9106,9.3311;
33,Falling,29717823,-2.0093,-5.9595,9.2993;
33,Falling,29768823,-1.7578,-6.2524,9.6045;
33,Falling,29819823,-1.9873,-5.6104,9.1260;
33,Falling,29870823,-2.7686,-5.6445,9.2871;
33,Falling,29921823,-2.1948,-5.4639,9.4751;
33,Falling,29972823,-1.6382,-5.8936,9.5703;
33,Falling,30023823,-2.2290,-5.8447,9.3213;
33,Falling,30074823,-2.4609,-5.8740,9.1895;
33,Falling,30125823,-2.3633,-5.7227,9.3188;
33,Falling,30176823,-2.0435,-5.8960,9.5142;
33,Falling,30227823,-2.1655,-5.8496,9.3726;
33,Falling,30278823,-2.2632,-5.8032,9.3457;
33,Falling,30329823,-2.3804,-5.7104,9.4165;
33,Falling,30380823,-2.3389,-5.5933,9.4312;
33,Falling,30431823,-2.2803,-5.6055,9.4946;
33,Falling,30482823,-2.3560,-5.6812,9.3677;
33,Falling,30533823,-2.3413,-5.7544,9.3872;
33,Falling,30584823,-2.2583,-5.8130,9.3726;
33,Falling,30635823,-2.4146,-5.6787,9.3677;
33,Falling,30686823,-2.4268,-5.7031,9.3726;
33,Falling,30737823,-2.3364,-5.7544,9.4165;
33,Falling,30788823,-2.3535,-5.7031,9.4214;
33,Falling,30839823,-2.3193,-5.6714,9.4556;
33,Falling,30890823,-2.3730,-5.6543,9.4092;
33,Falling,30941823,-2.3022,-5.7031,9.3945;
33,Falling,30992823,-2.3535,-5.7251,9.3115;
33,Falling,31043823,-2.4390,-5.6738,9.3701;
33,Falling,31094823,-2.2949,-5.7959,9.2407;
33,Falling,31145823,-2.2925,-5.8447,9.2773;
33,Falling,31196823,-2.2852,-5.7275,9.3188;
33,Falling,31247823,-2.3779,-5.6763,9.4214;
33,Falling,31298823,-2.2925,-5.6885,9.4897;
33,Falling,31349823,-2.3340,-5.7300,9.4580;
33,Falling,31400823,-2.2461,-5.7495,9.3286;
33,Falling,31451823,-2.3853,-5.7690,9.3188;
33,Falling,31502823,-2.3267,-5.8008,9.3311;
33,Falling,31553823,-2.3047,-5.8643,9.2456;
33,Falling,31604823,-2.2705,-5.8154,9.3750;
33,Falling,31655823,-2.4316,-5.7715,9.1943;
33,Falling,31706823,-2.3169,-5.7324,9.2822;
33,Falling,31757823,-2.1851,-5.8179,9.4116;
33,Falling,31808823,-2.2729,-5.7739,9.2358;
33,Falling,31859823,-2.2852,-5.8203,9.2383;
33,Falling,31910823,-2.3633,-5.8032,9.2432;
33,Falling,31961823,-2.2095,-5.8130,9.3481;
33,Falling,32012823,-2.1753,-5.8398,9.3530;
33,Falling,32063823,-2.2510,-5.8423,9.2749;
33,Falling,32114823,-2.2632,-5.8374,9.2236;
33,Falling,32165823,-2.2876,-5.8301,9.2651;
33,Falling,32216823,-2.2974,-5.8423,9.3359;
33,Falling,32267823,-2.2168,-5.8569,9.3140;
33,Falling,32318823,-2.2607,-5.7007,9.3774;
33,Falling,32369823,-2.3462,-5.7837,9.1553;
33,Falling,32420823,-2.1924,-5.8496,9.2871;
33,Falling,32471823,-2.3462,-5.7617,9.3799;
33,Falling,32522823,-2.2949,-5.7129,9.3286;
33,Falling,32573823,-2.3462,-5.7593,9.3945;
33,Falling,32624823,-2.2949,-5.7251,9.3555;
33,Falling,32675823,-2.3267,-5.7812,9.4165;
33,Falling,32726823,-2.3242,-5.7910,9.3481;
33,Falling,32777823,-2.3364,-5.6787,9.3579;
33,Falling,32828823,-2.2583,-5.8301,9.3726;
33,Falling,32879823,-2.2217,-5.7739,9.3628;
33,Falling,32930823,-2.3315,-5.7568,9.4580;
33,Falling,32981823,-2.3462,-5.6348,9.3481;
33,Falling,33032823,-2.3145,-5.7324,9.3701;
33,Falling,33083823,-2.2241,-5.8667,9.2529;
33,Falling,33134823,-2.2510,-5.8618,9.3091;
33,Falling,33185823,-2.2974,-5.8765,9.2749;
33,Falling,33236823,-2.2070,-5.8252,9.3359;
33,Falling,33287823,-2.3218,-5.7446,9.4067;
33,Falling,33338823,-2.2827,-5.7983,9.2969;
33,Falling,33389823,-2.2119,-5.8789,9.3091;
33,Falling,33440823,-2.1826,-5.9033,9.2871;
33,Falling,33491823,-2.2070,-5.8667,9.3115;
33,Falling,33542823,-2.2192,-5.8398,9.2896;
33,Falling,33593823,-2.2998,-5.8276,9.3286;
33,Falling,33644823,-2.2632,-5.8716,9.2334;
33,Falling,33695823,-2.2168,-5.8984,9.3311;
33,Falling,33746823,-2.2363,-5.8521,9.3359;
33,Falling,33797823,-2.2681,-5.8032,9.3433;
33,Falling,33848823,-2.2876,-5.8618,9.1577;
33,Falling,33899823,-2.1973,-5.9155,9.2285;
33,Falling,33950823,-2.2412,-5.8911,9.2041;
33,Falling,34001823,-2.2266,-5.9766,9.2236;
33,Falling,34052823,-2.2192,-5.9082,9.2993;
33,Falling,34103823,-2.3267,-5.9888,9.1943;
33,Falling,34154823,-2.2900,-5.8301,9.2603;
33,Falling,34205823,-2.2485,-5.7617,9.3677;
33,Falling,34256823,-2.1851,-5.8203,9.4385;
33,Falling,34307823,-2.3071,-5.8276,9.3555;
33,Falling,34358823,-2.2339,-5.9106,9.2676;
33,Falling,34409823,-2.2388,-5.8789,9.1870;
33,Falling,34460823,-2.2656,-5.7739,9.3335;
33,Falling,34511823,-2.2314,-5.7349,9.3921;
33,Falling,34562823,-2.3413,-5.8228,9.3018;
33,Falling,34613823,-2.2681,-5.8203,9.2725;
33,Falling,34664823,-2.2437,-5.8374,9.2749;
33,Falling,34715823,-2.3828,-5.9253,9.2554;
33,Falling,34766823,-2.3730,-5.7422,9.2310;
33,Falling,34817823,-2.2900,-5.7812,9.3262;
33,Falling,34868823,-2.1777,-5.9619,9.2236;
33,Falling,34919823,-2.2705,-5.9888,9.1602;
33,Falling,34970823,-2.2949,-5.8643,9.2017;
33,Falling,35021823,-2.3877,-5.8643,9.2407;
33,Falling,35072823,-2.2705,-5.8374,9.2700;
33,Falling,35123823,-2.2266,-5.8545,9.3823;
33,Falling,35174823,-2.3779,-5.7397,9.2505;
33,Falling,35225823,-2.3340,-5.8716,9.2798;
33,Falling,35276823,-2.3169,-5.8618,9.3506;
33,Falling,35327823,-2.3022,-5.8813,9.2944;
33,Falling,35378823,-2.1997,-5.9375,9.2773;
33,Falling,35429823,-2.3120,-5.7349,9.2969;
33,Falling,35480823,-2.3364,-5.7349,9.4092;
33,Falling,35531823,-2.0752,-5.8911,9.3188;
33,Falling,35582823,-2.3315,-5.8716,9.2261;
33,Falling,35633823,-2.1851,-5.7910,9.3945;
33,Falling,35684823,-2.1533,-5.8643,9.3726;
33,Falling,35735823,-2.1680,-5.8154,9.3726;
33,Falling,35786823,-2.2510,-5.7959,9.2798;
33,Falling,35837823,-2.2217,-5.8472,9.3091;
33,Falling,35888823,-2.0605,-5.9277,9.3359;
33,Falling,35939823,-2.2119,-5.7593,9.3823;
33,Falling,35990823,-2.1802,-5.7544,9.3213;
33,Falling,36041823,-2.2583,-5.7568,9.3335;
33,Falling,36092823,-2.1240,-5.7935,9.4189;
33,Falling,36143823,-2.1265,-5.8545,9.4287;
33,Falling,36194823,-2.1558,-5.8447,9.3042;
33,Falling,36245823,-2.2119,-5.8301,9.2651;
33,Falling,36296823,-2.1924,-5.8569,9.2578;
33,Falling,36347823,-2.0581,-5.8252,9.3994;
33,Falling,36398823,-2.1582,-5.8545,9.3750;
33,Falling,36449823,-2.2388,-5.6909,9.4629;
33,Falling,36500823,-2.2119,-5.7739,9.4263;
33,Falling,36551823,-2.2192,-5.7935,9.3750;
33,Falling,36602823,-2.2241,-5.7300,9.4312;
33,Falling,36653823,-2.1582,-5.7764,9.3921;
33,Falling,36704823,-2.1362,-5.8032,9.3457;
33,Falling,36755823,-2.2314,-5.8398,9.3530;
33,Falling,36806823,-2.1899,-5.8521,9.3359;
33,Falling,36857823,-2.1460,-5.8252,9.3530;
33,Falling,36908823,-2.2266,-5.7495,9.3994;
33,Falling,36959823,-2.2559,-5.8472,9.4238;
33,Falling,37010823,-2.2046,-5.8398,9.3945;
33,Falling,37061823,-2.1069,-5.8398,9.3652;
33,Falling,37112823,-2.1802,-5.8447,9.3579;
33,Falling,37163823,-2.2388,-5.8862,9.2603;
33,Falling,37214823,-2.1729,-5.8765,9.2944;
33,Falling,37265823,-2.1899,-5.8618,9.2993;
33,Falling,37316823,-2.2070,-5.8472,9.2505;
33,Falling,37367821,-2.1753,-5.8765,9.3359;
33,Falling,37418823,-2.1313,-5.7983,9.3262;
33,Falling,37469823,-2.1826,-5.8325,9.2407;
33,Falling,37520823,-2.2485,-5.7568,9.4067;
33,Falling,37571823,-2.2827,-5.7349,9.2822;
33,Falling,37622823,-2.1997,-5.9180,9.2993;
33,Falling,37673823,-2.1753,-5.9131,9.3408;
33,Falling,37724823,-2.2607,-5.7739,9.3750;
33,Falling,37775823,-2.2559,-5.6787,9.2944;
33,Falling,37826823,-2.1826,-5.8105,9.3481;
33,Falling,37877823,-2.1533,-5.9814,9.3311;
33,Falling,37928823,-2.1606,-5.9229,9.2676;
33,Falling,37979823,-2.1851,-5.7666,9.3262;
33,Falling,38030823,-2.2754,-5.8032,9.3701;
33,Falling,38081823,-2.2046,-5.8691,9.2456;
33,Falling,38132823,-2.1851,-5.9937,9.2822;
33,Falling,38183823,-2.2363,-5.9888,9.2725;
33,Falling,38234823,-2.1655,-5.8350,9.2554;
33,Falling,38285823,-2.2339,-5.7690,9.3237;
33,Falling,38336823,-2.2021,-5.8887,9.3262;
33,Falling,38387823,-2.2437,-5.9692,9.3774;
33,Falling,38438823,-2.2119,-5.8521,9.3457;
33,Falling,38489823,-2.2681,-5.8545,9.2773;
33,Falling,38540823,-2.1973,-5.8008,9.3140;
33,Falling,38591823,-2.2705,-5.8789,9.2896;
33,Falling,38642823,-2.3291,-5.8716,9.1870;
33,Falling,38693823,-2.2827,-5.8252,9.3311;
33,Falling,38744823,-2.2510,-5.8472,9.3970;
33,Falling,38795823,-2.2681,-5.7837,9.2896;
33,Falling,38846823,-2.2485,-5.8154,9.2847;
33,Falling,38897823,-2.2778,-5.9058,9.3066;
33,Falling,38948823,-2.3462,-5.9302,9.2358;
33,Falling,38999823,-2.1973,-5.8081,9.1895;
33,Falling,39050823,-2.3779,-5.7812,9.3066;
33,Falling,39101823,-2.3901,-5.7568,9.3433;
33,Falling,39152823,-2.3901,-5.6885,9.4604;
33,Falling,39203823,-2.1948,-5.6055,9.6948;
33,Falling,39254823,-2.0776,-5.8691,9.4922;
33,Falling,39305823,-1.8872,-5.9497,9.2871;
33,Falling,39356823,-2.5806,-5.6323,9.1431;
33,Falling,39407823,-2.6440,-5.7471,9.2114;
33,Falling,39458823,-2.2266,-5.8984,9.1528;
33,Falling,39509823,-1.8042,-5.9717,9.5312;
33,Falling,39560823,-2.2192,-5.8105,9.4238;
33,Falling,39611823,-2.3389,-5.7495,9.3994;
33,Falling,39662823,-2.1753,-5.7275,9.2603;
33,Falling,39713823,-2.3462,-5.7568,9.2383;
33,Falling,39764823,-2.4390,-5.9741,9.1821;
33,Falling,39815823,-2.5391,-6.0425,8.8965;
33,Falling,39866823,-2.5757,-5.9326,9.0088;
33,Falling,39917823,-2.7148,-5.6055,9.1357;
33,Falling,39968823,-2.7734,-5.5347,9.3457;
33,Falling,40019823,-2.7808,-5.8179,9.2847;
33,Falling,40070823,-2.9297,-5.9448,8.8159;
33,Falling,40121823,-3.0933,-6.3818,8.6548;
33,Falling,40172823,-3.0054,-7.1484,8.2324;
33,Falling,40223823,-2.9541,-6.9531,8.0225;
33,Falling,40274823,-2.7612,-6.9629,8.2104;
33,Falling,40325823,-3.1128,-6.5674,8.3691;
33,Falling,40376823,-3.0298,-5.9058,9.0186;
33,Falling,40427823,-3.1763,-5.7666,9.0796;
33,Falling,40478823,-3.4961,-5.7031,9.3555;
33,Falling,40529823,-3.2324,-5.6079,9.3433;
33,Falling,40580833,3.1934,-8.3252,9.3042;
33,Falling,40631823,-2.5879,-5.9424,8.0322;
33,Falling,40682823,-1.9165,-6.3940,7.2534;
33,Falling,40733823,3.3081,-6.7383,5.3320;
33,Falling,40784823,-2.6978,-4.8853,13.7549;
33,Falling,40835823,0.1367,-7.0654,13.0151;
33,Falling,40886823,-1.3794,-4.2041,5.1172;
33,Falling,40937823,0.6641,-3.3643,4.0771;
33,Falling,40988823,-1.5527,-6.0693,4.8340;
33,Falling,41039823,-1.5112,-3.2715,2.7002;
33,Falling,41090823,-0.1172,-3.2642,4.0234;
33,Falling,41141823,3.3862,-7.1826,3.5156;
33,Falling,41192823,9.8267,-10.2295,6.0449;
33,Falling,41243823,0.6201,-13.7939,10.0928;
33,Falling,41294823,39.2603,24.1772,20.8325;
33,Falling,41345823,8.9697,-3.7817,29.9170;
33,Falling,41396823,8.6133,-7.1631,7.8906;
33,Falling,41447823,14.2651,-11.6357,-19.1333;
33,Falling,41498823,9.3433,14.9756,0.5298;
33,Falling,41549823,-3.4302,-10.8691,21.9824;
33,Falling,41600823,7.8442,-5.8179,1.2500;
33,Falling,41651823,6.0547,-24.4214,-9.8291;
33,Falling,41702823,4.0527,-6.3696,-6.0083;
33,Falling,41753823,3.4839,-6.2305,0.6885;
33,Falling,41804823,7.4487,-4.3335,2.7002;
33,Falling,41855823,9.0991,-7.7368,-0.5029;
33,Falling,41906823,7.6416,-7.4609,1.5308;
33,Falling,41957823,6.8604,-6.3892,-0.6470;
33,Falling,42008823,6.1011,-6.8677,-0.2808;
33,Falling,42059823,6.0132,-7.1191,-0.7739;
33,Falling,42110823,6.3501,-7.4463,-1.8042;
33,Falling,42161823,5.9009,-7.1997,-2.6099;
33,Falling,42212823,6.6528,-7.6440,-2.2339;
33,Falling,42263823,6.3208,-7.0093,-1.3843;
33,Falling,42314823,6.2891,-6.3159,-0.7788;
33,Falling,42365823,6.6968,-7.1216,-0.6909;
33,Falling,42416823,6.7114,-7.5293,-1.0864;
33,Falling,42467823,6.4453,-7.1973,-0.8398;
33,Falling,42518823,6.5649,-7.0801,-0.8252;
33,Falling,42569823,6.6187,-7.1484,-0.8691;
33,Falling,42620823,6.5405,-6.9263,-0.8521;
33,Falling,42671823,6.5308,-7.0142,-0.9546;
33,Falling,42722823,6.6138,-7.0947,-0.9302;
33,Falling,42773823,6.6089,-7.1021,-0.8838;
33,Falling,42824823,6.6309,-6.9800,-0.9570;
33,Falling,42875823,6.7236,-6.9800,-0.8179;
33,Falling,42926823,6.7139,-6.9824,-0.7910;
33,Falling,42977823,6.6528,-6.9995,-0.8105;
33,Falling,43028823,6.7065,-7.0752,-0.6641;
33,Falling,43079823,6.6968,-6.9458,-0.7349;
33,Falling,43130823,6.7505,-6.9824,-0.8496;
33,Falling,43181823,6.6821,-6.9824,-0.8008;
33,Falling,43232823,6.6895,-6.9580,-0.8105;
33,Falling,43283823,6.7114,-7.0532,-0.8594;
33,Falling,43334823,6.6455,-7.1606,-0.8398;
33,Falling,43385823,6.6479,-7.0630,-0.8569;
33,Falling,43436823,6.7676,-7.0239,-0.7202;
33,Falling,43487823,6.8335,-6.8701,-0.6323;
33,Falling,43538823,6.7847,-6.7871,-0.7080;
33,Falling,43589823,6.7944,-6.7480,-0.7373;
33,Falling,43640823,6.8799,-7.0117,-0.8398;
33,Falling,43691823,6.7700,-6.9629,-0.8252;
33,Falling,43742823,6.8823,-6.9116,-0.6812;
33,Falling,43793823,6.9434,-6.7822,-0.6201;
33,Falling,43844823,6.9141,-6.7676,-0.7153;
33,Falling,43895823,6.9043,-6.8140,-0.7690;
33,Falling,43946823,6.9556,-6.7798,-0.6836;
33,Falling,43997823,6.9800,-6.7334,-0.6226;
33,Falling,44048823,6.9287,-6.8433,-0.5176;
33,Falling,44099823,6.9312,-6.9629,-0.5005;
33,Falling,44150823,6.9800,-6.8237,-0.4370;
33,Falling,44201823,6.9702,-6.7822,-0.4810;
33,Falling,44252823,6.9531,-6.8652,-0.4224;
33,Falling,44303823,6.8652,-6.8896,-0.4785;
33,Falling,44354823,6.9360,-6.8604,-0.4028;
33,Falling,44405823,6.8823,-6.8091,-0.4370;
33,Falling,44456823,6.9360,-6.8433,-0.4102;
33,Falling,44507823,6.8872,-6.7847,-0.4150;
33,Falling,44558823,6.8921,-6.8823,-0.3467;
33,Falling,44609823,6.9482,-6.9824,-0.2661;
33,Falling,44660823,6.9434,-6.8457,-0.2954;
33,Falling,44711823,6.8799,-6.9019,-0.4077;
33,Falling,44762823,6.8457,-6.9922,-0.3931;
33,Falling,44813823,6.7871,-6.9336,-0.4126;
33,Falling,44864823,6.7944,-7.0239,-0.4541;
33,Falling,44915823,6.8164,-7.1191,-0.4248;
33,Falling,44966823,6.7358,-7.0361,-0.5762;
33,Falling,45017823,6.7261,-6.9360,-0.7324;
33,Falling,45068823,6.5454,-6.8970,-0.5371;
33,Falling,45119823,6.7676,-6.9775,-0.6958;
33,Falling,45170823,6.7261,-7.0801,-0.6177;
33,Falling,45221823,6.7285,-7.1045,-0.5151;
33,Falling,45272823,6.7090,-6.9800,-0.6055;
33,Falling,45323823,6.6699,-7.0288,-0.6348;
33,Falling,45374823,6.6675,-7.0020,-0.6958;
33,Falling,45425823,6.6602,-7.0093,-0.7642;
33,Falling,45476823,6.6895,-7.0581,-0.6201;
33,Falling,45527823,6.7163,-7.0435,-0.5396;
33,Falling,45578823,6.5723,-7.0190,-0.5908;
33,Falling,45629823,6.6406,-7.1313,-0.7227;
33,Falling,45680823,6.6064,-7.1118,-0.7935;
33,Falling,45731823,6.6968,-7.0361,-0.6982;
33,Falling,45782823,6.6357,-7.0239,-0.5322;
33,Falling,45833823,6.5967,-7.0996,-0.4395;
33,Falling,45884823,6.7114,-7.1069,-0.5542;
33,Falling,45935823,6.6821,-7.0093,-0.5518;
33,Falling,45986823,6.6821,-7.0068,-0.6934;
33,Falling,46037823,6.6382,-7.0532,-0.7227;
33,Falling,46088823,6.6650,-7.0142,-0.7764;
33,Falling,46139823,6.7065,-7.0410,-0.7520;
33,Falling,46190823,6.7456,-6.9727,-0.6592;
33,Falling,46241823,6.7236,-7.0020,-0.5176;
33,Falling,46292823,6.7822,-7.0093,-0.6250;
33,Falling,46343823,6.7017,-6.9482,-0.5591;
33,Falling,46394823,6.6968,-7.0581,-0.7349;
33,Falling,46445823,6.6650,-7.0801,-0.7593;
33,Falling,46496823,6.7017,-6.9922,-0.5835;
33,Falling,46547823,6.6968,-7.0898,-0.6079;
33,Falling,46598823,6.6870,-7.0410,-0.5688;
33,Falling,46649823,6.6479,-7.0752,-0.6567;
33,Falling,46700823,6.6260,-7.1094,-0.7031;
33,Falling,46751823,6.6577,-7.0752,-0.5981;
33,Falling,46802823,6.6821,-7.0483,-0.6543;
33,Falling,46853823,6.6431,-7.0752,-0.5078;
33,Falling,46904823,6.7505,-7.0068,-0.5054;
33,Falling,46955823,6.7578,-6.9360,-0.6592;
33,Falling,47006823,6.6699,-7.0337,-0.7935;
33,Falling,47057824,6.6553,-7.1021,-0.7349;
33,Falling,47108823,6.6943,-7.0801,-0.7202;
33,Falling,47159823,6.6333,-7.0239,-0.5664;
33,Falling,47210823,6.6943,-7.0215,-0.5298;
33,Falling,47261823,6.7139,-7.0581,-0.5688;
33,Falling,47312823,6.6113,-7.1484,-0.6104;
33,Falling,47363823,6.6138,-7.1436,-0.8008;
33,Falling,47414823,6.6821,-7.1387,-0.7300;
33,Falling,47465823,6.6626,-6.9800,-0.5835;
33,Falling,47516823,6.7432,-7.0142,-0.5469;
33,Falling,47567823,6.6675,-6.9800,-0.6665;
33,Falling,47618823,6.6553,-7.0776,-0.6470;
33,Falling,47669823,6.6797,-7.0508,-0.6616;
33,Falling,47720823,6.6406,-7.0020,-0.7324;
33,Falling,47771823,6.6016,-7.0898,-0.7178;
33,Falling,47822823,6.6138,-7.1362,-0.7520;
33,Falling,47873823,6.5918,-7.1167,-0.6030;
33,Falling,47924823,6.5918,-7.1631,-0.5811;
33,Falling,47975823,6.5112,-7.2339,-0.6836;
33,Falling,48026823,6.5015,-7.1680,-0.8228;
33,Falling,48077823,6.5479,-7.2046,-0.6885;
33,Falling,48128823,6.5283,-7.1680,-0.7251;
33,Falling,48179823,6.5674,-7.1240,-0.6177;
33,Falling,48230823,6.5088,-7.1094,-0.7227;
33,Falling,48281823,6.6748,-6.9800,-0.7764;
33,Falling,48332823,6.5674,-6.9678,-0.8765;
33,Falling,48383823,6.6846,-7.1411,-0.8594;
33,Falling,48434823,6.5918,-7.2168,-0.8203;
33,Falling,48485823,6.4062,-6.9629,-0.5151;
33,Falling,48536823,6.4722,-6.9849,-0.5933;
33,Falling,48587823,6.3843,-7.0825,-0.8936;
33,Falling,48638823,6.2231,-7.4756,-1.0181;
33,Falling,48689823,6.2598,-7.4585,-0.9888;
33,Falling,48740823,6.2231,-7.1875,-0.6616;
33,Falling,48791823,6.2329,-7.3047,-0.8618;
33,Falling,48842823,6.1157,-7.3340,-0.9814;
33,Falling,48893823,6.0254,-7.5464,-0.9253;
33,Falling,48944823,6.0425,-7.6025,-1.3354;
33,Falling,48995823,5.8179,-7.4341,-1.1938;
33,Falling,49046823,5.7397,-7.5220,-1.1743;
33,Falling,49097823,5.6641,-7.9297,-1.7090;
33,Falling,49148823,5.3491,-7.4292,-1.4136;
33,Falling,49199823,5.8325,-7.6318,-1.4893;
33,Falling,49250823,6.0840,-8.0786,-1.1792;
33,Falling,49301823,5.2490,-7.1460,-1.5283;
33,Falling,49352823,5.3320,-7.1021,-2.1997;
33,Falling,49403823,5.3638,-6.1670,-2.0337;
33,Falling,49454823,4.1772,-5.9473,-3.3789;
33,Falling,49505823,4.3750,-7.5562,-2.3755;
33,Falling,49556823,3.8354,-8.2959,-2.6318;
33,Falling,49607823,4.4409,-8.9453,-2.3145;
33,Falling,49658823,3.8623,-8.9478,-1.4038;
33,Falling,49709823,3.4424,-7.6733,-1.5674;
33,Falling,49760823,3.0664,-6.8164,-2.0410;
33,Falling,49811823,3.4131,-7.5073,-1.9775;
33,Falling,49862823,2.5537,-12.3535,-2.1851;
33,Falling,49913823,1.1523,-11.6309,-1.9336;
33,Falling,49964823,3.9087,-8.5449,-0.4858;
33,Falling,50015823,1.6309,-9.5654,-0.2124;
33,Falling,50066823,2.1240,-10.9399,-0.4028;
33,Falling,50117823,0.8887,-11.8359,-0.6299;
33,Falling,50168823,2.1191,-11.7578,0.7788;
33,Falling,50219823,2.0801,-10.6934,3.3447;
33,Falling,50270823,1.1792,-10.9741,5.0781;
33,Falling,50321823,0.4175,-10.6567,2.4463;
33,Falling,50372823,0.1782,-12.1265,3.5107;
33,Falling,50423823,-2.1704,-8.0859,1.4771;
33,Falling,50474823,-0.8032,-9.9731,3.0371;
33,Falling,50525823,3.1494,-11.1035,4.1162;
33,Falling,50576823,2.4805,-15.9717,2.6001;
33,Falling,50627823,1.5332,-9.0308,0.9497;
33,Falling,50678823,2.6221,-11.0669,2.8540;
33,Falling,50729823,3.7964,-8.7817,8.6084;
33,Falling,50780823,2.9858,-5.2637,3.3862;
33,Falling,50831823,3.2275,-7.8369,4.1138;
33,Falling,50882823,3.2129,-8.1982,5.3174;
33,Falling,50933823,1.3818,-8.1909,4.9805;
33,Falling,50984823,1.6455,-8.2544,7.1118;
33,Falling,51035823,2.4854,-8.5254,8.1616;
33,Falling,51086823,2.0557,-6.9800,8.9966;
33,Falling,51137823,1.4404,-7.0312,9.3896;
33,Falling,51188823,1.0596,-5.4468,7.6904;
33,Falling,51239823,0.8154,-5.9448,8.4741;
33,Falling,51290823,1.6992,-6.9556,10.1538;
33,Falling,51341823,-0.7373,-6.5356,8.6206;
33,Falling,51392823,-1.7163,-3.7793,7.7051;
33,Falling,51443823,0.1880,-6.6309,8.1763;
33,Falling,51494823,-0.7959,-7.5562,8.6621;
33,Falling,51545823,-0.3516,-8.4399,8.9966;
33,Falling,51596823,0.4224,-5.6445,7.9077;
33,Falling,51647823,0.7910,-5.1147,10.1660;
33,Falling,51698823,0.4663,-5.1196,9.8975;
33,Falling,51749823,-1.8457,-5.3296,9.6460;
33,Falling,51800823,-1.6016,-5.0806,9.1943;
33,Falling,51851823,-1.2524,-4.5386,9.0796;
33,Falling,51902823,-1.5356,-4.1553,8.2007;
33,Falling,51953823,-1.7236,-4.4336,8.4937;
33,Falling,52004823,4.2505,-9.7607,9.9585;
33,Falling,52055823,0.7861,-10.4248,8.0396;
33,Falling,52106823,-2.0044,-7.0312,7.8638;
33,Falling,52157823,-6.2280,-1.4551,10.7446;
33,Falling,52208823,-6.0864,1.7236,15.2319;
33,Falling,52259823,-1.4111,-5.8374,13.7329;
33,Falling,52310823,-0.7764,-7.9077,6.3892;
33,Falling,52361823,-3.3447,-6.1377,9.2334;
33,Falling,52412823,-3.7061,-5.9473,7.8027;
33,Falling,52463823,-4.1724,-6.8115,8.4473;
33,Falling,52514823,-3.6890,-5.5054,9.2529;
33,Falling,52565823,-4.0430,-5.2295,9.0845;
33,Falling,52616823,-4.1016,-4.9438,9.0918;
33,Falling,52667823,-3.4888,-4.8608,9.6948;
33,Falling,52718823,-3.1665,-5.3882,9.5630;
33,Falling,52769823,-3.5767,-5.9253,8.7817;
33,Falling,52820823,-3.8110,-5.8252,8.7109;
33,Falling,52871823,-4.0503,-5.4736,9.1968;
33,Falling,52922823,-4.1895,-5.7837,8.7891;
33,Falling,52973823,-3.5034,-5.8960,8.7622;
33,Falling,53024823,-3.5718,-5.3516,9.4165;
33,Falling,53075823,-3.8501,-5.1514,9.2163;
33,Falling,53126823,-3.5889,-5.3687,9.2285;
33,Falling,53177823,-3.2324,-5.1685,9.2871;
33,Falling,53228823,-3.4106,-5.7275,9.1357;
33,Falling,53279823,-3.7646,-5.7642,8.7769;
33,Falling,53330823,-3.6230,-5.7690,8.8501;
33,Falling,53381823,-2.9907,-5.6079,9.0503;
33,Falling,53432823,-2.8809,-5.1782,8.9429;
33,Falling,53483823,-2.8906,-4.9976,9.6118;
33,Falling,53534823,-2.2778,-4.9854,9.6655;
33,Falling,53585823,-1.7383,-5.6177,9.7339;
33,Falling,53636823,-1.2720,-6.0913,9.2896;
33,Falling,53687823,-0.8081,-6.4160,9.0674;
33,Falling,53738823,-0.6665,-5.9546,9.4751;
33,Falling,53789823,0.0024,-5.6982,9.4214;
33,Falling,53840823,0.3296,-5.9497,10.1025;
33,Falling,53891823,0.5762,-6.6357,13.0420;
33,Falling,53942823,0.8984,-6.2622,12.1118;
33,Falling,53993823,1.2207,-5.0562,9.4336;
33,Falling,54044823,-2.1851,-5.0684,5.7422;
33,Falling,54095823,-1.5430,-2.8491,8.5693;
33,Falling,54146823,-1.0742,-3.3105,9.7852;
33,Falling,54197823,-0.3076,-4.4604,9.5020;
33,Falling,54248823,1.1426,-4.8901,11.5015;
33,Falling,54299823,4.1968,-5.6323,11.7285;
33,Falling,54350823,1.0449,-9.0747,15.9448;
33,Falling,54401823,1.5381,-4.3433,8.2568;
33,Falling,54452823,-0.3442,-8.1934,8.8208;
33,Falling,54503823,-4.1284,-6.6406,6.6235;
33,Falling,54554823,-1.8335,-5.7227,8.4131;
33,Falling,54605823,0.5933,-5.7983,11.7993;
33,Falling,54656823,-2.0972,-4.0283,10.0049;
33,Falling,54707823,-2.9712,-3.4131,10.9644;
33,Falling,54758823,-1.2158,-6.3599,9.7656;
33,Falling,54809823,-0.5029,-7.8516,8.5742;
33,Falling,54860823,-3.1738,-4.5020,9.9902;
33,Falling,54911823,-2.5757,-4.1992,9.1089;
33,Falling,54962823,-3.1030,-6.0254,9.6851;
33,Falling,55013823,-1.1499,-5.7837,9.6899;
33,Falling,55064823,-2.1143,-5.0879,10.2808;
33,Falling,55115823,-2.8296,-5.2393,9.8291;
33,Falling,55166823,-2.7393,-5.1880,9.0845;
33,Falling,55217823,-3.2422,-5.7007,8.8379;
33,Falling,55268823,-3.1909,-5.5688,9.1431;
33,Falling,55319823,-2.9102,-5.2563,9.4580;
33,Falling,55370823,-2.6733,-5.1611,9.4653;
33,Falling,55421823,-2.8394,-5.4956,9.5117;
33,Falling,55472823,-2.9761,-5.1270,9.4336;
33,Falling,55523823,-2.9468,-5.1294,9.5288;
33,Falling,55574823,-2.9590,-5.4614,9.3823;
33,Falling,55625823,-2.9272,-5.5811,9.2822;
33,Falling,55676823,-2.9785,-5.2344,9.5288;
33,Falling,55727823,-3.1348,-4.9634,9.6802;
33,Falling,55778823,-3.1445,-4.9707,9.6191;
33,Falling,55829823,-3.1665,-4.9902,9.5312;
33,Falling,55880823,-2.9468,-5.0391,9.6387;
33,Falling,55931823,-2.9395,-4.9341,9.7168;
33,Falling,55982823,-2.9834,-5.0293,9.5435;
33,Falling,56033823,-3.0273,-5.2100,9.5483;
33,Falling,56084823,-2.9517,-5.2588,9.5605;
33,Falling,56135823,-2.7808,-5.1953,9.5825;
33,Falling,56186823,-2.8760,-5.0488,9.5752;
33,Falling,56237823,-3.0103,-4.9927,9.6606;
33,Falling,56288823,-2.8467,-4.8999,9.7046;
33,Falling,56339823,-2.9004,-4.8682,9.7144;
33,Falling,56390823,-2.9028,-5.0781,9.7803;
33,Falling,56441823,-2.7686,-5.0171,9.7656;
33,Falling,56492823,-2.9614,-4.9121,9.7021;
33,Falling,56543823,-2.9370,-4.8999,9.5996;
33,Falling,56594823,-2.9126,-4.9365,9.6655;
33,Falling,56645823,-2.9443,-4.7559,9.6484;
33,Falling,56696823,-2.7100,-4.7339,9.8657;
33,Falling,56747823,-2.5757,-4.9390,9.9121;
33,Falling,56798823,-2.5830,-5.1807,9.7241;
33,Falling,56849823,-2.6514,-5.3174,9.6216;
33,Falling,56900823,-2.6611,-5.2539,9.5728;
33,Falling,56951823,-2.6392,-5.0171,9.5898;
33,Falling,57002823,-2.5049,-5.0781,9.7095;
33,Falling,57053823,-2.4951,-5.1172,9.6631;
33,Falling,57104823,-2.5146,-5.1660,9.7632;
33,Falling,57155823,-2.5122,-4.9805,9.7607;
33,Falling,57206823,-2.5659,-5.0342,9.7949;
33,Falling,57257823,-2.5610,-5.0757,9.8389;
33,Falling,57308823,-2.5342,-5.0073,9.8389;
33,Falling,57359823,-2.5928,-4.9561,9.7778;
33,Falling,57410823,-2.5122,-4.9390,9.8462;
33,Falling,57461823,-2.4683,-4.9512,9.7583;
33,Falling,57512823,-2.5146,-5.0464,9.7314;
33,Falling,57563823,-2.4341,-5.0781,9.8071;
33,Falling,57614823,-2.5195,-4.9780,9.9414;
33,Falling,57665823,-2.5122,-4.9951,9.8071;
33,Falling,57716823,-2.5073,-5.0464,9.8462;
33,Falling,57767823,-2.5488,-4.9854,9.7852;
33,Falling,57818823,-2.6001,-4.9805,9.9072;
33,Falling,57869823,-2.5146,-4.9316,9.8877;
33,Falling,57920823,-2.5195,-4.9194,9.8633;
33,Falling,57971823,-2.5537,-4.9756,9.8779;
33,Falling,58022824,-2.5293,-4.9780,9.8730;
33,Falling,58073823,-2.5684,-4.9170,9.9585;
33,Falling,58124823,-2.5293,-4.9097,9.8560;
33,Falling,58175823,-2.6294,-4.9268,9.9658;
33,Falling,58226823,-2.5073,-5.0830,9.7925;
33,Falling,58277823,-2.4805,-4.9683,9.8437;
33,Falling,58328823,-2.5659,-4.9048,9.8926;
33,Falling,58379823,-2.5366,-4.9316,9.8853;
33,Falling,58430823,-2.5024,-5.1025,9.7876;
33,Falling,58481823,-2.6221,-5.1074,9.6826;
33,Falling,58532823,-2.5537,-5.0488,9.7852;
33,Falling,58583823,-2.5513,-5.0488,9.6313;
33,Falling,58634823,-2.4976,-5.0244,9.7656;
33,Falling,58685823,-2.5366,-4.9854,9.8071;
33,Falling,58736823,-2.5879,-5.0269,9.9097;
33,Falling,58787823,-2.5098,-5.0000,9.8071;
33,Falling,58838823,-2.5610,-5.0171,9.7656;
33,Falling,58889823,-2.5220,-5.1514,9.6826;
33,Falling,58940823,-2.5586,-5.1221,9.7437;
33,Falling,58991823,-2.5610,-5.0098,9.7705;
33,Falling,59042823,-2.5732,-5.0513,9.7412;
33,Falling,59093823,-2.6050,-5.1123,9.7168;
33,Falling,59144823,-2.5635,-5.1074,9.7070;
33,Falling,59195823,-2.4976,-5.0366,9.8535;
33,Falling,59246823,-2.5928,-5.0537,9.8340;
33,Falling,59297823,-2.5586,-5.0195,9.7412;
33,Falling,59348823,-2.5269,-5.1953,9.6973;
33,Falling,59399823,-2.4780,-5.2734,9.8047;
33,Falling,59450823,-2.4902,-5.1245,9.6509;
33,Falling,59501823,-2.6050,-4.9976,9.8535;
33,Falling,59552823,-2.4683,-4.8828,9.8486;
33,Falling,59603823,-2.5293,-5.1489,9.7461;
33,Falling,59654823,-2.5098,-5.2271,9.6704;
33,Falling,59705823,-2.4951,-5.1074,9.7729;
33,Falling,59756823,-2.4341,-5.1318,9.6704;
33,Falling,59807823,-2.4951,-5.2686,9.7046;
33,Falling,59858823,-2.3853,-5.3369,9.5947;
33,Falling,59909823,-2.5635,-5.1733,9.6973;
33,Falling,59960823,-2.4316,-5.1514,9.7314;
33,Falling,60011823,-2.5635,-5.1880,9.6631;
33,Falling,60062823,-2.4756,-5.2148,9.6509;
33,Falling,60113823,-2.4902,-5.2393,9.6387;
33,Falling,60164823,-2.4756,-5.2026,9.7241;
33,Falling,60215823,-2.5732,-5.2100,9.6826;
33,Falling,60266823,-2.4316,-5.2393,9.7314;
33,Falling,60317823,-2.5830,-5.1514,9.7485;
33,Falling,60368823,-2.5635,-5.1489,9.6973;
33,Falling,60419823,-2.5269,-5.1416,9.6655;
33,Falling,60470823,-2.4976,-5.2295,9.6704;
33,Falling,60521823,-2.5464,-5.1904,9.6509;
33,Falling,60572823,-2.6099,-5.2124,9.6924;
33,Falling,60623823,-2.5537,-5.2026,9.7437;
33,Falling,60674823,-2.5391,-5.1953,9.7168;
33,Falling,60725823,-2.5879,-5.2002,9.8096;
33,Falling,60776823,-2.5781,-5.1538,9.7729;
33,Falling,60827823,-2.6099,-5.2100,9.5874;
33,Falling,60878823,-2.5171,-5.1147,9.6973;
33,Falling,60929823,-2.5391,-5.1685,9.7046;
33,Falling,60980823,-2.5146,-5.0708,9.7632;
33,Falling,61031823,-2.5342,-5.1685,9.6973;
33,Falling,61082823,-2.5562,-5.0903,9.7949;
33,Falling,61133823,-2.5562,-5.2100,9.7559;
33,Falling,61184823,-2.6611,-5.0732,9.7559;
33,Falling,61235823,-2.5977,-5.0586,9.8120;
33,Falling,61286823,-2.5903,-5.0146,9.7119;
33,Falling,61337823,-2.5171,-5.1782,9.6753;
33,Falling,61388823,-2.6025,-5.2124,9.6411;
33,Falling,61439823,-2.5708,-5.0732,9.7388;
33,Falling,61490823,-2.5635,-5.1416,9.6704;
33,Falling,61541823,-2.5537,-5.0635,9.7314;
33,Falling,61592823,-2.5586,-5.0928,9.7388;
33,Falling,61643823,-2.5513,-5.1904,9.7217;
33,Falling,61694823,-2.5464,-5.1001,9.8291;
33,Falling,61745823,-2.6050,-5.0903,9.6899;
33,Falling,61796823,-2.6123,-5.1294,9.7192;
33,Falling,61847823,-2.5806,-5.1855,9.5654;
33,Falling,61898823,-2.5635,-5.0635,9.6680;
33,Falling,61949823,-2.6172,-5.0732,9.7656;
33,Falling,62000823,-2.6172,-5.1587,9.7095;
33,Falling,62051823,-2.5342,-5.2051,9.7437;
33,Falling,62102823,-2.6392,-5.1172,9.5850;
33,Falling,62153823,-2.5659,-5.1050,9.8169;
33,Falling,62204823,-2.6196,-5.0635,9.7705;
33,Falling,62255823,-2.6221,-5.2490,9.5898;