33,Falling,15369025,-2.1826,-6.1182,9.0942;
33,Falling,15429840,-2.1704,-6.1230,9.0283;
33,Falling,15480843,-2.2070,-6.1328,8.9673;
33,Falling,15531827,-2.1240,-6.1523,9.1797;
33,Falling,15582826,-2.1973,-6.0986,9.0991;
33,Falling,15633826,-2.1362,-6.1401,9.1260;
33,Falling,15684826,-2.2046,-6.0791,9.1235;
33,Falling,15735826,-2.1899,-6.1499,9.0430;
33,Falling,15786826,-2.1997,-6.1670,9.1089;
33,Falling,15837826,-2.1387,-6.1230,9.1187;
33,Falling,15888826,-2.2144,-6.1548,9.0942;
33,Falling,15939826,-2.2363,-6.1938,9.0503;
33,Falling,15990826,-2.2168,-6.0767,9.0723;
33,Falling,16041826,-2.3120,-6.1353,9.0942;
33,Falling,16092826,-2.1899,-6.0327,9.0649;
33,Falling,16143826,-2.2876,-6.0400,9.1431;
33,Falling,16194826,-2.2632,-6.0547,9.1016;
33,Falling,16245826,-2.2314,-6.0449,9.1797;
33,Falling,16296826,-2.1997,-5.9985,9.2676;
33,Falling,16347826,-2.2217,-6.0083,9.1504;
33,Falling,16398826,-2.3291,-6.0718,9.1309;
33,Falling,16449826,-2.2705,-6.0376,9.1797;
33,Falling,16500826,-2.3047,-5.9717,9.1260;
33,Falling,16551826,-2.2681,-6.0547,9.2187;
33,Falling,16602826,-2.3022,-5.9326,9.2651;
33,Falling,16653826,-2.3877,-5.9375,9.2383;
33,Falling,16704826,-2.2534,-5.9985,9.2163;
33,Falling,16755826,-2.2925,-6.0010,9.2456;
33,Falling,16806826,-2.3486,-5.9644,9.1431;
33,Falling,16857826,-2.3096,-5.9253,9.2554;
33,Falling,16908826,-2.3633,-5.9082,9.3384;
33,Falling,16959826,-2.3584,-5.8887,9.1553;
33,Falling,17010826,-2.3340,-5.9985,9.1406;
33,Falling,17061826,-2.3340,-5.9961,9.2041;
33,Falling,17112826,-2.2876,-6.0156,9.1406;
33,Falling,17163826,-2.2754,-6.0889,9.1577;
33,Falling,17214826,-2.3340,-6.0767,9.0381;
33,Falling,17265826,-2.2852,-6.1328,9.1870;
33,Falling,17316826,-2.3022,-6.0840,9.1504;
33,Falling,17367826,-2.2437,-6.1572,9.0820;
33,Falling,17418826,-2.1875,-6.1353,9.1382;
33,Falling,17469826,-2.2021,-6.1255,9.1968;
33,Falling,17520826,-2.1851,-6.0864,9.1675;
33,Falling,17571826,-2.1899,-6.0913,9.0747;
33,Falling,17622826,-2.3120,-6.1743,9.0210;
33,Falling,17673826,-2.2168,-6.2012,9.0845;
33,Falling,17724826,-2.1851,-6.0986,9.1357;
33,Falling,17775826,-2.1924,-6.0889,9.2407;
33,Falling,17826826,-2.1631,-6.1011,9.1138;
33,Falling,17877826,-2.1460,-6.1987,9.0259;
33,Falling,17928826,-2.1289,-6.1353,8.9746;
33,Falling,17979826,-2.0923,-6.2305,9.0674;
33,Falling,18030826,-2.0703,-6.1963,8.9917;
33,Falling,18081826,-2.1289,-6.2524,9.0381;
33,Falling,18132826,-2.0972,-6.2524,8.9600;
33,Falling,18183826,-2.0996,-6.1597,9.0845;
33,Falling,18234826,-2.0435,-6.1865,9.0918;
33,Falling,18285826,-2.0459,-6.2891,8.9795;
33,Falling,18336826,-2.0508,-6.3062,8.9380;
33,Falling,18387826,-2.0239,-6.1426,8.9771;
33,Falling,18438826,-2.0996,-6.2256,9.0454;
33,Falling,18489826,-2.0410,-6.2817,9.0967;
33,Falling,18540826,-2.0850,-6.3013,9.0405;
33,Falling,18591826,-2.0947,-6.2012,9.1040;
33,Falling,18642826,-2.1021,-6.2061,9.0332;
33,Falling,18693826,-2.0483,-6.2573,8.9600;
33,Falling,18744826,-2.0288,-6.2988,8.9771;
33,Falling,18795826,-2.0483,-6.2622,9.0405;
33,Falling,18846826,-2.0435,-6.3232,8.9844;
33,Falling,18897826,-2.0288,-6.3916,8.9648;
33,Falling,18948826,-2.0020,-6.3159,9.0527;
33,Falling,18999826,-2.0825,-6.3428,8.9624;
33,Falling,19050826,-2.1362,-6.2378,8.9990;
33,Falling,19101826,-1.9995,-6.3062,9.0137;
33,Falling,19152826,-2.0752,-6.2256,9.0430;
33,Falling,19203826,-2.0117,-6.2866,8.9722;
33,Falling,19254826,-2.0020,-6.2915,9.0112;
33,Falling,19305826,-2.0996,-6.3623,8.9331;
33,Falling,19356826,-1.9409,-6.3574,8.9648;
33,Falling,19407826,-2.0435,-6.2988,9.0112;
33,Falling,19458826,-2.0630,-6.2549,8.9624;
33,Falling,19509826,-2.1021,-6.2646,8.9697;
33,Falling,19560826,-2.1240,-6.2646,9.0112;
33,Falling,19611826,-2.1411,-6.2085,9.0698;
33,Falling,19662826,-2.0898,-6.3403,8.9526;
33,Falling,19713826,-2.0825,-6.3525,8.8989;
33,Falling,19764826,-1.9946,-6.4185,8.9771;
33,Falling,19815826,-1.9800,-6.2891,8.9893;
33,Falling,19866826,-2.0752,-6.3232,9.0698;
33,Falling,19917826,-2.0874,-6.2402,8.9307;
33,Falling,19968826,-2.0630,-6.2622,9.0210;
33,Falling,20019826,-2.0361,-6.2671,8.9990;
33,Falling,20070826,-2.0679,-6.2158,9.0625;
33,Falling,20121826,-2.0679,-6.2183,9.0186;
33,Falling,20172826,-2.1167,-6.2646,9.0356;
33,Falling,20223826,-2.1069,-6.2891,8.9893;
33,Falling,20274826,-2.1606,-6.1987,8.9600;
33,Falling,20325826,-2.0923,-6.1841,9.0674;
33,Falling,20376826,-2.1094,-6.1646,9.0894;
33,Falling,20427826,-2.0996,-6.2329,8.9478;
33,Falling,20478826,-2.0386,-6.2720,9.0576;
33,Falling,20529826,-2.1069,-6.1255,9.1260;
33,Falling,20580826,-2.0996,-6.1401,9.0381;
33,Falling,20631826,-2.0312,-6.2695,9.0332;
33,Falling,20682826,-1.9995,-6.2061,9.0942;
33,Falling,20733826,-2.0825,-6.2622,9.0308;
33,Falling,20784826,-1.9678,-6.1670,9.1846;
33,Falling,20835826,-2.0581,-6.2354,9.0845;
33,Falling,20886826,-2.0776,-6.2988,8.9966;
33,Falling,20937826,-2.0630,-6.2842,9.0649;
33,Falling,20988826,-2.0776,-6.2085,9.0552;
33,Falling,21039826,-2.0776,-6.2695,9.0796;
33,Falling,21090826,-2.0361,-6.3062,9.0820;
33,Falling,21141826,-2.0605,-6.2256,9.0894;
33,Falling,21192826,-2.0923,-6.2207,9.0454;
33,Falling,21243826,-2.0996,-6.2793,9.0234;
33,Falling,21294826,-2.0508,-6.2720,9.1138;
33,Falling,21345826,-2.0142,-6.2207,8.9966;
33,Falling,21396826,-2.1240,-6.2646,9.0186;
33,Falling,21447826,-2.0435,-6.2085,9.0015;
33,Falling,21498826,-2.0679,-6.2573,9.0381;
33,Falling,21549826,-2.1069,-6.2646,9.0259;
33,Falling,21600826,-2.0825,-6.2109,9.0234;
33,Falling,21651826,-2.1265,-6.1572,9.1284;
33,Falling,21702826,-2.1704,-6.2231,9.0698;
33,Falling,21753826,-2.0874,-6.2817,9.1113;
33,Falling,21804826,-2.1362,-6.2671,9.0918;
33,Falling,21855826,-2.1704,-6.2451,9.0527;
33,Falling,21906826,-2.0923,-6.2427,9.1748;
33,Falling,21957826,-2.1899,-6.2085,9.1089;
33,Falling,22008826,-2.1851,-6.1938,9.0918;
33,Falling,22059826,-2.1094,-6.2744,9.1113;
33,Falling,22110826,-2.1558,-6.1792,9.0747;
33,Falling,22161826,-2.1265,-6.2061,9.1016;
33,Falling,22212826,-2.0410,-6.1792,8.9819;
33,Falling,22263826,-2.0947,-6.2305,9.0308;
33,Falling,22314826,-2.0459,-6.1914,9.0479;
33,Falling,22365826,-2.0776,-6.2183,9.1138;
33,Falling,22416826,-2.0581,-6.2720,9.0894;
33,Falling,22467826,-2.0459,-6.2012,9.0259;
33,Falling,22518826,-2.0508,-6.1963,9.1235;
33,Falling,22569826,-2.0654,-6.2036,9.0576;
33,Falling,22620826,-1.9873,-6.2061,9.0991;
33,Falling,22671826,-2.0679,-6.2427,9.0820;
33,Falling,22722826,-2.0435,-6.2598,9.0552;
33,Falling,22773826,-2.0483,-6.2744,9.0698;
33,Falling,22824826,-2.0508,-6.3184,9.0137;
33,Falling,22875826,-2.0972,-6.3477,8.9844;
33,Falling,22926826,-2.0215,-6.3599,8.9624;
33,Falling,22977826,-2.0654,-6.3306,9.0088;
33,Falling,23028826,-2.0361,-6.3599,9.0356;
33,Falling,23079826,-2.0215,-6.3208,8.9917;
33,Falling,23130826,-2.0654,-6.3647,8.9673;
33,Falling,23181826,-2.0605,-6.2891,8.9478;
33,Falling,23232826,-2.1216,-6.2671,8.9868;
33,Falling,23283826,-2.1240,-6.2524,8.9941;
33,Falling,23334826,-2.1558,-6.2158,9.0479;
33,Falling,23385826,-2.1826,-6.2158,9.0137;
33,Falling,23436826,-2.1533,-6.2109,8.9771;
33,Falling,23487826,-2.1265,-6.2964,8.9819;
33,Falling,23538826,-2.0752,-6.2012,9.0356;
33,Falling,23589826,-2.1069,-6.1694,8.9722;
33,Falling,23640826,-2.1729,-6.2793,8.9868;
33,Falling,23691826,-2.0557,-6.2695,9.0112;
33,Falling,23742826,-2.0996,-6.1792,9.1577;
33,Falling,23793826,-2.1265,-6.1719,9.0405;
33,Falling,23844826,-2.0996,-6.2012,9.0527;
33,Falling,23895826,-2.1704,-6.2183,9.0747;
33,Falling,23946826,-2.1191,-6.2744,9.0771;
33,Falling,23997826,-2.1069,-6.2402,9.0723;
33,Falling,24048826,-2.1216,-6.1353,9.0674;
33,Falling,24099826,-2.1143,-6.2012,9.1064;
33,Falling,24150826,-2.1533,-6.1987,9.0332;
33,Falling,24201826,-2.0557,-6.2061,9.1382;
33,Falling,24252826,-2.1021,-6.1133,9.1406;
33,Falling,24303826,-2.1143,-6.1792,9.0942;
33,Falling,24354826,-2.1045,-6.2158,9.1333;
33,Falling,24405826,-2.1143,-6.2280,9.1162;
33,Falling,24456826,-2.1265,-6.2256,8.9893;
33,Falling,24507826,-2.1484,-6.1328,9.0186;
33,Falling,24558826,-2.0337,-6.1182,9.0967;
33,Falling,24609826,-2.0898,-6.2036,9.1187;
33,Falling,24660826,-2.0874,-6.2598,9.0259;
33,Falling,24711826,-2.0972,-6.3135,9.0894;
33,Falling,24762826,-2.1533,-6.2036,9.0747;
33,Falling,24813826,-2.0752,-6.1865,9.1479;
33,Falling,24864826,-2.0776,-6.2500,8.9771;
33,Falling,24915826,-2.0361,-6.3477,9.0210;
33,Falling,24966826,-1.9922,-6.3330,9.0405;
33,Falling,25017826,-2.0605,-6.1694,9.1211;
33,Falling,25068826,-2.0581,-6.1792,9.1357;
33,Falling,25119826,-2.0581,-6.2378,8.9966;
33,Falling,25170826,-1.9653,-6.3135,8.9575;
33,Falling,25221826,-2.0020,-6.2891,9.0454;
33,Falling,25272826,-2.1533,-6.2573,9.0601;
33,Falling,25323826,-2.1094,-6.2891,8.9844;
33,Falling,25374826,-2.1680,-6.2402,8.9648;
33,Falling,25425826,-2.1216,-6.2061,9.0454;
33,Falling,25476826,-2.1362,-6.2524,8.9966;
33,Falling,25527826,-2.1704,-6.1694,9.0039;
33,Falling,25578826,-2.1216,-6.2793,9.0454;
33,Falling,25629826,-2.1436,-6.3208,9.0479;
33,Falling,25680826,-2.0850,-6.2939,9.0308;
33,Falling,25731826,-2.1484,-6.2354,8.9014;
33,Falling,25782826,-2.2461,-6.2646,8.9624;
33,Falling,25833826,-2.1631,-6.2793,8.9380;
33,Falling,25884826,-2.2095,-6.2451,9.0112;
33,Falling,25935826,-2.1509,-6.2891,9.0674;
33,Falling,25986826,-2.2266,-6.2720,8.9624;
33,Falling,26037826,-2.1606,-6.1670,9.0698;
33,Falling,26088826,-2.2021,-6.2305,8.9771;
33,Falling,26139826,-2.2339,-6.2671,8.9648;
33,Falling,26190826,-2.0215,-6.3794,9.0308;
33,Falling,26241826,-2.0850,-6.3257,8.9136;
33,Falling,26292826,-2.1436,-6.1938,8.9673;
33,Falling,26343826,-2.1606,-6.2695,8.9868;
33,Falling,26394826,-2.0898,-6.3159,9.0259;
33,Falling,26445826,-2.1240,-6.2988,9.0625;
33,Falling,26496826,-2.1558,-6.2793,8.9453;
33,Falling,26547826,-2.2070,-6.2939,8.9600;
33,Falling,26598826,-2.1191,-6.3501,8.9087;
33,Falling,26649826,-2.0728,-6.3232,8.9600;
33,Falling,26700826,-2.0703,-6.2183,9.1113;
33,Falling,26751826,-2.2192,-6.3208,8.9941;
33,Falling,26802826,-2.1387,-6.3599,8.9331;
33,Falling,26853826,-2.2485,-6.2817,8.9575;
33,Falling,26904826,-2.1899,-6.1914,9.0527;
33,Falling,26955826,-2.2046,-6.1230,9.1577;
33,Falling,27006827,-2.1631,-6.3037,9.0015;
33,Falling,27057826,-2.2144,-6.2891,9.0039;
33,Falling,27108826,-2.1094,-6.2598,9.0479;
33,Falling,27159826,-2.1680,-6.1621,9.0186;
33,Falling,27210826,-2.1729,-6.1743,9.0063;
33,Falling,27261826,-2.1753,-6.2305,9.0381;
33,Falling,27312826,-2.1411,-6.2720,9.0308;
33,Falling,27363826,-2.0679,-6.2036,9.0381;
33,Falling,27414826,-2.0801,-6.2354,9.0137;
33,Falling,27465826,-2.0703,-6.2549,9.0039;
33,Falling,27516826,-2.1436,-6.2695,8.9697;
33,Falling,27567826,-2.1387,-6.2305,9.0430;
33,Falling,27618826,-2.0605,-6.2500,9.0601;
33,Falling,27669826,-2.1265,-6.1548,9.0601;
33,Falling,27720826,-2.1436,-6.2500,9.0234;
33,Falling,27771826,-2.1191,-6.3623,8.9453;
33,Falling,27822826,-2.1313,-6.2866,9.0308;
33,Falling,27873826,-2.0410,-6.2988,8.9697;
33,Falling,27924826,-2.0996,-6.2427,8.9331;
33,Falling,27975826,-2.1167,-6.4087,8.9355;
33,Falling,28026826,-2.0776,-6.3062,8.9673;
33,Falling,28077826,-2.0801,-6.2305,9.0723;
33,Falling,28128826,-2.1362,-6.2378,9.0063;
33,Falling,28179826,-2.0703,-6.3135,8.9941;
33,Falling,28230826,-2.0630,-6.2915,9.0112;
33,Falling,28281826,-2.0923,-6.2744,8.9868;
33,Falling,28332826,-2.0337,-6.2573,9.0063;
33,Falling,28383826,-2.0996,-6.2329,8.9746;
33,Falling,28434826,-2.0752,-6.3135,8.9917;
33,Falling,28485826,-2.0630,-6.3159,9.0869;
33,Falling,28536826,-2.0703,-6.2158,9.0332;
33,Falling,28587826,-2.1045,-6.2061,9.0112;
33,Falling,28638826,-2.0679,-6.3013,9.0479;
33,Falling,28689826,-2.0508,-6.2646,9.0723;
33,Falling,28740826,-2.1069,-6.2720,8.9966;
33,Falling,28791826,-2.0850,-6.3306,9.0723;
33,Falling,28842826,-2.0557,-6.2793,9.0283;
33,Falling,28893826,-2.1240,-6.3770,8.9453;
33,Falling,28944826,-2.0728,-6.3403,8.9575;
33,Falling,28995826,-2.0996,-6.2817,9.0186;
33,Falling,29046826,-2.1289,-6.2158,8.9722;
33,Falling,29097826,-2.1411,-6.3086,8.9600;
33,Falling,29148826,-2.1704,-6.3574,8.9722;
33,Falling,29199826,-2.1436,-6.3550,8.9014;
33,Falling,29250826,-2.1167,-6.3867,8.9429;
33,Falling,29301826,-2.0508,-6.4014,8.9795;
33,Falling,29352826,-2.1924,-6.3745,8.9014;
33,Falling,29403826,-2.0825,-6.2598,9.0308;
33,Falling,29454826,-2.1948,-6.3159,8.9697;
33,Falling,29505826,-2.2217,-6.2842,8.9209;
33,Falling,29556826,-2.1533,-6.3110,8.9307;
33,Falling,29607826,-2.1606,-6.3818,8.8940;
33,Falling,29658826,-2.1021,-6.4160,8.9331;
33,Falling,29709826,-2.0776,-6.4624,8.9355;
33,Falling,29760826,-2.1045,-6.2549,9.0137;
33,Falling,29811826,-2.1606,-6.2964,9.0161;
33,Falling,29862826,-2.1729,-6.3501,8.9746;
33,Falling,29913826,-2.1777,-6.3306,8.9673;
33,Falling,29964826,-2.1704,-6.3013,9.0161;
33,Falling,30015826,-2.1533,-6.3525,8.9624;
33,Falling,30066826,-2.1533,-6.3110,8.9673;
33,Falling,30117826,-2.1045,-6.3647,8.9404;
33,Falling,30168826,-2.2339,-6.2915,8.9917;
33,Falling,30219826,-2.1240,-6.2671,8.9941;
33,Falling,30270826,-2.1533,-6.2720,8.9648;
33,Falling,30321826,-2.0288,-6.4380,8.8574;
33,Falling,30372826,-2.0068,-6.3525,8.9673;
33,Falling,30423826,-2.1729,-6.3159,8.9185;
33,Falling,30474826,-2.1704,-6.2939,8.9380;
33,Falling,30525826,-2.1387,-6.3550,8.9258;
33,Falling,30576826,-2.0923,-6.3696,8.9795;
33,Falling,30627826,-2.1313,-6.3550,8.8989;
33,Falling,30678826,-2.0996,-6.3379,8.9551;
33,Falling,30729826,-2.1460,-6.2988,9.0088;
33,Falling,30780826,-2.0557,-6.4453,8.8867;
33,Falling,30831826,-2.0166,-6.3623,9.0112;
33,Falling,30882833,-2.2168,-6.2280,9.0234;
33,Falling,30933826,-2.1436,-6.2817,8.9600;
33,Falling,30984826,-2.0679,-6.3867,8.8989;
33,Falling,31035826,-2.1143,-6.3647,8.9062;
33,Falling,31086826,-2.1362,-6.2866,8.9307;
33,Falling,31137826,-2.1313,-6.3818,8.9624;
33,Falling,31188826,-2.1484,-6.1572,9.0747;
33,Falling,31239826,-2.1924,-6.2842,9.0161;
33,Falling,31290826,-2.1167,-6.4160,8.9673;
33,Falling,31341826,-2.0947,-6.3062,8.8965;
33,Falling,31392826,-2.1802,-6.3037,8.9185;
33,Falling,31443826,-2.0972,-6.3794,8.9453;
33,Falling,31494826,-2.1167,-6.3916,8.8525;
33,Falling,31545826,-2.0752,-6.3452,9.0308;
33,Falling,31596826,-2.1948,-6.2866,8.9697;
33,Falling,31647826,-2.1631,-6.3110,8.8745;
33,Falling,31698826,-2.1387,-6.3550,8.9941;
33,Falling,31749826,-2.0679,-6.3257,8.9404;
33,Falling,31800826,-2.1313,-6.2524,8.9771;
33,Falling,31851826,-2.1362,-6.2769,8.9111;
33,Falling,31902826,-2.1631,-6.3403,8.8940;
33,Falling,31953826,-2.0825,-6.3428,8.8599;
33,Falling,32004826,-2.1387,-6.3208,8.9380;
33,Falling,32055826,-2.0557,-6.3257,9.0088;
33,Falling,32106826,-2.1484,-6.2915,8.9136;
33,Falling,32157826,-2.1802,-6.4307,8.9380;
33,Falling,32208826,-2.1484,-6.2939,8.9453;
33,Falling,32259826,-2.1118,-6.2573,9.0454;
33,Falling,32310826,-2.1875,-6.3379,8.9600;
33,Falling,32361826,-2.1631,-6.3159,8.9673;
33,Falling,32412826,-2.1118,-6.3696,8.8696;
33,Falling,32463826,-2.1118,-6.3184,8.9209;
33,Falling,32514826,-2.1411,-6.2280,9.0234;
33,Falling,32565826,-2.1436,-6.3281,8.9575;
33,Falling,32616826,-2.0776,-6.2988,9.0283;
33,Falling,32667826,-2.1313,-6.2720,8.9038;
33,Falling,32718826,-2.0825,-6.2866,8.9502;
33,Falling,32769826,-2.1289,-6.3062,9.0063;
33,Falling,32820826,-2.1509,-6.3110,9.0308;
33,Falling,32871826,-2.1118,-6.3257,8.9722;
33,Falling,32922826,-2.1191,-6.3257,8.9429;
33,Falling,32973826,-2.0752,-6.3184,9.0430;
33,Falling,33024826,-2.1533,-6.3037,8.9795;
33,Falling,33075826,-2.1436,-6.3184,8.9404;
33,Falling,33126826,-2.0996,-6.3013,8.9380;
33,Falling,33177826,-2.1289,-6.3110,8.9600;
33,Falling,33228826,-2.0850,-6.3159,9.0112;
33,Falling,33279826,-2.1240,-6.3477,8.9795;
33,Falling,33330826,-2.1118,-6.3354,8.9697;
33,Falling,33381826,-2.1411,-6.3135,8.9624;
33,Falling,33432826,-2.1558,-6.3525,8.9917;
33,Falling,33483826,-2.0898,-6.3159,8.9771;
33,Falling,33534826,-2.1338,-6.3208,8.9478;
33,Falling,33585826,-2.1436,-6.3208,8.9893;
33,Falling,33636826,-2.1411,-6.3940,8.9404;
33,Falling,33687826,-2.1606,-6.3379,8.9868;
33,Falling,33738826,-2.0703,-6.3135,8.9746;
33,Falling,33789826,-2.1826,-6.4014,8.9453;
33,Falling,33840826,-2.1191,-6.2793,8.9282;
33,Falling,33891826,-2.0117,-6.3257,9.0234;
33,Falling,33942826,-2.0459,-6.2622,8.9478;
33,Falling,33993826,-2.1338,-6.3745,8.9600;
33,Falling,34044826,-2.0972,-6.3721,8.9380;
33,Falling,34095826,-2.1362,-6.3940,8.9453;
33,Falling,34146826,-2.0874,-6.4038,8.8989;
33,Falling,34197826,-2.0020,-6.3281,8.9258;
33,Falling,34248826,-2.0972,-6.3062,9.0576;
33,Falling,34299826,-2.1191,-6.2354,9.0381;
33,Falling,34350826,-2.0386,-6.4551,8.9014;
33,Falling,34401826,-2.2998,-6.2476,8.9136;
33,Falling,34452826,-2.2168,-6.2622,8.9941;
33,Falling,34503826,-2.2144,-6.2671,8.9746;
33,Falling,34554826,-2.1167,-6.5015,8.8403;
33,Falling,34605826,-2.2266,-6.3770,8.8330;
33,Falling,34656826,-2.1143,-6.3574,8.9844;
33,Falling,34707826,-1.9604,-6.1963,9.2822;
33,Falling,34758826,-1.9336,-6.0815,9.3359;
33,Falling,34809826,-2.0801,-6.0669,9.1406;
33,Falling,34860826,-2.0728,-6.2988,9.0063;
33,Falling,34911826,-2.0288,-6.3696,8.8086;
33,Falling,34962826,-2.4023,-6.3257,8.7891;
33,Falling,35013826,-2.4463,-6.3477,8.6768;
33,Falling,35064826,-2.6880,-6.4429,8.7939;
33,Falling,35115826,-2.8418,-6.5186,8.6523;
33,Falling,35166826,-3.0273,-6.6187,8.0151;
33,Falling,35217826,-3.1396,-7.0312,7.8809;
33,Falling,35268826,-2.9687,-7.0679,8.0225;
33,Falling,35319826,-2.2632,-6.8750,8.5400;
33,Falling,35370826,-2.5195,-6.9360,8.3960;
33,Falling,35421826,-2.2876,-6.9897,8.5278;
33,Falling,35472826,-2.0801,-6.6699,8.9087;
33,Falling,35523826,-1.3477,-6.9531,8.3008;
33,Falling,35574826,1.6138,-8.0713,6.0449;
33,Falling,35625826,2.7344,-6.5698,3.3789;
33,Falling,35676826,5.7886,-7.3633,12.5537;
33,Falling,35727826,-0.0391,-3.9209,11.5430;
33,Falling,35778826,-8.8525,1.8750,4.4800;
33,Falling,35829826,-9.9438,0.2051,1.1035;
33,Falling,35880826,3.5400,1.3062,1.7847;
33,Falling,35931826,0.5664,-11.5234,-2.8979;
33,Falling,35982826,-7.2778,-7.6318,11.2085;
33,Falling,36033826,-5.9863,-40.0000,-2.6733;
33,Falling,36084826,12.0239,-35.2832,17.3706;
33,Falling,36135826,27.5684,21.3574,-15.8716;
33,Falling,36186826,4.3042,4.1602,2.0581;
33,Falling,36237826,1.2427,1.4966,-4.5459;
33,Falling,36288826,4.6680,5.6934,-9.2139;
33,Falling,36339826,17.4219,-16.9653,-15.1099;
33,Falling,36390826,6.6455,-7.5439,-7.0874;
33,Falling,36441826,2.7905,-2.1436,3.2129;
33,Falling,36492826,12.0874,-5.3174,6.1084;
33,Falling,36543826,10.0024,-4.5166,-0.8643;
33,Falling,36594826,7.4634,-3.6841,0.3589;
33,Falling,36645826,7.7710,-4.3994,-1.7725;
33,Falling,36696826,8.2251,-5.8887,-2.3462;
33,Falling,36747826,7.1948,-6.3721,-2.4390;
33,Falling,36798826,7.2021,-5.2808,-3.0933;
33,Falling,36849826,7.5049,-5.3564,-2.5635;
33,Falling,36900826,7.7490,-5.2686,-2.2925;
33,Falling,36951826,8.0737,-5.1416,-1.6797;
33,Falling,37002826,7.9199,-5.4150,-0.8936;
33,Falling,37053826,8.2471,-5.0757,-0.8813;
33,Falling,37104826,8.1494,-5.4321,-1.2793;
33,Falling,37155826,7.7222,-5.1807,-1.7383;
33,Falling,37206826,7.7637,-5.1758,-2.0386;
33,Falling,37257826,7.9810,-5.3369,-1.9141;
33,Falling,37308826,7.8540,-5.2222,-1.5527;
33,Falling,37359826,7.8760,-5.1538,-1.4160;
33,Falling,37410826,8.0591,-5.1416,-1.3745;
33,Falling,37461826,8.0762,-5.2124,-1.2158;
33,Falling,37512826,8.1006,-5.1270,-1.4087;
33,Falling,37563826,8.1177,-5.0513,-1.2573;
33,Falling,37614826,8.1104,-4.9658,-1.2671;
33,Falling,37665826,8.0420,-5.0781,-1.4063;
33,Falling,37716826,8.0591,-5.0781,-1.4063;
33,Falling,37767826,8.0664,-5.0610,-1.3843;
33,Falling,37818826,8.1543,-4.9731,-1.3062;
33,Falling,37869826,8.1494,-5.0293,-1.2329;
33,Falling,37920826,8.1372,-5.0537,-1.2134;
33,Falling,37971826,8.1152,-5.0659,-1.3306;
33,Falling,38022826,8.1909,-5.0781,-1.3013;
33,Falling,38073826,8.1348,-5.0757,-1.2842;
33,Falling,38124826,8.1592,-5.0244,-1.3159;
33,Falling,38175826,8.1152,-5.1392,-1.3452;
33,Falling,38226826,8.1665,-5.1074,-1.4038;
33,Falling,38277826,8.2007,-4.9927,-1.2109;
33,Falling,38328826,8.1665,-5.0146,-1.2329;
33,Falling,38379826,8.1299,-5.0244,-1.2915;
33,Falling,38430826,8.1738,-5.1050,-1.2500;
33,Falling,38481826,8.1958,-5.0098,-1.2280;
33,Falling,38532826,8.2422,-4.8853,-1.2329;
33,Falling,38583826,8.1934,-4.9194,-1.1792;
33,Falling,38634826,8.1787,-4.9658,-1.3184;
33,Falling,38685826,8.2617,-4.9707,-1.2354;
33,Falling,38736826,8.1909,-4.9951,-1.1499;
33,Falling,38787826,8.1885,-4.9780,-1.1499;
33,Falling,38838826,8.1787,-4.9536,-1.2451;
33,Falling,38889826,8.2495,-4.9829,-1.2524;
33,Falling,38940826,8.2324,-4.9561,-1.1499;
33,Falling,38991826,8.1836,-5.0659,-1.2939;
33,Falling,39042826,8.2178,-5.0439,-1.0693;
33,Falling,39093826,8.3057,-4.9438,-1.1206;
33,Falling,39144826,8.2471,-4.9561,-1.0815;
33,Falling,39195826,8.2666,-4.9561,-1.0693;
33,Falling,39246826,8.3032,-4.8950,-1.1133;
33,Falling,39297826,8.2788,-4.7876,-1.0498;
33,Falling,39348826,8.3105,-4.8193,-1.1084;
33,Falling,39399826,8.3936,-4.7412,-1.0596;
33,Falling,39450826,8.2959,-4.8047,-1.0767;
33,Falling,39501826,8.3008,-4.8364,-1.1572;
33,Falling,39552826,8.3252,-4.7705,-1.0449;
33,Falling,39603826,8.4009,-4.8511,-1.0669;
33,Falling,39654826,8.3423,-4.8145,-1.1426;
33,Falling,39705826,8.3301,-4.9658,-1.1694;
33,Falling,39756826,8.3130,-4.8364,-1.1133;
33,Falling,39807826,8.4375,-4.8975,-1.0815;
33,Falling,39858826,8.3105,-4.8389,-1.0571;
33,Falling,39909826,8.4351,-4.7314,-0.9619;
33,Falling,39960826,8.4033,-4.6289,-0.9570;
33,Falling,40011826,8.3301,-4.7485,-1.1694;
33,Falling,40062826,8.3984,-4.8169,-1.0913;
33,Falling,40113826,8.3276,-4.7803,-1.1377;
33,Falling,40164826,8.3594,-4.8071,-1.0620;
33,Falling,40215826,8.3569,-4.7412,-1.0815;
33,Falling,40266826,8.4058,-4.8145,-1.0303;
33,Falling,40317826,8.4082,-4.9365,-0.9595;
33,Falling,40368826,8.3618,-4.8999,-0.9180;
33,Falling,40419826,8.3057,-4.9121,-1.0815;
33,Falling,40470826,8.3545,-4.8950,-0.9424;
33,Falling,40521826,8.3545,-4.8535,-0.9253;
33,Falling,40572826,8.3423,-4.8169,-0.9888;
33,Falling,40623826,8.3862,-4.8022,-0.9302;
33,Falling,40674826,8.2764,-4.8364,-1.0034;
33,Falling,40725826,8.3154,-4.8315,-1.0986;
33,Falling,40776826,8.3325,-4.7852,-1.1035;
33,Falling,40827826,8.3643,-4.7998,-1.0693;
33,Falling,40878826,8.3276,-4.8096,-1.0693;
33,Falling,40929826,8.3398,-4.8315,-1.0547;
33,Falling,40980826,8.3887,-4.9121,-1.0107;
33,Falling,41031826,8.4009,-4.8340,-1.0010;
33,Falling,41082826,8.3301,-4.8535,-1.0449;
33,Falling,41133826,8.3032,-4.8633,-0.9644;
33,Falling,41184826,8.3691,-4.7827,-0.9619;
33,Falling,41235826,8.2910,-4.8682,-0.9961;
33,Falling,41286826,8.3618,-4.8755,-1.0376;
33,Falling,41337826,8.3203,-4.8511,-1.0425;
33,Falling,41388826,8.3398,-4.8340,-1.0791;
33,Falling,41439826,8.3496,-4.8828,-1.0620;
33,Falling,41490826,8.3618,-4.8218,-1.0010;
33,Falling,41541826,8.3472,-4.8535,-0.9863;
33,Falling,41592826,8.3691,-4.8096,-1.0303;
33,Falling,41643826,8.3057,-4.8145,-1.0620;
33,Falling,41694826,8.3447,-4.8486,-1.0303;
33,Falling,41745826,8.3398,-4.8413,-1.0815;
33,Falling,41796826,8.3105,-4.8437,-0.9229;
33,Falling,41847826,8.3350,-4.8560,-1.0229;
33,Falling,41898826,8.3569,-4.7974,-1.0645;
33,Falling,41949826,8.3643,-4.8560,-1.0596;
33,Falling,42000826,8.3325,-4.8267,-0.9937;
33,Falling,42051826,8.3594,-4.8535,-1.0229;
33,Falling,42102826,8.3789,-4.8364,-0.9668;
33,Falling,42153826,8.4009,-4.8389,-0.9448;
33,Falling,42204826,8.3984,-4.8608,-0.9985;
33,Falling,42255826,8.3569,-4.8657,-0.9937;
33,Falling,42306826,8.3350,-4.7949,-0.9790;
33,Falling,42357826,8.3203,-4.8511,-0.9717;
33,Falling,42408826,8.3618,-4.8804,-1.0449;
33,Falling,42459826,8.3911,-4.8633,-0.9888;
33,Falling,42510826,8.3887,-4.8169,-1.0547;
33,Falling,42561826,8.3325,-4.7754,-0.9888;
33,Falling,42612826,8.3618,-4.8291,-1.0596;
33,Falling,42663826,8.3423,-4.8096,-1.0547;
33,Falling,42714826,8.3716,-4.8633,-1.0376;
33,Falling,42765826,8.4180,-4.8389,-1.0010;
33,Falling,42816826,8.3496,-4.8291,-1.0498;
33,Falling,42867826,8.3350,-4.8462,-1.0303;
33,Falling,42918826,8.3765,-4.7217,-0.9912;
33,Falling,42969826,8.3740,-4.8779,-1.0059;
33,Falling,43020826,8.2983,-4.8145,-1.0181;
33,Falling,43071826,8.3374,-4.8633,-1.0547;
33,Falling,43122826,8.3984,-4.8193,-0.9937;
33,Falling,43173826,8.3691,-4.8169,-1.0498;
33,Falling,43224826,8.4180,-4.8267,-0.9668;
33,Falling,43275826,8.3008,-4.8340,-0.9595;
33,Falling,43326826,8.3447,-4.8511,-1.0156;
33,Falling,43377826,8.3301,-4.7974,-1.0522;
33,Falling,43428826,8.3618,-4.8511,-1.0010;
33,Falling,43479826,8.3887,-4.8193,-0.9814;
33,Falling,43530826,8.3374,-4.7900,-1.0132;
33,Falling,43581826,8.3594,-4.8340,-0.9668;
33,Falling,43632826,8.3716,-4.7632,-0.9863;
33,Falling,43683826,8.4106,-4.8389,-0.9399;
33,Falling,43734826,8.3228,-4.7778,-1.0229;
33,Falling,43785826,8.4106,-4.8169,-0.9937;
33,Falling,43836826,8.3618,-4.8291,-0.9668;
33,Falling,43887826,8.4204,-4.8120,-0.8789;
33,Falling,43938826,8.3618,-4.8242,-0.9814;
33,Falling,43989826,8.3960,-4.7559,-0.9399;
33,Falling,44040826,8.4131,-4.7925,-0.9741;
33,Falling,44091826,8.3618,-4.7974,-1.0034;
33,Falling,44142826,8.3594,-4.8486,-1.0132;
33,Falling,44193826,8.4521,-4.8071,-0.9546;
33,Falling,44244826,8.3521,-4.7192,-0.9644;
33,Falling,44295826,8.3960,-4.8560,-0.9570;
33,Falling,44346826,8.4351,-4.7852,-1.0059;
33,Falling,44397826,8.3252,-4.8340,-0.9937;
33,Falling,44448826,8.3838,-4.8120,-0.8911;
33,Falling,44499826,8.3887,-4.8975,-0.8740;
33,Falling,44550826,8.4229,-4.8486,-1.0034;
33,Falling,44601826,8.3643,-4.8169,-1.0449;
33,Falling,44652826,8.3765,-4.7925,-0.9741;
33,Falling,44703826,8.3813,-4.7803,-0.9497;
33,Falling,44754826,8.4058,-4.8096,-0.9302;
33,Falling,44805826,8.3691,-4.7998,-1.0034;
33,Falling,44856826,8.3911,-4.7998,-0.9448;
33,Falling,44907826,8.3765,-4.8413,-1.0498;
33,Falling,44958826,8.3594,-4.8364,-1.0132;
33,Falling,45009826,8.3911,-4.8047,-0.9961;
33,Falling,45060826,8.3252,-4.7949,-1.0449;
33,Falling,45111826,8.3838,-4.8877,-0.9351;
33,Falling,45162826,8.4155,-4.8657,-1.0181;
33,Falling,45213826,8.4106,-4.8315,-1.0303;
33,Falling,45264826,8.4033,-4.7583,-0.9448;
33,Falling,45315826,8.3887,-4.8169,-0.9644;
33,Falling,45366826,8.3276,-4.7778,-0.9644;
33,Falling,45417826,8.4277,-4.8267,-0.9985;
33,Falling,45468826,8.4570,-4.8462,-1.0645;
33,Falling,45519826,8.3545,-4.7949,-0.9937;
33,Falling,45570826,8.3545,-4.7949,-1.0474;
33,Falling,45621826,8.3374,-4.8193,-1.0229;
33,Falling,45672826,8.3594,-4.8389,-0.9058;
33,Falling,45723826,8.3643,-4.7949,-1.0498;
33,Falling,45774826,8.3984,-4.8486,-0.9912;
33,Falling,45825826,8.3936,-4.7437,-0.9424;
33,Falling,45876826,8.3960,-4.7900,-1.0034;
33,Falling,45927826,8.3325,-4.7998,-0.9009;
33,Falling,45978826,8.3789,-4.8169,-0.9619;
33,Falling,46029826,8.3740,-4.8779,-0.9644;
33,Falling,46080826,8.3521,-4.8340,-1.0474;
33,Falling,46131826,8.3643,-4.8779,-1.0376;
33,Falling,46182826,8.3911,-4.8340,-0.9106;
33,Falling,46233826,8.3472,-4.8022,-0.8862;
33,Falling,46284826,8.3398,-4.7754,-1.0107;
33,Falling,46335826,8.4204,-4.8437,-1.0034;
33,Falling,46386826,8.4326,-4.7852,-0.9180;
33,Falling,46437826,8.4033,-4.8608,-0.9570;
33,Falling,46488826,8.3862,-4.7998,-0.8911;
33,Falling,46539826,8.3765,-4.8389,-1.0205;
33,Falling,46590826,8.3057,-4.8437,-0.8887;
33,Falling,46641826,8.3716,-4.7998,-0.8984;
33,Falling,46692826,8.3716,-4.7949,-0.8887;
33,Falling,46743826,8.3765,-4.8730,-1.0229;
33,Falling,46794826,8.4814,-4.7705,-0.9473;
33,Falling,46845826,8.3838,-4.8267,-1.0205;
33,Falling,46896826,8.3057,-4.8462,-0.9448;
33,Falling,46947826,8.3936,-4.8218,-1.0083;
33,Falling,46998826,8.3569,-4.8047,-1.0156;
33,Falling,47049826,8.3813,-4.7778,-1.0107;
33,Falling,47100826,8.3643,-4.8120,-0.9497;
33,Falling,47151826,8.3423,-4.7998,-1.0352;
33,Falling,47202826,8.3398,-4.8633,-1.0376;
33,Falling,47253826,8.3252,-4.7607,-0.9375;
33,Falling,47304826,8.2886,-4.7754,-0.9766;
33,Falling,47355826,8.3667,-4.7998,-0.9546;
33,Falling,47406826,8.4131,-4.8169,-1.0571;
33,Falling,47457826,8.3496,-4.7974,-0.9839;
33,Falling,47508826,8.3936,-4.8584,-1.0010;
33,Falling,47559826,8.3936,-4.7754,-0.9326;
33,Falling,47610826,8.4326,-4.8437,-0.9351;
33,Falling,47661826,8.3789,-4.7803,-0.9888;
33,Falling,47712826,8.3960,-4.8535,-0.9961;
33,Falling,47763826,8.3813,-4.7778,-0.9302;
33,Falling,47814826,8.4253,-4.8389,-0.9717;
33,Falling,47865826,8.3911,-4.8096,-0.9155;
33,Falling,47916826,8.3984,-4.7998,-1.0010;
33,Falling,47967826,8.3716,-4.8267,-1.0596;
33,Falling,48018826,8.3716,-4.8267,-0.9766;
33,Falling,48069826,8.3789,-4.8047,-0.9424;
33,Falling,48120826,8.3887,-4.8071,-0.9790;
33,Falling,48171826,8.3862,-4.7583,-0.8960;
33,Falling,48222826,8.3887,-4.7583,-0.9229;
33,Falling,48273826,8.4229,-4.8364,-1.0107;
33,Falling,48324826,8.4326,-4.7900,-0.9106;
33,Falling,48375826,8.3813,-4.7681,-0.9570;
33,Falling,48426826,8.3984,-4.8193,-0.9326;
33,Falling,48477826,8.3911,-4.7949,-1.0034;
33,Falling,48528826,8.4277,-4.7900,-0.9888;
33,Falling,48579826,8.3716,-4.8193,-0.9644;
33,Falling,48630826,8.3594,-4.8779,-0.9473;
33,Falling,48681826,8.4009,-4.8267,-0.9595;
33,Falling,48732826,8.3521,-4.8071,-0.9204;
33,Falling,48783826,8.3691,-4.8120,-1.0181;
33,Falling,48834826,8.3667,-4.8511,-0.9814;
33,Falling,48885826,8.3765,-4.7681,-0.8789;
33,Falling,48936826,8.4204,-4.8120,-0.9985;
33,Falling,48987826,8.4155,-4.7803,-0.9082;
33,Falling,49038826,8.4082,-4.8169,-0.9229;
33,Falling,49089826,8.3911,-4.8389,-0.9839;
33,Falling,49140826,8.4302,-4.8486,-1.0596;
33,Falling,49191826,8.3838,-4.8022,-0.9399;
33,Falling,49242826,8.3374,-4.8340,-0.9668;
33,Falling,49293826,8.3887,-4.8560,-0.9790;
33,Falling,49344826,8.4033,-4.7949,-1.0156;
33,Falling,49395826,8.3545,-4.8096,-0.9888;
33,Falling,49446826,8.4180,-4.7827,-0.9668;
33,Falling,49497826,8.3813,-4.8389,-0.9424;
33,Falling,49548826,8.3569,-4.7705,-1.0352;
33,Falling,49599826,8.4106,-4.8779,-0.8618;
33,Falling,49650826,8.4033,-4.7607,-0.9180;
33,Falling,49701826,8.4131,-4.8657,-1.0376;
33,Falling,49752826,8.3813,-4.8413,-0.9766;
33,Falling,49803826,8.3594,-4.7461,-0.9961;
33,Falling,49854826,8.3691,-4.8608,-0.9155;
33,Falling,49905826,8.3984,-4.7974,-0.9570;
33,Falling,49956826,8.3691,-4.7778,-1.0645;
33,Falling,50007826,8.3398,-4.8218,-0.9814;
33,Falling,50058826,8.4253,-4.8022,-0.9937;
33,Falling,50109826,8.4155,-4.7827,-0.9741;
33,Falling,50160826,8.3398,-4.8730,-0.9253;
33,Falling,50211826,8.3618,-4.8315,-0.9863;
33,Falling,50262826,8.3911,-4.8486,-1.0059;
33,Falling,50313826,8.3887,-4.7949,-0.9912;
33,Falling,50364826,8.3789,-4.8340,-1.0645;
33,Falling,50415826,8.3960,-4.8340,-0.9326;
33,Falling,50466826,8.3936,-4.8389,-0.9570;
33,Falling,50517826,8.3960,-4.8169,-0.9473;
33,Falling,50568826,8.3179,-4.8169,-1.0425;
33,Falling,50619826,8.3911,-4.8193,-0.9277;
33,Falling,50670826,8.4009,-4.7729,-0.9790;
33,Falling,50721826,8.3716,-4.8315,-0.9473;
33,Falling,50772826,8.4204,-4.7607,-0.8789;
33,Falling,50823826,8.3960,-4.8047,-1.0059;
33,Falling,50874826,8.4204,-4.7974,-0.9546;
33,Falling,50925839,8.3691,-4.8560,-0.9644;
33,Falling,50976826,8.3594,-4.8022,-1.0132;
33,Falling,51027826,8.3887,-4.8120,-0.9131;
33,Falling,51078826,8.4131,-4.7998,-0.9595;
33,Falling,51129826,8.4033,-4.7485,-0.9644;
33,Falling,51180826,8.3789,-4.8779,-0.9399;
33,Falling,51231826,8.3325,-4.8511,-0.9619;
33,Falling,51282826,8.3838,-4.8462,-0.9961;
33,Falling,51333826,8.3398,-4.8389,-0.9790;
33,Falling,51384826,8.4082,-4.8120,-1.0132;
33,Falling,51435826,8.3521,-4.8389,-1.0376;
33,Falling,51486826,8.3594,-4.8267,-0.9644;
33,Falling,51537826,8.3569,-4.8315,-0.9497;
33,Falling,51588826,8.3911,-4.7900,-0.9692;
33,Falling,51639826,8.3691,-4.8413,-1.0010;
33,Falling,51690826,8.3374,-4.7827,-0.9668;
33,Falling,51741826,8.4253,-4.7827,-0.9839;
33,Falling,51792826,8.4058,-4.8340,-0.9302;
33,Falling,51843826,8.3716,-4.8560,-0.9229;
33,Falling,51894826,8.4131,-4.7827,-1.0327;
33,Falling,51945826,8.3789,-4.8364,-0.9912;
33,Falling,51996826,8.4375,-4.8389,-0.9937;
33,Falling,52047826,8.4375,-4.8315,-0.8936;
33,Falling,52098826,8.4424,-4.7998,-0.9497;
33,Falling,52149826,8.3472,-4.8486,-0.9497;
33,Falling,52200826,8.3716,-4.8022,-0.9497;
33,Falling,52251826,8.3521,-4.8022,-0.9570;
33,Falling,52302826,8.4668,-4.8169,-0.9741;
33,Falling,52353826,8.4229,-4.8340,-0.9351;
33,Falling,52404826,8.3765,-4.7974,-1.0156;
33,Falling,52455826,8.4106,-4.7876,-0.9888;
33,Falling,52506826,8.3301,-4.8706,-0.9839;
33,Falling,52557826,8.4351,-4.7949,-0.9521;
33,Falling,52608826,8.4180,-4.8120,-0.9644;
33,Falling,52659826,8.3667,-4.7681,-0.9155;
33,Falling,52710826,8.4180,-4.7949,-1.0205;
33,Falling,52761826,8.4106,-4.8437,-1.0156;
33,Falling,52812826,8.3765,-4.8511,-0.9619;
33,Falling,52863826,8.4204,-4.8169,-0.9888;
33,Falling,52914826,8.3838,-4.7461,-0.9326;
33,Falling,52965826,8.3740,-4.8340,-0.8911;
33,Falling,53016826,8.3838,-4.8169,-1.0156;
33,Falling,53067826,8.3667,-4.8389,-0.9814;
33,Falling,53118826,8.3813,-4.7949,-0.9033;
33,Falling,53169826,8.4204,-4.8315,-0.9106;
33,Falling,53220826,8.3691,-4.7534,-0.9595;
33,Falling,53271826,8.3911,-4.8389,-0.9399;
33,Falling,53322826,8.3423,-4.8242,-1.0010;
33,Falling,53373826,8.4351,-4.7998,-1.0327;
33,Falling,53424826,8.3691,-4.7949,-0.9961;
33,Falling,53475826,8.4058,-4.8389,-0.8936;
33,Falling,53526826,8.3398,-4.8218,-0.9424;
33,Falling,53577826,8.4204,-4.7754,-0.9912;
33,Falling,53628826,8.4253,-4.7778,-0.9741;
33,Falling,53679826,8.3569,-4.8633,-0.8838;
33,Falling,53730826,8.3667,-4.7998,-1.0864;
33,Falling,53781826,8.4326,-4.7876,-0.9155;
33,Falling,53832826,8.3350,-4.7729,-1.0303;
33,Falling,53883826,8.4546,-4.7876,-0.8521;
33,Falling,53934826,8.3936,-4.7974,-0.9937;
33,Falling,53985826,8.3252,-4.7266,-1.0205;
33,Falling,54036826,8.4497,-4.8462,-0.9668;
33,Falling,54087826,8.3789,-4.7827,-0.9814;
33,Falling,54138826,8.3960,-4.8950,-0.9155;
33,Falling,54189826,8.3301,-4.8267,-0.9326;
33,Falling,54240826,8.4082,-4.7949,-0.9937;
33,Falling,54291826,8.3813,-4.7754,-0.9131;
33,Falling,54342826,8.3667,-4.7876,-0.9619;
33,Falling,54393826,8.3813,-4.8071,-1.0107;
33,Falling,54444826,8.4253,-4.8267,-0.8984;
33,Falling,54495826,8.3765,-4.8169,-1.0107;
33,Falling,54546826,8.4253,-4.7705,-0.9497;
33,Falling,54597826,8.3887,-4.7583,-0.9180;
33,Falling,54648826,8.3765,-4.8145,-0.9741;
33,Falling,54699826,8.3618,-4.8682,-0.9448;
33,Falling,54750826,8.3691,-4.8242,-0.9448;
33,Falling,54801818,8.3862,-4.8706,-0.9790;
33,Falling,54852826,8.3960,-4.8242,-0.9570;
33,Falling,54903826,8.3887,-4.8413,-1.0010;
33,Falling,54954826,8.3740,-4.8120,-1.0474;
33,Falling,55005826,8.3667,-4.8047,-0.9717;
33,Falling,55056826,8.4033,-4.8096,-0.9766;
33,Falling,55107826,8.3984,-4.7998,-0.9521;
33,Falling,55158826,8.4106,-4.8413,-0.9033;
33,Falling,55209826,8.4155,-4.8120,-0.9570;
33,Falling,55260826,8.3911,-4.7632,-1.0107;
33,Falling,55311826,8.4033,-4.8047,-1.0181;
33,Falling,55362826,8.4131,-4.8486,-1.0352;
33,Falling,55413826,8.4302,-4.8242,-0.9692;
33,Falling,55464826,8.3032,-4.8022,-1.0010;
33,Falling,55515826,8.4277,-4.8340,-0.9790;
33,Falling,55566826,8.3887,-4.7729,-0.9155;
33,Falling,55617826,8.3276,-4.8145,-1.0571;
33,Falling,55668826,8.4082,-4.8315,-0.8960;
33,Falling,55719826,8.3960,-4.7998,-1.0474;
33,Falling,55770826,8.3545,-4.8657,-0.9399;
33,Falling,55821826,8.3179,-4.7876,-0.9375;
33,Falling,55872826,8.3496,-4.7974,-0.9717;
33,Falling,55923826,8.3813,-4.7778,-0.9595;
33,Falling,55974826,8.4106,-4.8364,-1.0303;
33,Falling,56025826,8.4351,-4.8291,-0.9570;
33,Falling,56076826,8.4009,-4.8901,-0.9106;
33,Falling,56127826,8.3643,-4.7510,-0.9619;
33,Falling,56178826,8.3765,-4.8218,-1.0107;
33,Falling,56229826,8.3838,-4.8486,-0.8740;
33,Falling,56280826,8.3472,-4.8560,-1.0327;
33,Falling,56331826,8.3789,-4.8315,-1.0010;
33,Falling,56382826,8.3203,-4.7949,-0.8911;
33,Falling,56433826,8.4570,-4.8096,-0.9863;
33,Falling,56484826,8.4351,-4.7241,-0.9912;
33,Falling,56535826,8.4253,-4.7778,-0.9912;
33,Falling,56586826,8.3472,-4.7583,-1.0303;
33,Falling,56637826,8.3740,-4.7998,-0.9912;
33,Falling,56688826,8.3984,-4.8340,-0.9253;
33,Falling,56739826,8.3545,-4.8560,-1.0107;
33,Falling,56790826,8.3691,-4.8193,-0.9619;
33,Falling,56841826,8.3765,-4.7778,-0.9570;
33,Falling,56892826,8.3545,-4.8657,-0.9595;
33,Falling,56943826,8.3789,-4.8511,-0.9521;
33,Falling,56994826,8.3569,-4.8535,-1.0010;
33,Falling,57045826,8.3984,-4.7778,-0.9888;
33,Falling,57096826,8.3618,-4.7705,-0.9863;
33,Falling,57147826,8.4302,-4.8291,-1.0498;
33,Falling,57198826,8.4033,-4.8315,-0.9961;
33,Falling,57249826,8.3936,-4.8389,-1.0669;
33,Falling,57300826,8.3984,-4.7925,-1.0522;
33,Falling,57351826,8.3496,-4.8364,-0.9424;
33,Falling,57402826,8.4180,-4.8340,-0.8984;
33,Falling,57453826,8.4155,-4.7778,-1.0181;
33,Falling,57504826,8.3936,-4.8389,-0.9180;
33,Falling,57555826,8.3936,-4.8022,-0.9082;
33,Falling,57606826,8.3423,-4.8389,-0.9595;
33,Falling,57657826,8.4302,-4.7681,-0.9229;
33,Falling,57708826,8.3765,-4.8242,-0.9399;
33,Falling,57759826,8.3691,-4.8218,-0.9790;
33,Falling,57810826,8.3765,-4.7339,-1.0278;
33,Falling,57861826,8.3813,-4.7803,-0.9131;
33,Falling,57912826,8.4497,-4.8169,-0.9961;
33,Falling,57963826,8.3398,-4.7925,-0.9351;
33,Falling,58014826,8.4180,-4.8389,-0.9692;
33,Falling,58065826,8.4106,-4.8071,-0.9766;
33,Falling,58116826,8.3984,-4.8022,-0.9155;
33,Falling,58167826,8.3350,-4.7925,-1.0156;
33,Falling,58218826,8.4204,-4.8169,-0.9033;
33,Falling,58269826,8.3862,-4.7705,-0.9424;
