33,Falling,30289398,-2.0459,-6.0229,9.1919;
33,Falling,30350833,-1.9775,-6.0889,9.1968;
33,Falling,30401837,-1.9653,-6.0522,9.2993;
33,Falling,30452820,-2.0361,-6.0278,9.2187;
33,Falling,30503819,-2.0312,-6.0669,9.1675;
33,Falling,30554819,-1.9873,-6.0791,9.1528;
33,Falling,30605819,-1.9775,-6.0815,9.2651;
33,Falling,30656819,-2.0117,-5.9863,9.2993;
33,Falling,30707819,-1.9019,-6.0425,9.2065;
33,Falling,30758819,-1.9775,-6.0547,9.2065;
33,Falling,30809819,-1.9824,-5.9863,9.1870;
33,Falling,30860819,-2.0483,-6.0205,9.2041;
33,Falling,30911819,-2.0776,-6.0132,9.2090;
33,Falling,30962819,-2.0557,-6.0815,9.2651;
33,Falling,31013819,-2.0117,-6.1450,9.2310;
33,Falling,31064819,-2.0581,-6.0449,9.2236;
33,Falling,31115819,-2.0801,-5.9985,9.2041;
33,Falling,31166819,-2.2095,-5.9546,9.1602;
33,Falling,31217819,-1.9922,-5.9863,9.3018;
33,Falling,31268819,-2.0068,-5.9546,9.2847;
33,Falling,31319819,-2.1533,-5.9985,9.2163;
33,Falling,31370819,-2.0874,-5.9326,9.2773;
33,Falling,31421819,-2.1240,-5.9888,9.2603;
33,Falling,31472819,-2.0581,-6.0278,9.3262;
33,Falling,31523819,-1.9336,-5.9570,9.3408;
33,Falling,31574819,-2.1680,-5.9448,9.3018;
33,Falling,31625819,-2.2412,-5.9229,9.2383;
33,Falling,31676819,-2.1069,-5.9351,9.2090;
33,Falling,31727819,-2.0923,-5.9692,9.3140;
33,Falling,31778819,-2.1655,-5.8887,9.3823;
33,Falling,31829819,-2.1216,-5.9082,9.3311;
33,Falling,31880819,-2.1606,-5.9229,9.2944;
33,Falling,31931819,-2.1729,-5.9473,9.2505;
33,Falling,31982819,-2.1436,-5.8740,9.3359;
33,Falling,32033819,-2.1216,-5.8350,9.4189;
33,Falling,32084819,-2.1826,-5.8618,9.3359;
33,Falling,32135819,-2.0850,-5.7495,9.4604;
33,Falling,32186820,-2.0703,-5.8276,9.3286;
33,Falling,32237819,-2.1558,-5.8765,9.3262;
33,Falling,32288819,-2.1924,-5.9424,9.2725;
33,Falling,32339819,-2.0728,-5.8667,9.4653;
33,Falling,32390819,-2.1362,-5.8716,9.3384;
33,Falling,32441819,-2.1533,-5.8765,9.4043;
33,Falling,32492819,-2.0361,-5.8960,9.3359;
33,Falling,32543819,-2.0898,-5.7935,9.2822;
33,Falling,32594819,-2.2119,-5.8008,9.3237;
33,Falling,32645819,-2.1484,-5.8813,9.3457;
33,Falling,32696819,-2.0972,-5.9058,9.3311;
33,Falling,32747819,-2.1606,-5.8301,9.3042;
33,Falling,32798819,-2.0898,-5.7886,9.3018;
33,Falling,32849819,-2.1606,-5.7910,9.3750;
33,Falling,32900819,-2.1313,-5.8813,9.3506;
33,Falling,32951819,-2.1216,-5.8716,9.4214;
33,Falling,33002819,-2.1387,-5.7959,9.3286;
33,Falling,33053819,-2.2314,-5.8276,9.3457;
33,Falling,33104819,-2.0630,-5.8984,9.4287;
33,Falling,33155819,-2.1899,-5.8008,9.3750;
33,Falling,33206819,-2.1777,-5.8545,9.2749;
33,Falling,33257819,-2.1191,-5.7520,9.4165;
33,Falling,33308819,-2.0972,-5.8374,9.3140;
33,Falling,33359819,-2.0703,-5.8545,9.2847;
33,Falling,33410819,-2.2046,-5.8691,9.3750;
33,Falling,33461819,-2.1118,-5.8057,9.4214;
33,Falling,33512819,-2.1362,-5.7812,9.3799;
33,Falling,33563819,-2.1338,-5.8911,9.3164;
33,Falling,33614819,-2.0239,-5.8350,9.3237;
33,Falling,33665819,-2.1265,-5.8325,9.3799;
33,Falling,33716819,-2.1411,-5.8154,9.3286;
33,Falling,33767819,-2.1631,-5.7837,9.3433;
33,Falling,33818819,-2.1045,-5.9082,9.2773;
33,Falling,33869819,-2.1265,-5.8154,9.3115;
33,Falling,33920819,-2.1118,-5.7544,9.3555;
33,Falling,33971819,-2.1191,-5.8618,9.2993;
33,Falling,34022819,-2.0996,-5.8130,9.3286;
33,Falling,34073819,-2.1533,-5.8643,9.2944;
33,Falling,34124819,-2.1338,-5.8203,9.3408;
33,Falling,34175819,-2.0874,-5.8374,9.3994;
33,Falling,34226819,-2.1191,-5.8179,9.4214;
33,Falling,34277819,-2.0557,-5.7788,9.3823;
33,Falling,34328819,-2.1460,-5.8350,9.2969;
33,Falling,34379819,-2.0068,-5.8203,9.4653;
33,Falling,34430819,-2.0996,-5.8057,9.4092;
33,Falling,34481819,-2.1484,-5.8252,9.2871;
33,Falling,34532819,-2.1216,-5.9180,9.3530;
33,Falling,34583819,-2.0679,-5.8667,9.3042;
33,Falling,34634819,-2.1533,-5.8252,9.3433;
33,Falling,34685819,-2.0996,-5.8887,9.3408;
33,Falling,34736819,-2.1460,-5.8521,9.4360;
33,Falling,34787819,-2.0459,-5.8496,9.3262;
33,Falling,34838819,-2.1606,-5.9033,9.3701;
33,Falling,34889819,-2.0923,-5.7739,9.3530;
33,Falling,34940819,-2.0923,-5.7544,9.3042;
33,Falling,34991819,-2.1387,-5.9497,9.3359;
33,Falling,35042819,-2.1118,-5.8813,9.2432;
33,Falling,35093819,-2.1753,-5.8789,9.3384;
33,Falling,35144819,-2.1167,-5.8447,9.3921;
33,Falling,35195819,-2.1362,-5.8032,9.3530;
33,Falling,35246819,-2.1313,-5.8569,9.3408;
33,Falling,35297819,-2.0752,-5.9424,9.2676;
33,Falling,35348819,-2.0825,-5.9229,9.2432;
33,Falling,35399819,-2.0410,-5.8936,9.2847;
33,Falling,35450819,-2.1826,-5.8276,9.4531;
33,Falling,35501819,-2.0166,-5.9131,9.2700;
33,Falling,35552819,-2.0264,-5.8716,9.3262;
33,Falling,35603819,-2.1851,-5.7861,9.3213;
33,Falling,35654819,-2.1045,-5.7544,9.4165;
33,Falling,35705819,-2.0996,-6.0034,9.2773;
33,Falling,35756819,-1.9165,-6.0010,9.3604;
33,Falling,35807819,-2.1216,-6.0767,9.1846;
33,Falling,35858819,-2.1240,-5.9985,9.0088;
33,Falling,35909819,-2.0825,-5.9253,9.3335;
33,Falling,35960819,-1.9751,-5.9448,9.3042;
33,Falling,36011819,-2.0044,-5.9814,9.1650;
33,Falling,36062819,-2.0972,-5.9033,9.3042;
33,Falling,36113819,-2.1362,-5.8447,9.2725;
33,Falling,36164819,-1.9751,-5.8154,9.3335;
33,Falling,36215819,-1.9824,-5.9204,9.3994;
33,Falling,36266819,-2.1533,-5.9741,9.2993;
33,Falling,36317819,-2.0288,-5.9985,9.2676;
33,Falling,36368819,-1.9458,-5.9790,9.3384;
33,Falling,36419819,-2.0483,-6.0034,9.1968;
33,Falling,36470819,-2.0361,-5.9326,9.3140;
33,Falling,36521819,-2.0605,-5.9985,9.2187;
33,Falling,36572819,-2.0166,-6.0181,9.2896;
33,Falling,36623819,-2.0581,-5.8960,9.3506;
33,Falling,36674819,-2.0239,-5.9009,9.2700;
33,Falling,36725819,-2.0190,-6.0474,9.2847;
33,Falling,36776819,-2.0435,-6.0156,9.2383;
33,Falling,36827819,-2.0117,-6.0034,9.3604;
33,Falling,36878819,-2.0312,-5.8545,9.2798;
33,Falling,36929819,-2.0239,-5.9180,9.2358;
33,Falling,36980819,-1.9751,-6.0107,9.1968;
33,Falling,37031819,-2.0679,-5.9814,9.2383;
33,Falling,37082819,-2.0239,-6.0522,9.2310;
33,Falling,37133819,-1.9727,-5.9912,9.3091;
33,Falling,37184819,-2.0874,-5.9546,9.2017;
33,Falling,37235819,-2.0801,-5.9766,9.1748;
33,Falling,37286819,-1.9287,-6.0376,9.2725;
33,Falling,37337819,-1.9653,-6.0010,9.2651;
33,Falling,37388819,-2.0728,-6.0010,9.1919;
33,Falling,37439819,-1.9946,-5.9717,9.2603;
33,Falling,37490819,-1.9824,-5.9912,9.2773;
33,Falling,37541819,-1.9336,-6.0083,9.2651;
33,Falling,37592819,-2.0703,-5.9692,9.2603;
33,Falling,37643819,-1.9971,-5.9106,9.3823;
33,Falling,37694819,-2.0288,-5.9497,9.3701;
33,Falling,37745819,-1.9971,-6.0400,9.2578;
33,Falling,37796819,-2.0361,-5.9937,9.2627;
33,Falling,37847819,-2.0825,-5.9619,9.3555;
33,Falling,37898819,-2.0825,-5.9082,9.3286;
33,Falling,37949819,-2.1240,-6.0229,9.2920;
33,Falling,38000819,-2.0532,-5.9619,9.2993;
33,Falling,38051819,-2.0850,-5.8618,9.2871;
33,Falling,38102819,-2.1069,-5.8496,9.3188;
33,Falling,38153819,-2.0654,-5.9131,9.3384;
33,Falling,38204819,-2.1069,-5.9033,9.3848;
33,Falling,38255819,-2.2192,-5.9302,9.2798;
33,Falling,38306819,-2.0483,-5.9692,9.2310;
33,Falling,38357819,-2.0898,-5.9619,9.3335;
33,Falling,38408819,-2.0654,-5.9058,9.3433;
33,Falling,38459819,-2.1289,-5.8691,9.3921;
33,Falling,38510819,-2.1558,-5.8594,9.2871;
33,Falling,38561819,-2.1509,-5.8228,9.3140;
33,Falling,38612819,-2.0679,-5.8447,9.3213;
33,Falling,38663819,-2.1875,-5.9033,9.3140;
33,Falling,38714819,-2.1313,-5.8984,9.3018;
33,Falling,38765819,-2.0630,-5.9448,9.2749;
33,Falling,38816819,-2.1143,-5.8813,9.3750;
33,Falling,38867819,-2.1533,-5.8789,9.2969;
33,Falling,38918819,-2.0190,-5.9106,9.3506;
33,Falling,38969819,-2.0898,-5.8032,9.3579;
33,Falling,39020819,-2.0728,-5.8423,9.2896;
33,Falling,39071819,-2.0483,-5.8081,9.3872;
33,Falling,39122819,-2.1338,-5.9082,9.2285;
33,Falling,39173819,-2.0215,-5.9912,9.3042;
33,Falling,39224819,-2.0410,-5.9448,9.3359;
33,Falling,39275819,-2.0215,-5.7861,9.4922;
33,Falling,39326819,-2.1777,-5.8374,9.2822;
33,Falling,39377819,-2.0996,-5.8643,9.3140;
33,Falling,39428819,-2.0508,-5.8643,9.2456;
33,Falling,39479819,-1.9971,-5.9424,9.3140;
33,Falling,39530819,-2.0996,-5.8472,9.3042;
33,Falling,39581819,-2.1533,-5.8276,9.3384;
33,Falling,39632819,-2.1680,-5.9375,9.3506;
33,Falling,39683819,-2.0215,-5.9985,9.2822;
33,Falling,39734819,-2.0801,-5.8325,9.3335;
33,Falling,39785819,-2.1411,-5.7861,9.3945;
33,Falling,39836819,-1.9727,-5.9082,9.3433;
33,Falling,39887819,-2.0337,-5.9546,9.3018;
33,Falling,39938819,-2.0654,-5.9009,9.2358;
33,Falling,39989819,-2.0654,-5.8862,9.3164;
33,Falling,40040819,-2.0386,-5.9106,9.3774;
33,Falling,40091819,-2.1118,-5.9155,9.3579;
33,Falling,40142819,-2.0874,-5.8325,9.4312;
33,Falling,40193819,-2.0044,-5.8813,9.4434;
33,Falling,40244819,-2.0996,-5.8765,9.3164;
33,Falling,40295819,-2.1167,-5.9351,9.1772;
33,Falling,40346819,-2.0557,-5.9912,9.2480;
33,Falling,40397819,-2.0605,-5.9106,9.3188;
33,Falling,40448819,-2.0483,-5.9302,9.3140;
33,Falling,40499819,-2.1558,-5.9399,9.2676;
33,Falling,40550819,-2.1118,-5.8838,9.3506;
33,Falling,40601819,-2.0825,-5.8936,9.3140;
33,Falling,40652819,-2.1484,-5.8569,9.2969;
33,Falling,40703819,-2.1118,-5.8813,9.3237;
33,Falling,40754819,-2.0898,-5.8618,9.3237;
33,Falling,40805819,-2.0996,-5.8838,9.3115;
33,Falling,40856819,-2.0850,-5.8716,9.3359;
33,Falling,40907819,-2.0923,-5.7715,9.3408;
33,Falling,40958819,-2.2339,-5.7983,9.3237;
33,Falling,41009819,-2.1240,-5.9106,9.3140;
33,Falling,41060819,-2.0996,-5.8203,9.3188;
33,Falling,41111819,-2.0996,-5.9253,9.3506;
33,Falling,41162819,-2.1484,-5.8228,9.3066;
33,Falling,41213819,-2.0630,-5.8350,9.3970;
33,Falling,41264819,-2.0508,-5.8618,9.3286;
33,Falling,41315819,-2.1704,-5.9424,9.2920;
33,Falling,41366819,-2.0752,-5.9888,9.3164;
33,Falling,41417819,-1.9727,-5.9009,9.3359;
33,Falling,41468819,-2.1338,-5.8398,9.3481;
33,Falling,41519819,-2.0728,-5.8228,9.3164;
33,Falling,41570819,-2.0654,-5.8789,9.3579;
33,Falling,41621819,-2.0483,-5.9180,9.2505;
33,Falling,41672819,-2.0654,-5.9009,9.2554;
33,Falling,41723819,-2.0752,-5.8228,9.3726;
33,Falling,41774819,-2.0972,-5.8643,9.3530;
33,Falling,41825819,-2.0679,-5.8472,9.3213;
33,Falling,41876821,-2.0825,-5.9204,9.3506;
33,Falling,41927819,-2.0898,-5.9595,9.2529;
33,Falling,41978819,-2.0386,-5.8276,9.3604;
33,Falling,42029819,-2.0630,-5.8350,9.3872;
33,Falling,42080819,-2.0288,-5.8398,9.3262;
33,Falling,42131819,-2.1289,-5.9326,9.2676;
33,Falling,42182819,-2.0630,-5.8740,9.2554;
33,Falling,42233819,-2.0459,-5.8374,9.4067;
33,Falling,42284819,-2.1240,-5.8643,9.3848;
33,Falling,42335819,-2.0630,-5.9375,9.3042;
33,Falling,42386819,-2.0874,-5.8545,9.3262;
33,Falling,42437819,-2.0410,-5.7788,9.4873;
33,Falling,42488819,-2.0996,-5.8789,9.3042;
33,Falling,42539819,-2.0605,-5.8936,9.3384;
33,Falling,42590819,-2.0825,-5.9497,9.3481;
33,Falling,42641819,-2.0410,-5.9497,9.3750;
33,Falling,42692819,-2.0361,-5.8594,9.3066;
33,Falling,42743819,-2.0728,-5.8765,9.3579;
33,Falling,42794819,-2.1289,-5.8350,9.3579;
33,Falling,42845819,-2.0850,-5.8740,9.3896;
33,Falling,42896819,-2.0923,-5.8838,9.3823;
33,Falling,42947819,-2.0923,-5.8643,9.3579;
33,Falling,42998819,-2.0508,-5.8423,9.4507;
33,Falling,43049819,-2.0630,-5.8984,9.3433;
33,Falling,43100819,-2.0532,-5.9058,9.2700;
33,Falling,43151819,-2.0410,-5.8130,9.3506;
33,Falling,43202819,-2.0557,-5.8960,9.3335;
33,Falling,43253819,-2.0166,-5.9766,9.3042;
33,Falling,43304819,-1.9751,-5.9082,9.3652;
33,Falling,43355819,-2.0972,-5.8936,9.3896;
33,Falling,43406819,-2.1167,-5.9009,9.3213;
33,Falling,43457819,-2.1045,-5.8789,9.2798;
33,Falling,43508819,-1.9556,-5.9521,9.4604;
33,Falling,43559819,-2.1191,-5.8423,9.3433;
33,Falling,43610819,-2.1704,-5.9058,9.3066;
33,Falling,43661819,-1.8872,-5.9521,9.3213;
33,Falling,43712819,-2.1265,-5.9009,9.2310;
33,Falling,43763819,-2.1875,-5.9326,9.2700;
33,Falling,43814819,-2.0508,-5.9692,9.3506;
33,Falling,43865819,-1.9922,-5.9229,9.3408;
33,Falling,43916819,-2.1753,-5.8936,9.2407;
33,Falling,43967819,-2.0679,-5.9204,9.3530;
33,Falling,44018819,-1.8896,-5.9497,9.3945;
33,Falling,44069819,-2.0654,-5.9985,9.2212;
33,Falling,44120819,-2.0337,-5.8887,9.2920;
33,Falling,44171819,-2.0435,-6.0034,9.2383;
33,Falling,44222819,-2.0581,-6.0229,9.1626;
33,Falling,44273819,-1.9580,-6.0278,9.2383;
33,Falling,44324819,-2.0581,-5.9497,9.2407;
33,Falling,44375819,-2.1045,-5.8496,9.3848;
33,Falling,44426819,-2.0532,-5.9277,9.2651;
33,Falling,44477819,-2.1021,-5.9790,9.4116;
33,Falling,44528819,-2.1240,-6.0669,9.2432;
33,Falling,44579819,-2.1387,-6.0034,9.2480;
33,Falling,44630819,-2.1143,-5.9058,9.3433;
33,Falling,44681819,-2.0898,-5.9692,9.2187;
33,Falling,44732819,-1.9141,-5.9863,9.2725;
33,Falling,44783819,-2.1484,-5.9863,9.1284;
33,Falling,44834819,-2.2144,-5.9302,9.2212;
33,Falling,44885819,-2.1436,-5.8960,9.3164;
33,Falling,44936819,-2.0923,-6.0083,9.2139;
33,Falling,44987819,-2.1094,-6.0229,9.1309;
33,Falling,45038819,-2.0215,-5.8838,9.3579;
33,Falling,45089819,-2.1118,-5.9204,9.2773;
33,Falling,45140819,-2.1680,-5.9155,9.2480;
33,Falling,45191819,-2.0337,-5.9326,9.2651;
33,Falling,45242819,-2.1387,-6.0303,9.2212;
33,Falling,45293819,-2.1216,-6.0229,9.2261;
33,Falling,45344819,-2.1680,-5.9424,9.2212;
33,Falling,45395819,-2.1484,-5.9961,9.2798;
33,Falling,45446819,-2.0996,-5.9424,9.3018;
33,Falling,45497819,-2.1484,-5.8960,9.2822;
33,Falling,45548819,-2.0801,-5.9277,9.3164;
33,Falling,45599819,-2.1265,-5.9619,9.2969;
33,Falling,45650819,-2.0874,-5.8862,9.2480;
33,Falling,45701819,-2.1289,-5.9961,9.2310;
33,Falling,45752819,-2.0898,-6.0229,9.2261;
33,Falling,45803819,-2.0142,-6.0254,9.2798;
33,Falling,45854819,-2.1362,-5.9155,9.2798;
33,Falling,45905819,-2.1558,-5.9351,9.2554;
33,Falling,45956819,-2.1606,-5.9570,9.2993;
33,Falling,46007819,-2.1313,-5.9473,9.2773;
33,Falling,46058819,-2.0972,-5.9253,9.3530;
33,Falling,46109819,-2.2485,-5.9912,9.2749;
33,Falling,46160819,-2.1240,-6.0303,9.2749;
33,Falling,46211819,-2.0532,-6.0107,9.2456;
33,Falling,46262819,-2.1826,-5.9814,9.2578;
33,Falling,46313819,-2.1729,-5.8179,9.3555;
33,Falling,46364819,-2.1167,-5.9595,9.2310;
33,Falling,46415819,-2.1533,-5.9668,9.3091;
33,Falling,46466819,-2.1948,-5.9937,9.2920;
33,Falling,46517819,-2.0972,-5.8789,9.3311;
33,Falling,46568819,-2.1094,-6.0132,9.2383;
33,Falling,46619819,-2.1631,-6.0840,9.1748;
33,Falling,46670819,-2.1216,-6.0449,9.1968;
33,Falling,46721819,-2.0825,-5.9033,9.2480;
33,Falling,46772819,-2.0337,-6.0693,9.2822;
33,Falling,46823819,-2.1558,-6.0205,9.1528;
33,Falling,46874819,-2.0679,-5.9863,9.2090;
33,Falling,46925819,-2.1533,-6.0449,9.2236;
33,Falling,46976819,-1.9849,-6.1060,9.1797;
33,Falling,47027819,-1.9580,-5.9644,9.2578;
33,Falling,47078819,-2.1533,-6.0400,9.0576;
33,Falling,47129819,-2.1484,-5.9839,9.1870;
33,Falling,47180819,-1.9165,-5.9009,9.3604;
33,Falling,47231819,-2.0239,-5.9570,9.3091;
33,Falling,47282819,-2.0752,-6.0669,9.1089;
33,Falling,47333819,-1.9507,-6.0034,9.1821;
33,Falling,47384819,-1.9336,-6.0181,9.1479;
33,Falling,47435819,-1.9775,-6.0474,9.1675;
33,Falling,47486819,-1.9287,-5.9839,9.3042;
33,Falling,47537819,-2.0752,-6.0547,9.1406;
33,Falling,47588819,-2.0288,-6.1816,9.1162;
33,Falling,47639819,-2.0142,-5.9863,9.2407;
33,Falling,47690819,-1.8896,-6.0522,9.3359;
33,Falling,47741819,-1.9165,-6.1182,9.1748;
33,Falling,47792819,-2.0239,-6.1475,9.0088;
33,Falling,47843819,-1.9556,-6.0010,9.2383;
33,Falling,47894819,-1.8604,-6.1450,9.2017;
33,Falling,47945819,-1.9043,-6.0718,9.2920;
33,Falling,47996819,-2.0483,-6.0352,9.2139;
33,Falling,48047819,-2.0288,-6.0474,9.2236;
33,Falling,48098819,-2.0093,-6.1328,9.2920;
33,Falling,48149819,-1.9482,-6.0937,9.0601;
33,Falling,48200819,-2.0117,-6.0620,9.1650;
33,Falling,48251819,-1.8481,-6.2256,9.1650;
33,Falling,48302819,-1.9385,-6.1133,9.2139;
33,Falling,48353819,-1.9556,-6.1133,9.0967;
33,Falling,48404819,-1.8848,-6.2109,9.2139;
33,Falling,48455819,-2.0508,-6.0742,9.2163;
33,Falling,48506819,-1.9287,-6.1304,9.2505;
33,Falling,48557819,-2.0117,-6.0449,9.1724;
33,Falling,48608819,-1.9556,-5.9985,9.1577;
33,Falling,48659819,-1.9043,-6.1572,9.2285;
33,Falling,48710819,-2.0093,-5.9521,9.2114;
33,Falling,48761819,-2.0264,-6.0181,9.2725;
33,Falling,48812819,-1.9189,-6.2646,9.1357;
33,Falling,48863819,-1.7920,-6.3013,9.0625;
33,Falling,48914819,-1.9116,-6.2305,9.1382;
33,Falling,48965819,-2.1265,-5.9277,9.2847;
33,Falling,49016819,-2.0703,-6.0254,9.1650;
33,Falling,49067819,-1.9214,-6.1060,9.1357;
33,Falling,49118819,-1.9751,-6.1255,9.1748;
33,Falling,49169819,-1.9849,-6.0791,9.3066;
33,Falling,49220819,-1.9556,-6.0693,9.1455;
33,Falling,49271819,-1.9165,-6.1157,9.1040;
33,Falling,49322819,-2.0044,-6.1646,9.1357;
33,Falling,49373819,-1.8921,-6.1060,9.2236;
33,Falling,49424819,-2.0630,-5.9961,9.1431;
33,Falling,49475819,-1.8750,-6.0815,9.2871;
33,Falling,49526819,-2.0215,-6.1963,9.2017;
33,Falling,49577819,-1.8652,-6.0425,9.3262;
33,Falling,49628821,-2.0215,-6.1206,9.0234;
33,Falling,49679819,-1.9824,-6.1670,9.2212;
33,Falling,49730819,-1.6602,-6.3550,9.1406;
33,Falling,49781819,-1.6650,-6.0425,9.3213;
33,Falling,49832819,-1.2378,-6.0693,9.4238;
33,Falling,49883819,-2.0850,-5.9351,9.1602;
33,Falling,49934819,-1.4233,-6.2183,9.4751;
33,Falling,49985819,-0.8105,-5.7568,9.8877;
33,Falling,50036819,-1.9360,-5.2710,10.5444;
33,Falling,50087819,-2.7197,-5.1270,9.5703;
33,Falling,50138819,-3.6182,-4.7119,7.1387;
33,Falling,50189819,8.8892,-10.9546,8.2471;
33,Falling,50240819,4.8584,1.5112,18.9673;
33,Falling,50291819,-3.0859,2.4902,10.6616;
33,Falling,50342819,-10.6006,0.9448,-4.7046;
33,Falling,50393819,-5.7495,-0.4028,-5.7275;
33,Falling,50444819,7.2070,3.7549,4.8218;
33,Falling,50495819,-2.3291,-18.2813,1.9019;
33,Falling,50546819,-6.0474,-8.0615,11.9434;
33,Falling,50597819,19.0527,-40.0000,7.7002;
33,Falling,50648819,0.8887,-6.1499,20.3369;
33,Falling,50699819,20.9741,-4.4434,-19.5361;
33,Falling,50750819,9.1162,-11.7773,-27.9614;
33,Falling,50801819,0.4614,1.1328,4.8926;
33,Falling,50852819,2.3096,1.0620,0.5884;
33,Falling,50903819,8.4351,-4.5923,-17.6123;
33,Falling,50954819,5.4199,-13.9209,-0.7153;
33,Falling,51005819,3.5742,-11.6162,-1.4453;
33,Falling,51056819,7.9346,-9.3799,-1.1304;
33,Falling,51107819,5.7935,-3.1567,-0.1514;
33,Falling,51158819,7.1362,-4.9951,1.3306;
33,Falling,51209819,8.2129,-6.9629,0.7056;
33,Falling,51260819,6.3696,-8.2373,-0.4663;
33,Falling,51311819,5.4687,-6.8408,-2.2583;
33,Falling,51362819,5.1221,-7.2583,-3.1934;
33,Falling,51413819,5.5737,-8.4595,-2.6807;
33,Falling,51464819,5.8105,-7.5098,-3.5498;
33,Falling,51515819,5.9326,-6.6699,-2.9126;
33,Falling,51566819,5.8057,-6.1304,-1.0547;
33,Falling,51617819,6.0376,-7.3389,-1.2817;
33,Falling,51668819,6.3696,-7.5610,-2.2437;
33,Falling,51719819,6.0059,-7.6733,-1.9727;
33,Falling,51770819,6.0840,-7.2412,-1.6211;
33,Falling,51821819,6.1987,-6.5894,-1.3257;
33,Falling,51872819,6.5796,-6.9678,-1.2305;
33,Falling,51923819,6.3428,-6.5259,-1.5527;
33,Falling,51974819,7.1021,-6.6260,-0.9375;
33,Falling,52025819,6.7578,-7.0898,-2.8027;
33,Falling,52076819,6.1597,-6.7993,-2.8711;
33,Falling,52127819,6.5063,-7.1167,-1.0156;
33,Falling,52178819,6.6748,-6.7041,-0.8716;
33,Falling,52229819,6.9604,-7.3462,-1.1670;
33,Falling,52280819,6.9897,-6.8066,-1.0693;
33,Falling,52331819,6.8433,-6.4355,-0.9033;
33,Falling,52382819,6.7163,-6.8213,-1.2524;
33,Falling,52433819,6.8433,-7.0020,-1.5967;
33,Falling,52484819,7.0166,-6.6675,-1.2280;
33,Falling,52535819,6.8286,-6.5869,-1.3281;
33,Falling,52586819,6.9580,-6.7505,-1.0938;
33,Falling,52637819,6.9019,-6.6895,-0.8545;
33,Falling,52688819,7.1118,-6.8701,-0.7080;
33,Falling,52739819,6.8896,-6.7407,-0.6079;
33,Falling,52790819,7.2803,-6.4697,-0.6665;
33,Falling,52841819,7.2241,-6.2842,-0.6543;
33,Falling,52892819,7.3242,-6.4404,-0.6226;
33,Falling,52943819,7.2632,-6.3696,-0.6348;
33,Falling,52994819,7.2803,-6.3721,-0.6665;
33,Falling,53045819,7.1802,-6.3892,-0.5786;
33,Falling,53096819,7.2729,-6.5356,-0.5859;
33,Falling,53147819,7.2168,-6.4648,-0.5542;
33,Falling,53198819,7.1948,-6.4893,-0.7593;
33,Falling,53249819,7.2339,-6.4819,-0.8179;
33,Falling,53300819,7.1924,-6.5063,-0.6323;
33,Falling,53351819,7.1606,-6.5356,-0.7324;
33,Falling,53402819,7.1997,-6.5576,-0.7397;
33,Falling,53453819,7.1582,-6.4966,-0.5713;
33,Falling,53504819,7.2437,-6.5527,-0.6958;
33,Falling,53555819,7.1777,-6.5503,-0.6689;
33,Falling,53606819,7.2192,-6.5479,-0.6226;
33,Falling,53657819,7.2095,-6.6333,-0.6055;
33,Falling,53708819,7.1631,-6.5161,-0.6812;
33,Falling,53759819,7.1997,-6.6040,-0.6763;
33,Falling,53810819,7.1362,-6.6138,-0.7153;
33,Falling,53861819,7.1631,-6.5234,-0.6494;
33,Falling,53912819,7.2876,-6.3843,-0.5054;
33,Falling,53963819,7.1582,-6.3989,-0.7080;
33,Falling,54014819,7.2339,-6.3965,-0.6616;
33,Falling,54065819,7.2339,-6.3501,-0.5884;
33,Falling,54116819,7.1411,-6.7187,-0.9009;
33,Falling,54167819,7.0459,-6.6211,-0.5591;
33,Falling,54218819,7.1436,-6.6455,-0.6128;
33,Falling,54269819,7.0532,-6.5454,-0.7812;
33,Falling,54320819,7.0923,-6.7432,-0.7104;
33,Falling,54371819,7.0459,-6.5869,-0.7568;
33,Falling,54422819,7.1265,-6.7114,-0.6958;
33,Falling,54473819,7.0630,-6.6406,-0.6934;
33,Falling,54524819,7.0801,-6.6479,-0.6982;
33,Falling,54575819,7.0581,-6.6772,-0.7520;
33,Falling,54626819,7.0972,-6.6016,-0.5786;
33,Falling,54677819,7.0361,-6.5674,-0.8398;
33,Falling,54728819,7.1094,-6.6821,-0.6372;
33,Falling,54779819,7.0776,-6.6504,-0.7446;
33,Falling,54830819,7.1289,-6.6089,-0.7251;
33,Falling,54881819,7.1240,-6.5430,-0.5103;
33,Falling,54932819,7.0752,-6.6455,-0.8325;
33,Falling,54983819,6.9458,-6.6724,-0.7129;
33,Falling,55034819,7.0215,-6.6699,-0.8911;
33,Falling,55085819,7.0874,-6.8091,-0.6812;
33,Falling,55136819,6.9409,-6.7676,-0.6519;
33,Falling,55187819,7.0508,-6.6431,-0.6787;
33,Falling,55238819,6.9873,-6.6895,-0.5981;
33,Falling,55289819,6.9678,-6.6797,-0.8032;
33,Falling,55340819,7.0410,-6.8457,-0.6616;
33,Falling,55391819,6.9189,-6.7041,-0.5518;
33,Falling,55442819,7.0166,-6.7456,-0.4956;
33,Falling,55493819,6.9995,-6.7310,-0.6909;
33,Falling,55544819,6.9873,-6.7187,-0.7397;
33,Falling,55595819,6.9678,-6.7578,-0.7812;
33,Falling,55646819,6.9116,-6.7407,-0.9058;
33,Falling,55697819,6.9971,-6.6797,-0.7666;
33,Falling,55748819,7.0117,-6.5918,-0.8301;
33,Falling,55799819,6.9409,-6.6333,-0.6812;
33,Falling,55850819,6.8921,-6.8140,-0.7324;
33,Falling,55901819,6.9751,-6.8286,-0.9253;
33,Falling,55952819,6.9482,-6.7505,-0.6860;
33,Falling,56003819,6.9556,-6.6821,-0.6982;
33,Falling,56054819,6.9971,-6.7871,-0.7690;
33,Falling,56105819,6.9629,-6.6797,-0.7812;
33,Falling,56156819,7.0239,-6.7456,-0.7739;
33,Falling,56207819,6.9287,-6.6992,-0.7104;
33,Falling,56258819,6.9238,-6.8408,-0.7373;
33,Falling,56309819,6.9434,-6.7285,-0.7959;
33,Falling,56360819,6.9409,-6.7358,-0.7104;
33,Falling,56411819,7.0117,-6.7285,-0.6445;
33,Falling,56462819,6.9800,-6.6992,-0.6982;
33,Falling,56513819,7.0166,-6.7725,-0.7910;
33,Falling,56564819,7.0020,-6.7334,-0.7324;
33,Falling,56615819,7.0312,-6.7505,-0.7251;
33,Falling,56666819,6.9580,-6.6772,-0.7715;
33,Falling,56717819,6.9312,-6.6772,-0.7178;
33,Falling,56768819,6.8823,-6.6333,-0.6421;
33,Falling,56819819,6.9653,-6.7676,-0.8350;
33,Falling,56870819,6.9141,-6.7090,-0.7178;
33,Falling,56921819,6.9995,-6.7212,-0.8154;
33,Falling,56972819,6.9702,-6.7334,-0.8740;
33,Falling,57023819,6.8970,-6.7944,-0.7422;
33,Falling,57074819,6.9116,-6.8237,-0.7178;
33,Falling,57125819,6.9019,-6.8237,-0.7056;
33,Falling,57176819,6.9287,-6.7432,-0.9229;
33,Falling,57227819,6.8823,-6.7310,-0.8130;
33,Falling,57278819,6.9043,-6.8262,-0.8496;
33,Falling,57329819,6.9092,-6.7847,-0.8765;
33,Falling,57380819,6.9800,-6.7212,-0.7324;
33,Falling,57431819,7.0044,-6.7358,-0.6226;
33,Falling,57482819,6.9336,-6.6870,-0.7251;
33,Falling,57533819,6.9849,-6.6772,-0.7471;
33,Falling,57584819,6.9922,-6.7407,-0.7520;
33,Falling,57635819,6.8872,-6.7310,-0.7959;
33,Falling,57686819,6.8408,-6.8335,-0.9131;
33,Falling,57737819,6.9409,-6.7700,-0.9253;
33,Falling,57788819,6.9092,-6.7383,-0.8960;
33,Falling,57839819,6.9580,-6.6724,-0.8618;
33,Falling,57890819,6.9556,-6.6113,-0.7446;
33,Falling,57941819,6.9165,-6.7261,-0.9497;
33,Falling,57992819,6.8848,-6.7993,-0.8496;
33,Falling,58043819,6.8579,-6.7480,-0.8911;
33,Falling,58094819,6.9043,-6.8823,-0.9644;
33,Falling,58145819,6.8091,-6.8140,-0.9912;
33,Falling,58196819,6.8726,-6.6895,-0.7935;
33,Falling,58247819,6.8481,-6.8359,-0.9229;
33,Falling,58298819,6.8188,-6.8555,-1.0791;
33,Falling,58349819,6.8506,-6.7505,-0.9863;
33,Falling,58400819,6.7114,-6.2500,-1.0815;
33,Falling,58451819,7.5830,-9.3604,-3.6426;
33,Falling,58502819,6.2695,-6.1792,0.2148;
33,Falling,58553819,7.2388,-6.1255,-1.2769;
33,Falling,58604819,6.7212,-7.8613,-0.6519;
33,Falling,58655819,6.6089,-6.2378,-1.3550;
33,Falling,58706819,6.7358,-6.8677,-0.5737;
33,Falling,58757819,6.9287,-7.0850,-1.2231;
33,Falling,58808819,6.8164,-6.5112,-0.5127;
33,Falling,58859819,6.9336,-6.9531,-0.9692;
33,Falling,58910819,6.9141,-6.8579,-0.8179;
33,Falling,58961819,6.7700,-6.6821,-0.8398;
33,Falling,59012819,6.8799,-6.7725,-1.1108;
33,Falling,59063819,6.8677,-6.7383,-0.8130;
33,Falling,59114819,6.8799,-6.7798,-0.9863;
33,Falling,59165819,6.8652,-6.6675,-0.8594;
33,Falling,59216819,6.8677,-6.7505,-0.8984;
33,Falling,59267819,6.8701,-6.7773,-0.9326;
33,Falling,59318819,6.8726,-6.8018,-0.8765;
33,Falling,59369819,6.8604,-6.7896,-0.8765;
33,Falling,59420819,6.8433,-6.7749,-0.8716;
33,Falling,59471819,6.8408,-6.7944,-0.8496;
33,Falling,59522819,6.8237,-6.8237,-0.7153;
33,Falling,59573819,6.8164,-6.9458,-1.0986;
33,Falling,59624819,6.8457,-6.7285,-1.0864;
33,Falling,59675819,6.9067,-6.8530,-0.8350;
33,Falling,59726819,6.8579,-6.7969,-0.9302;
33,Falling,59777819,6.8872,-6.7285,-0.8179;
33,Falling,59828819,6.7896,-6.7554,-0.8691;
33,Falling,59879819,6.7944,-6.8506,-0.8472;
33,Falling,59930819,6.9287,-6.8018,-0.8984;
33,Falling,59981819,6.8384,-6.8433,-1.0181;
33,Falling,60032819,6.8896,-6.7822,-0.9351;
33,Falling,60083819,6.9287,-6.7969,-0.7373;
33,Falling,60134819,6.9263,-6.7773,-0.7959;
33,Falling,60185819,6.8799,-6.8066,-0.8398;
33,Falling,60236819,6.9116,-6.7432,-0.7642;
33,Falling,60287819,6.9263,-6.7651,-0.7495;
33,Falling,60338819,6.9141,-6.7676,-0.8325;
33,Falling,60389819,6.9434,-6.8042,-0.8545;
33,Falling,60440819,6.9531,-6.8091,-0.8398;
33,Falling,60491819,6.9727,-6.7651,-0.7593;
33,Falling,60542819,6.8530,-6.7480,-0.7300;
33,Falling,60593819,6.9165,-6.7871,-0.8154;
33,Falling,60644819,6.9116,-6.8286,-0.8960;
33,Falling,60695819,6.9141,-6.7749,-0.9424;
33,Falling,60746819,6.8774,-6.7578,-0.9253;
33,Falling,60797819,6.9214,-6.6602,-0.7178;
33,Falling,60848819,6.9238,-6.7212,-0.7983;
33,Falling,60899819,6.9556,-6.7847,-0.7373;
33,Falling,60950819,6.8823,-6.7969,-0.9302;
33,Falling,61001819,6.8286,-6.8384,-0.9644;
33,Falling,61052819,6.8604,-6.7041,-0.9399;
33,Falling,61103819,6.9312,-6.7310,-0.8691;
33,Falling,61154819,6.9507,-6.7847,-0.6934;
33,Falling,61205819,6.9043,-6.7676,-0.6665;
33,Falling,61256819,6.8311,-6.8555,-0.8179;
33,Falling,61307819,6.8579,-6.8164,-0.8179;
33,Falling,61358819,6.8921,-6.8164,-0.9888;
33,Falling,61409819,6.9067,-6.6846,-0.8813;
33,Falling,61460819,6.8237,-6.7993,-0.9033;
33,Falling,61511819,6.8872,-6.7993,-0.8569;
33,Falling,61562819,6.8774,-6.7993,-0.8984;
33,Falling,61613819,6.8799,-6.7920,-0.7227;
33,Falling,61664819,6.8945,-6.7993,-0.8472;
33,Falling,61715819,6.7847,-6.7578,-0.8765;
33,Falling,61766819,6.9287,-6.7236,-0.8325;
33,Falling,61817819,6.8555,-6.7896,-0.9326;
33,Falling,61868819,6.9360,-6.7505,-0.8472;
33,Falling,61919819,6.8970,-6.7334,-0.8276;
33,Falling,61970819,6.8262,-6.8799,-0.7935;
33,Falling,62021819,6.8457,-6.8213,-0.8887;
33,Falling,62072819,6.8726,-6.8994,-0.9985;
33,Falling,62123819,6.8823,-6.8164,-0.7593;
33,Falling,62174819,6.7944,-6.8164,-0.9619;
33,Falling,62225819,6.8701,-6.8750,-1.0645;
33,Falling,62276819,6.7969,-6.8311,-1.0254;
33,Falling,62327819,6.8262,-6.8994,-0.8057;
33,Falling,62378819,6.8311,-6.8384,-0.8667;
33,Falling,62429819,6.7993,-6.8262,-0.8545;
33,Falling,62480819,6.8579,-6.8359,-0.8618;
33,Falling,62531819,6.8701,-6.8359,-0.9326;
33,Falling,62582819,6.7773,-6.8750,-0.8350;
33,Falling,62633819,6.7651,-6.8018,-0.8569;
33,Falling,62684819,6.8164,-6.8604,-0.7861;
33,Falling,62735819,6.8823,-6.7822,-0.8081;
33,Falling,62786819,6.8018,-6.8188,-0.8813;
33,Falling,62837819,6.8604,-6.8652,-0.8276;
33,Falling,62888819,6.8018,-6.8921,-0.7202;
33,Falling,62939819,6.7407,-6.9263,-1.2378;
33,Falling,62990819,6.7969,-6.6968,-0.4590;
33,Falling,63041819,6.9214,-6.9629,-0.8105;
33,Falling,63092819,6.8311,-6.5576,-0.6079;
33,Falling,63143819,7.0312,-6.8530,-0.5933;
33,Falling,63194819,6.8604,-6.7627,-0.7349;
33,Falling,63245819,6.8237,-6.8481,-1.0376;
33,Falling,63296819,6.8237,-6.7651,-0.8472;
33,Falling,63347819,6.9507,-6.8530,-0.8081;
33,Falling,63398819,6.8701,-6.8457,-0.8398;
33,Falling,63449819,6.9653,-6.8018,-0.7617;
33,Falling,63500819,6.8188,-6.7529,-0.8984;
33,Falling,63551819,6.9067,-6.8115,-0.8325;
33,Falling,63602819,6.9019,-6.8164,-0.8276;
33,Falling,63653819,6.8726,-6.7261,-0.8032;
33,Falling,63704819,6.8701,-6.8115,-0.7910;
33,Falling,63755819,6.8848,-6.8237,-0.8813;
33,Falling,63806819,6.8457,-6.7847,-0.8960;
33,Falling,63857819,6.8237,-6.7993,-0.8228;
33,Falling,63908819,6.8579,-6.7676,-0.8154;
33,Falling,63959819,6.8994,-6.8018,-0.7666;
33,Falling,64010819,6.8677,-6.8115,-0.8374;
33,Falling,64061819,6.9141,-6.7773,-0.8374;
33,Falling,64112819,6.9458,-6.7969,-0.8057;
33,Falling,64163819,6.8970,-6.7969,-0.8057;
33,Falling,64214819,6.8750,-6.8164,-0.7739;
33,Falling,64265819,6.8872,-6.8457,-0.7935;
33,Falling,64316819,6.8506,-6.8896,-0.8398;
33,Falling,64367819,6.8823,-6.7822,-0.8228;
33,Falling,64418819,6.8555,-6.7822,-0.8081;
33,Falling,64469819,6.9165,-6.8018,-0.6934;
33,Falling,64520819,6.8872,-6.7505,-0.7812;
33,Falling,64571819,6.9019,-6.8506,-0.8276;
33,Falling,64622819,6.8774,-6.8213,-0.8667;
33,Falling,64673819,6.8408,-6.7529,-0.7617;
33,Falling,64724819,6.9580,-6.8359,-0.7812;
33,Falling,64775819,6.8506,-6.8408,-0.8301;
33,Falling,64826819,6.9043,-6.8018,-0.7275;
33,Falling,64877819,6.9214,-7.0386,-0.8203;
33,Falling,64928819,6.8652,-6.8433,-0.8276;
33,Falling,64979819,6.8677,-6.7993,-0.7837;
33,Falling,65030819,6.9116,-6.8042,-0.8838;
33,Falling,65081819,6.9092,-6.8018,-0.7861;
33,Falling,65132819,6.8604,-6.7407,-0.9473;
33,Falling,65183819,6.9263,-6.9263,-0.9668;
33,Falling,65234819,6.8555,-6.6870,-0.8423;
33,Falling,65285819,6.8848,-6.7261,-0.6958;
33,Falling,65336819,6.8042,-6.7383,-0.9448;
33,Falling,65387819,6.8604,-6.8286,-0.8398;
33,Falling,65438819,6.8945,-6.8286,-0.9204;
33,Falling,65489819,6.9019,-6.8042,-0.8325;
33,Falling,65540819,6.9165,-6.8286,-0.7617;
33,Falling,65591819,6.8726,-6.7603,-0.7397;
33,Falling,65642819,6.9263,-6.7529,-0.7202;
33,Falling,65693819,6.9385,-6.7480,-0.8691;
33,Falling,65744819,6.8872,-6.7432,-0.8813;
33,Falling,65795819,6.9214,-6.7017,-0.8105;
33,Falling,65846819,6.8872,-6.7261,-0.8057;
33,Falling,65897819,6.9263,-6.6846,-0.7715;
33,Falling,65948819,6.8970,-6.7944,-0.7593;
33,Falling,65999819,6.8872,-6.8701,-0.8667;
33,Falling,66050819,6.8970,-6.8164,-0.7935;
33,Falling,66101819,6.9653,-6.7627,-0.7861;
33,Falling,66152819,6.9287,-6.7139,-0.7935;
33,Falling,66203819,6.8921,-6.7773,-0.8521;
33,Falling,66254819,6.8726,-6.7603,-0.8594;
33,Falling,66305819,6.8726,-6.8140,-0.8740;
33,Falling,66356819,6.8750,-6.7554,-0.9180;
33,Falling,66407819,6.9531,-6.8018,-0.7373;
33,Falling,66458806,6.8970,-6.7627,-0.8105;
33,Falling,66509819,6.9116,-6.7700,-0.8398;
33,Falling,66560819,6.8896,-6.7700,-0.7935;
33,Falling,66611819,6.9019,-6.7896,-0.8301;
33,Falling,66662819,6.8896,-6.8311,-0.7788;
33,Falling,66713819,6.8628,-6.7603,-0.8374;
33,Falling,66764819,6.9189,-6.7773,-0.7837;
33,Falling,66815819,6.8823,-6.7700,-0.8032;
33,Falling,66866819,6.9092,-6.7969,-0.8423;
33,Falling,66917819,6.9336,-6.7285,-0.7861;
33,Falling,66968819,6.8994,-6.7969,-0.8887;
33,Falling,67019819,6.8555,-6.8823,-0.8984;
33,Falling,67070819,6.9214,-6.8018,-0.8691;
33,Falling,67121819,6.8896,-6.7505,-0.8447;
33,Falling,67172819,6.9092,-6.7822,-0.7983;
33,Falling,67223819,6.8750,-6.7285,-0.8618;
33,Falling,67274819,6.8945,-6.7822,-0.8374;
33,Falling,67325819,6.8823,-6.8115,-0.9180;
33,Falling,67376819,6.8848,-6.7725,-0.8301;
33,Falling,67427819,6.8872,-6.7505,-0.8643;
33,Falling,67478819,6.9434,-6.8164,-0.8594;
33,Falling,67529819,6.9434,-6.8115,-0.7935;
33,Falling,67580819,6.9287,-6.7383,-0.8618;
33,Falling,67631819,6.9507,-6.7871,-0.8936;
33,Falling,67682819,6.8823,-6.8164,-0.7275;
33,Falling,67733819,6.8848,-6.7871,-0.8228;
33,Falling,67784819,6.8970,-6.7822,-0.7568;
33,Falling,67835819,6.8921,-6.8188,-0.9399;
33,Falling,67886819,6.8481,-6.7603,-0.8618;
33,Falling,67937819,6.9238,-6.7505,-0.8081;
33,Falling,67988819,6.9043,-6.7871,-0.8398;
33,Falling,68039819,6.9116,-6.7798,-0.8398;
33,Falling,68090819,6.8921,-6.7603,-0.8569;
33,Falling,68141819,6.8774,-6.7700,-0.9106;
33,Falling,68192819,6.8945,-6.8091,-0.8130;
33,Falling,68243819,6.8750,-6.7236,-0.8398;
33,Falling,68294819,6.9092,-6.7578,-0.8838;
33,Falling,68345819,6.7822,-6.8286,-0.7983;
33,Falling,68396819,7.0044,-6.7993,-0.9009;
33,Falling,68447819,6.8799,-6.7432,-0.8716;
33,Falling,68498819,6.8970,-6.7603,-0.8911;
33,Falling,68549819,6.8799,-6.7651,-0.8301;
33,Falling,68600819,6.8164,-6.7505,-0.8594;
33,Falling,68651819,6.8945,-6.7578,-0.7764;
33,Falling,68702819,6.9238,-6.8213,-0.9229;
33,Falling,68753819,6.8701,-6.7505,-0.9424;
33,Falling,68804819,6.8579,-6.8066,-0.8472;
33,Falling,68855819,6.9189,-6.7773,-0.8618;
33,Falling,68906819,6.9141,-6.7627,-0.7886;
33,Falling,68957819,6.9507,-6.7529,-0.8325;
33,Falling,69008819,6.8530,-6.7554,-0.8960;
33,Falling,69059819,6.8774,-6.7847,-0.8862;
33,Falling,69110819,6.8457,-6.7480,-0.8936;
33,Falling,69161819,6.8896,-6.8555,-0.7715;
33,Falling,69212819,6.9043,-6.7163,-0.8252;
33,Falling,69263819,6.8823,-6.8921,-0.8057;
33,Falling,69314819,6.8750,-6.7944,-0.8374;
33,Falling,69365819,6.8628,-6.7285,-0.9375;
33,Falling,69416819,6.8433,-6.8994,-0.7104;
33,Falling,69467819,6.9092,-6.6772,-0.8228;
33,Falling,69518819,6.9165,-6.7944,-0.8203;
33,Falling,69569819,6.9043,-6.7358,-0.8838;
33,Falling,69620819,6.9727,-6.7700,-0.8472;
33,Falling,69671819,6.9629,-6.8164,-0.7666;
33,Falling,69722819,6.9214,-6.7798,-0.6689;
33,Falling,69773819,6.8604,-6.7993,-0.8643;
33,Falling,69824819,6.8286,-6.7773,-0.8740;
33,Falling,69875819,6.8896,-6.7480,-0.8154;
33,Falling,69926819,6.8921,-6.7798,-0.8691;
33,Falling,69977819,6.8506,-6.7798,-0.7422;
33,Falling,70028819,6.8384,-6.7676,-0.8374;
33,Falling,70079819,6.8799,-6.7554,-0.8618;
33,Falling,70130819,6.9116,-6.7310,-0.7812;
33,Falling,70181819,6.9019,-6.7871,-0.8228;
33,Falling,70232819,6.9043,-6.8335,-0.8813;
33,Falling,70283819,6.8677,-6.8042,-0.8276;
33,Falling,70334819,6.9043,-6.6968,-0.8667;
33,Falling,70385819,6.9409,-6.7383,-0.8594;
33,Falling,70436819,6.9092,-6.6968,-0.7861;
33,Falling,70487819,6.8921,-6.7651,-0.8838;
33,Falling,70538819,6.8872,-6.7651,-0.8325;
33,Falling,70589819,6.8677,-6.7627,-0.8008;
33,Falling,70640819,6.9092,-6.8408,-0.9375;
33,Falling,70691819,6.8994,-6.7944,-0.7935;
33,Falling,70742819,6.9092,-6.7432,-0.7812;
33,Falling,70793819,6.9189,-6.7627,-0.7275;
33,Falling,70844819,6.8726,-6.7651,-0.7544;
33,Falling,70895819,6.8970,-6.7944,-0.8813;
33,Falling,70946826,6.8750,-6.7383,-0.8374;
33,Falling,70997819,6.9116,-6.7871,-0.8081;
33,Falling,71048819,6.9116,-6.8115,-0.8252;
33,Falling,71099819,6.8823,-6.7603,-0.8374;
33,Falling,71150819,6.8726,-6.7871,-0.8276;
33,Falling,71201819,6.9019,-6.7725,-0.8350;
33,Falling,71252819,6.9019,-6.8286,-0.8081;
33,Falling,71303819,6.8823,-6.7529,-0.8179;
33,Falling,71354819,6.9116,-6.7065,-0.7910;
33,Falling,71405819,6.8726,-6.7920,-0.8228;
33,Falling,71456819,6.8945,-6.7773,-0.8569;
33,Falling,71507819,6.8774,-6.8213,-0.8545;
33,Falling,71558819,6.9019,-6.7871,-0.8398;
33,Falling,71609819,6.8970,-6.7407,-0.8057;
33,Falling,71660819,6.9116,-6.7456,-0.8887;
33,Falling,71711819,6.8506,-6.8408,-0.8569;
33,Falling,71762819,6.8530,-6.7896,-0.8472;
33,Falling,71813819,6.9604,-6.7187,-0.8496;
33,Falling,71864819,6.8774,-6.6943,-0.9180;
33,Falling,71915819,6.8970,-6.7554,-0.9155;
33,Falling,71966819,6.9067,-6.7920,-0.8374;
33,Falling,72017819,6.9043,-6.7163,-0.8838;
33,Falling,72068819,6.9727,-6.8164,-0.8667;
33,Falling,72119819,6.9141,-6.7920,-0.7593;
33,Falling,72170819,6.8750,-6.8262,-0.8789;
33,Falling,72221819,6.8677,-6.7383,-0.8179;
33,Falling,72272819,6.8970,-6.7700,-0.8325;
33,Falling,72323819,6.8726,-6.8213,-0.8008;
33,Falling,72374819,6.9116,-6.7822,-0.8301;
33,Falling,72425819,6.9482,-6.7480,-0.8252;
33,Falling,72476819,6.8579,-6.7358,-0.8105;
33,Falling,72527819,6.9043,-6.7578,-0.8789;
33,Falling,72578819,6.9165,-6.7749,-0.7642;
33,Falling,72629819,6.8823,-6.7725,-0.8813;
33,Falling,72680819,6.9141,-6.7871,-0.8496;
33,Falling,72731819,6.8628,-6.7969,-0.7886;
33,Falling,72782819,6.9287,-6.8213,-0.7837;
33,Falling,72833819,6.9263,-6.8140,-0.7104;
33,Falling,72884819,6.9092,-6.7261,-0.8716;
33,Falling,72935819,6.9409,-6.8188,-0.8423;
33,Falling,72986819,6.9019,-6.7627,-0.9009;
33,Falling,73037819,6.8823,-6.7334,-0.8398;
33,Falling,73088819,6.9092,-6.8140,-0.8472;
33,Falling,73139819,6.8799,-6.7847,-0.7959;