33,Jogging,25545357,-0.1050,17.8296,22.1338;
33,Jogging,25606837,-5.6543,5.5005,15.4346;
33,Jogging,25657841,-0.6299,3.7207,7.9932;
33,Jogging,25708824,-0.8521,1.0181,4.2554;
33,Jogging,25759823,4.0845,-2.1411,-1.7334;
33,Jogging,25810823,-7.6221,-6.5308,4.2261;
33,Jogging,25861823,5.3394,-4.5850,7.9224;
33,Jogging,25912823,-4.8975,22.6685,33.1006;
33,Jogging,25963823,-4.7314,8.2031,8.3447;
33,Jogging,26014823,-2.6392,4.4312,18.3911;
33,Jogging,26065823,-0.4028,-4.7095,13.5840;
33,Jogging,26116823,0.5078,-1.2231,10.8032;
33,Jogging,26167823,3.1299,-2.5366,7.7930;
33,Jogging,26218823,3.6719,-8.5913,4.2896;
33,Jogging,26269823,-4.3896,-5.1099,10.9131;
33,Jogging,26320823,-9.8999,10.5469,29.8682;
33,Jogging,26371823,-5.1587,18.4351,26.9556;
33,Jogging,26422823,-3.0322,4.2944,11.2476;
33,Jogging,26473823,0.2905,0.0635,10.9692;
33,Jogging,26524823,0.7153,0.9570,5.6641;
33,Jogging,26575823,2.3975,-2.2070,3.5059;
33,Jogging,26626823,-8.1738,-2.5195,4.5581;
33,Jogging,26677823,9.0967,5.3149,12.6440;
33,Jogging,26728823,-12.8735,19.7144,23.3350;
33,Jogging,26779823,-0.4541,5.5811,11.8018;
33,Jogging,26830823,-6.0986,3.8867,21.0156;
33,Jogging,26881823,-0.6177,-7.5757,14.8022;
33,Jogging,26932823,-3.0884,0.1367,8.7646;
33,Jogging,26983823,6.4673,-0.7910,4.1431;
33,Jogging,27034823,-1.6333,-10.3931,5.0464;
33,Jogging,27085823,-0.8472,-4.1577,14.3164;
33,Jogging,27136823,-9.9170,9.1626,26.8384;
33,Jogging,27187823,-1.1133,19.1333,32.3901;
33,Jogging,27238823,-0.2222,3.8477,11.0913;
33,Jogging,27289823,-2.3193,0.5664,10.8618;
33,Jogging,27340823,-2.5635,2.5635,4.7681;
33,Jogging,27391823,12.7979,-5.1685,0.3564;
33,Jogging,27442823,-5.1367,-7.9810,0.7910;
33,Jogging,27493823,0.6787,1.2842,16.2720;
33,Jogging,27544823,-9.9951,14.5215,15.1489;
33,Jogging,27595823,1.4136,5.5469,14.5361;
33,Jogging,27646842,-8.3716,1.5674,25.0269;
33,Jogging,27697823,8.7476,-5.2246,11.9019;
33,Jogging,27748823,0.5493,9.4214,7.2754;
33,Jogging,27799823,8.8892,-8.8013,10.7349;
33,Jogging,27850823,-3.3374,-11.3208,4.2920;
33,Jogging,27901823,-9.7998,5.2954,17.9126;
33,Jogging,27952823,-7.0239,12.9395,18.4009;
33,Jogging,28003823,-4.7583,8.1494,24.9683;
33,Jogging,28054823,-0.4736,6.8848,10.4932;
33,Jogging,28105823,0.4102,4.5166,4.8340;
33,Jogging,28156823,8.8550,0.2588,-0.1001;
33,Jogging,28207823,-4.5483,1.5991,-0.2222;
33,Jogging,28258823,-5.6616,2.1069,-0.0049;
33,Jogging,28309823,10.7227,14.4019,39.9988;
33,Jogging,28360823,-6.2378,9.1382,11.6699;
33,Jogging,28411823,-4.5288,4.4531,19.7339;
33,Jogging,28462823,-3.8745,-6.6968,14.2456;
33,Jogging,28513823,-3.7720,-2.1655,7.0386;
33,Jogging,28564823,4.8828,-5.2466,6.7236;
33,Jogging,28615823,-1.7017,-7.8101,4.5166;
33,Jogging,28666823,-3.0371,-2.2803,16.2549;
33,Jogging,28717823,-4.4922,14.6411,25.6665;
33,Jogging,28768823,3.0737,11.2500,13.9575;
33,Jogging,28819823,-4.0527,6.1768,10.9155;
33,Jogging,28870823,-1.8066,2.7808,6.1963;
33,Jogging,28921823,20.1489,0.3394,-5.7153;
33,Jogging,28972823,-4.0503,-8.0176,-2.1338;
33,Jogging,29023823,-4.9194,1.7383,17.1362;
33,Jogging,29074823,9.3970,11.7480,14.8706;
33,Jogging,29125823,-2.4365,5.6470,11.2842;
33,Jogging,29176823,-5.3906,5.4956,18.7256;
33,Jogging,29227823,-3.4668,-7.1045,14.2676;
33,Jogging,29278823,5.8350,-7.1484,9.4727;
33,Jogging,29329823,3.0396,-8.1274,5.9546;
33,Jogging,29380823,5.0977,-8.0371,6.5015;
33,Jogging,29431823,-10.4321,4.6655,16.6528;
33,Jogging,29482823,1.6650,21.4453,25.4175;
33,Jogging,29533823,-0.5908,8.6768,17.2192;
33,Jogging,29584823,-8.4009,1.2354,13.6279;
33,Jogging,29635823,1.1328,1.9727,5.9033;
33,Jogging,29686823,11.0815,1.9360,2.5732;
33,Jogging,29737823,-4.9292,-9.3530,5.3271;
33,Jogging,29788823,9.2627,-17.1021,9.0601;
33,Jogging,29839823,1.6406,3.8867,15.4614;
33,Jogging,29890823,-3.7500,16.6016,17.0508;
33,Jogging,29941823,-2.5830,10.8350,11.9214;
33,Jogging,29992823,-4.9121,-0.3589,18.1689;
33,Jogging,30043823,10.2588,-4.2065,9.3726;
33,Jogging,30094823,4.4800,-2.3267,6.8823;
33,Jogging,30145823,1.0962,-5.9399,5.7227;
33,Jogging,30196823,-5.3101,-6.6699,13.0908;
33,Jogging,30247823,-9.2847,10.1831,26.9556;
33,Jogging,30298823,-1.3672,24.9414,33.7134;
33,Jogging,30349823,-2.4146,9.3140,6.1548;
33,Jogging,30400823,-4.9365,0.9351,9.8853;
33,Jogging,30451823,2.3120,-1.1572,0.6836;
33,Jogging,30502823,-0.6714,-10.2417,1.7139;
33,Jogging,30553823,8.6304,-6.7236,18.0298;
33,Jogging,30604823,3.8501,20.2979,23.8574;
33,Jogging,30655823,-9.1675,9.8828,10.5029;
33,Jogging,30706823,-0.8521,7.6685,16.2744;
33,Jogging,30757823,-3.8892,-3.9648,14.5557;
33,Jogging,30808823,0.3833,-2.5610,10.0806;
33,Jogging,30859823,3.6694,-3.0713,6.5967;
33,Jogging,30910823,-3.9307,-11.3550,2.9053;
33,Jogging,30961823,2.4072,-1.7212,17.3682;
33,Jogging,31012823,-2.2046,15.8496,29.4043;
33,Jogging,31063823,-1.6357,12.5537,15.3052;
33,Jogging,31114823,-3.3057,4.0283,11.7749;
33,Jogging,31165823,-1.3647,2.6807,4.0649;
33,Jogging,31216823,11.9409,-1.1133,-5.5176;
33,Jogging,31267823,-7.4097,-6.5259,-4.3091;
33,Jogging,31318823,-3.2007,1.2402,4.3579;
33,Jogging,31369823,2.5220,18.3740,20.9985;
33,Jogging,31420823,-10.8325,11.9604,8.6279;
33,Jogging,31471823,-2.4951,6.7651,20.1587;
33,Jogging,31522823,-2.8516,-6.2939,13.5327;
33,Jogging,31573823,-2.7466,-3.6646,6.6577;
33,Jogging,31624823,5.9277,-8.3472,5.2588;
33,Jogging,31675823,-2.5342,-6.1475,5.4224;
33,Jogging,31726823,-5.1929,2.1606,18.7134;
33,Jogging,31777823,-5.0879,15.8594,29.1211;
33,Jogging,31828823,-4.0405,4.9194,14.0454;
33,Jogging,31879823,-0.7935,4.7192,10.9058;
33,Jogging,31930823,-2.3047,5.5981,4.0210;
33,Jogging,31981823,17.2168,-3.5864,-8.0786;
33,Jogging,32032823,-9.2017,-11.8359,-9.8901;
33,Jogging,32083823,1.0840,1.9434,6.7090;
33,Jogging,32134823,-0.4346,14.5947,20.2173;
33,Jogging,32185823,-12.1436,12.0459,7.3364;
33,Jogging,32236823,-5.0391,0.9131,27.6025;
33,Jogging,32287823,4.7705,-9.1162,10.8496;
33,Jogging,32338823,1.5356,0.0024,7.0142;
33,Jogging,32389823,0.1685,-7.2778,6.7236;
33,Jogging,32440823,-1.0107,-9.2944,2.3437;
33,Jogging,32491823,-4.1504,-0.4541,14.5020;
33,Jogging,32542823,-5.2979,11.8628,32.0068;
33,Jogging,32593823,1.1572,9.6460,17.9272;
33,Jogging,32644823,-2.8784,7.0142,8.6548;
33,Jogging,32695823,-0.2124,2.5781,8.1616;
33,Jogging,32746823,17.2461,-1.3208,-3.3740;
33,Jogging,32797823,-4.6436,-10.1123,-1.7871;
33,Jogging,32848823,-7.3755,0.3857,5.0732;
33,Jogging,32899823,0.6104,8.6133,17.3169;
33,Jogging,32950823,-5.2612,16.2573,19.4043;
33,Jogging,33001823,0.0635,3.7549,20.0049;
33,Jogging,33052823,-3.7012,-5.4980,14.6191;
33,Jogging,33103823,-2.4585,0.4175,6.4526;
33,Jogging,33154823,3.9331,-5.7886,7.2583;
33,Jogging,33205823,-1.6528,-10.3931,6.5332;
33,Jogging,33256823,-3.1104,0.8252,15.2710;
33,Jogging,33307823,-6.2427,16.1914,28.8403;
33,Jogging,33358823,-1.3062,11.0327,16.3159;
33,Jogging,33409823,-1.4648,6.9580,9.7559;
33,Jogging,33460823,-0.2734,3.4521,5.1099;
33,Jogging,33511823,16.9629,-1.4453,-3.5156;
33,Jogging,33562823,-4.4434,-1.4404,-3.1055;
33,Jogging,33613823,-2.5977,-0.4248,5.9033;
33,Jogging,33664823,4.5581,17.8711,33.7427;
33,Jogging,33715823,-3.2520,11.2891,9.6704;
33,Jogging,33766823,-5.5054,3.3374,23.0029;
33,Jogging,33817823,9.7266,-4.4263,16.1108;
33,Jogging,33868823,-1.1670,-0.1538,6.9849;
33,Jogging,33919823,3.9453,-11.5332,7.5391;
33,Jogging,33970823,-2.8760,-9.0527,6.9238;
33,Jogging,34021823,-10.0854,8.1030,19.4678;
33,Jogging,34072823,-5.9424,19.7119,27.8589;
33,Jogging,34123823,-2.3169,6.9629,13.6182;
33,Jogging,34174823,-3.2397,1.3745,13.7598;
33,Jogging,34225823,-1.3257,3.2275,5.7617;
33,Jogging,34276823,12.7344,1.0107,-2.8931;
33,Jogging,34327823,-5.9424,0.9717,-2.8882;
33,Jogging,34378823,-0.1636,0.4907,2.0068;
33,Jogging,34429823,-6.4941,12.9272,38.3423;
33,Jogging,34480823,2.9736,7.2583,9.5752;
33,Jogging,34531823,-9.3921,9.2749,23.6450;
33,Jogging,34582823,-2.9810,-6.4697,13.4985;
33,Jogging,34633823,-3.4302,-2.2168,7.1143;
33,Jogging,34684823,3.4399,-2.6611,4.6826;
33,Jogging,34735823,-0.7910,-5.8740,7.7295;
33,Jogging,34786823,-3.4180,-3.3521,16.7261;
33,Jogging,34837823,1.1401,23.7769,33.1104;
33,Jogging,34888823,-2.7881,14.7827,28.6694;
33,Jogging,34939823,-6.5137,2.7246,10.9937;
33,Jogging,34990823,-1.5698,4.9658,6.9653;
33,Jogging,35041823,5.8618,1.1963,-1.0303;
33,Jogging,35092823,-5.2222,0.3955,-0.5981;
33,Jogging,35143823,-0.7666,-3.7085,1.4868;
33,Jogging,35194823,-6.4722,5.7153,34.2749;
33,Jogging,35245823,-4.3481,9.9219,16.1401;
33,Jogging,35296823,1.6235,13.0225,20.8325;
33,Jogging,35347823,-2.1753,-2.3926,18.1348;
33,Jogging,35398823,2.3828,-1.0645,10.5103;
33,Jogging,35449823,-0.5029,2.7856,6.6772;
33,Jogging,35500823,0.4272,-6.1694,7.3633;
33,Jogging,35551823,4.5898,-17.9077,3.6792;
33,Jogging,35602823,-11.0986,7.5439,14.4385;
33,Jogging,35653823,-3.5083,24.1528,37.8589;
33,Jogging,35704823,-4.2212,7.6807,14.7144;
33,Jogging,35755823,-2.5513,6.1597,11.1768;
33,Jogging,35806823,0.6738,2.5928,4.5923;
33,Jogging,35857823,23.5400,-5.6030,-7.0581;
33,Jogging,35908823,-11.0034,-11.8018,1.0205;
33,Jogging,35959823,6.5234,9.4629,13.5742;
33,Jogging,36010823,6.4209,18.6450,33.2153;
33,Jogging,36061823,-6.5161,9.4702,10.3442;
33,Jogging,36112823,-8.0908,12.2729,23.2861;
33,Jogging,36163823,8.8062,-11.8555,22.7222;
33,Jogging,36214823,-2.0044,6.4136,6.3135;
33,Jogging,36265823,2.0288,-8.5303,5.6396;
33,Jogging,36316823,-0.4663,-9.5312,-1.0620;
33,Jogging,36367823,-1.5747,-3.1738,19.1455;
33,Jogging,36418823,-3.0249,24.7363,31.5674;
33,Jogging,36469823,0.3027,11.3062,14.3555;
33,Jogging,36520823,-4.4092,-1.0425,12.3291;
33,Jogging,36571823,-1.4063,3.4351,1.7700;
33,Jogging,36622823,5.0220,-0.5054,-4.1406;
33,Jogging,36673823,-1.5845,-10.8301,-5.8447;
33,Jogging,36724823,-1.3916,1.5625,3.3569;
33,Jogging,36775823,-2.7148,23.9429,39.9988;
33,Jogging,36826823,7.4731,7.6221,11.7456;
33,Jogging,36877823,-3.7817,7.8857,11.1328;
33,Jogging,36928823,-5.3931,0.8569,26.6406;
33,Jogging,36979823,29.3579,-0.6030,18.1787;
33,Jogging,37030823,3.0420,-2.7393,7.2339;
33,Jogging,37081823,-0.1440,-5.0122,5.8228;
33,Jogging,37132823,2.2729,-10.1733,10.5518;
33,Jogging,37183823,-8.4863,5.3271,22.7148;
33,Jogging,37234823,-4.9902,22.2827,39.9988;
33,Jogging,37285823,-0.3369,7.0264,5.6689;
33,Jogging,37336823,-1.5088,2.8711,7.6562;
33,Jogging,37387823,2.3242,1.1255,3.4448;
33,Jogging,37438823,-5.5908,5.3979,4.0601;
33,Jogging,37489823,-3.2788,-4.1846,4.1040;
33,Jogging,37540823,-8.8672,4.5996,17.9639;
33,Jogging,37591823,11.0156,17.6123,39.7998;
33,Jogging,37642823,-6.7358,9.6533,11.3110;
33,Jogging,37693823,-0.2417,2.9395,24.1919;
33,Jogging,37744823,5.1343,-8.3496,10.6006;
33,Jogging,37795823,1.8701,1.4673,7.7148;
33,Jogging,37846823,2.5708,-7.0312,7.7393;
33,Jogging,37897823,-4.5605,-13.6450,1.6699;
33,Jogging,37948823,-6.2524,4.4922,17.6758;
33,Jogging,37999823,-1.9214,27.1875,39.2529;
33,Jogging,38050823,-2.2363,9.4238,10.8008;
33,Jogging,38101823,-3.5840,2.9443,10.6909;
33,Jogging,38152823,0.1196,1.7920,4.8315;
33,Jogging,38203823,27.2705,-2.1484,-3.6719;
33,Jogging,38254823,-2.5171,-5.4590,0.9326;
33,Jogging,38305823,-7.5928,1.0352,8.8477;
33,Jogging,38356823,-2.5903,11.8335,26.0327;
33,Jogging,38407823,-4.1943,12.4585,10.0708;
33,Jogging,38458823,-5.0757,9.4702,20.9131;
33,Jogging,38509823,6.7358,-12.7539,19.6997;
33,Jogging,38560823,0.8179,0.7422,10.1709;
33,Jogging,38611823,6.7627,-6.5088,6.2598;
33,Jogging,38662823,-3.4692,-7.8345,1.1401;
33,Jogging,38713823,-1.2378,1.7432,15.4272;
33,Jogging,38764823,-2.5391,12.9395,19.7729;
33,Jogging,38815823,-6.8481,15.8618,27.4536;
33,Jogging,38866823,-4.2749,6.0645,7.0605;
33,Jogging,38917823,-0.4370,1.4844,8.9722;
33,Jogging,38968823,10.5908,-0.4883,1.4551;
33,Jogging,39019823,-2.7173,-5.2612,6.4209;
33,Jogging,39070823,-9.7339,-0.2808,1.0352;
33,Jogging,39121823,-0.3711,0.2734,7.9639;
33,Jogging,39172823,11.9678,8.5425,20.6445;
33,Jogging,39223823,-7.6318,13.3813,11.0132;
33,Jogging,39274823,-1.2378,0.2881,19.3774;
33,Jogging,39325823,11.4600,-5.9155,16.4722;
33,Jogging,39376823,1.2769,-1.0352,7.6562;
33,Jogging,39427823,1.2671,-6.3843,4.0259;
33,Jogging,39478823,-0.3174,-9.4336,7.3608;
33,Jogging,39529823,-9.2310,3.8110,27.9419;
33,Jogging,39580823,-6.7432,17.6538,30.4883;
33,Jogging,39631823,-0.1392,13.5815,11.0742;
33,Jogging,39682823,-4.1846,5.8667,8.4644;
33,Jogging,39733823,-0.6128,0.0830,7.3364;
33,Jogging,39784823,39.9988,1.5869,15.0732;
33,Jogging,39835823,-4.5850,-10.0562,5.6421;
33,Jogging,39886823,-10.8545,0.8008,9.2896;
33,Jogging,39937823,1.7554,4.9365,17.9272;
33,Jogging,39988823,-8.5107,10.7446,9.4629;
33,Jogging,40039823,-2.8174,9.8315,20.6885;
33,Jogging,40090823,4.3701,-5.4858,13.6719;
33,Jogging,40141823,1.0913,-0.2295,10.9595;
33,Jogging,40192823,4.5728,-5.1172,6.6260;
33,Jogging,40243823,-3.2812,-3.8843,2.7588;
33,Jogging,40294823,1.3208,-2.7124,19.1846;
33,Jogging,40345823,-9.0674,10.9009,19.6606;
33,Jogging,40396823,-2.7808,13.6890,17.4756;
33,Jogging,40447823,-0.1221,5.9302,7.5586;
33,Jogging,40498823,0.7617,4.3481,7.9517;
33,Jogging,40549823,37.4390,-4.3262,8.8257;
33,Jogging,40600823,-11.1719,-12.3486,7.6123;
33,Jogging,40651823,-3.3716,1.3403,13.4033;
33,Jogging,40702823,5.1050,17.1313,27.1094;
33,Jogging,40753823,-9.1748,9.6289,7.2583;
33,Jogging,40804823,0.5273,2.6733,17.4023;
33,Jogging,40855823,11.1621,-22.0093,18.5352;
33,Jogging,40906823,-1.4648,-2.2119,8.2471;
33,Jogging,40957823,5.3589,-0.9448,4.6924;
33,Jogging,41008823,-2.2339,-3.6768,2.1631;
33,Jogging,41059823,-4.4043,-1.5234,23.2886;
33,Jogging,41110823,-11.3525,9.0820,27.7002;
33,Jogging,41161823,3.6743,10.1685,16.9019;
33,Jogging,41212823,1.9775,8.8989,10.7568;
33,Jogging,41263823,-1.1816,2.9321,5.3345;
33,Jogging,41314823,8.9282,1.4893,-3.5156;
33,Jogging,41365823,-8.6694,-8.7695,-0.4150;
33,Jogging,41416823,-5.4639,0.2539,4.7656;
33,Jogging,41467823,-0.8740,16.0571,39.9988;
33,Jogging,41518823,0.9644,2.3682,8.2324;
33,Jogging,41569823,-2.9980,12.7319,18.1543;
33,Jogging,41620823,2.4951,-9.2871,14.9829;
33,Jogging,41671823,0.0220,-1.0986,10.5103;
33,Jogging,41722823,5.1416,-5.4907,5.3516;
33,Jogging,41773823,-4.3848,-7.4902,0.7275;
33,Jogging,41824823,-2.0239,-1.5283,14.7266;
33,Jogging,41875823,-1.3086,15.3320,27.9761;
33,Jogging,41926823,-8.4277,17.8662,31.5796;
33,Jogging,41977823,-3.5083,10.1367,5.2344;
33,Jogging,42028823,-1.5869,4.2822,9.7437;
33,Jogging,42079823,11.4380,-3.4375,7.8735;
33,Jogging,42130823,-6.4990,-9.9072,4.7705;
33,Jogging,42181823,-13.9624,0.3979,-1.6357;
33,Jogging,42232823,1.1572,3.6841,4.4653;
33,Jogging,42283823,-1.4746,25.3906,37.1021;
33,Jogging,42334823,-2.7173,4.8071,17.0215;
33,Jogging,42385823,-2.7417,-2.5879,13.8086;
33,Jogging,42436823,5.7056,-5.4321,8.2715;
33,Jogging,42487823,1.2939,1.4478,7.5244;
33,Jogging,42538823,2.5513,-5.1172,6.6040;
33,Jogging,42589823,-2.4683,-1.7773,17.9028;
33,Jogging,42640823,-4.3555,11.3159,26.7529;
33,Jogging,42691823,-5.5811,17.8491,22.9248;
33,Jogging,42742823,-3.5229,3.2642,7.9956;
33,Jogging,42793823,-0.1123,2.2656,7.7295;
33,Jogging,42844823,4.4287,-1.1450,-2.6685;
33,Jogging,42895823,-4.7607,-7.5244,2.3511;
33,Jogging,42946823,-8.5303,1.4282,0.7642;
33,Jogging,42997823,5.5347,9.3164,32.4146;
33,Jogging,43048823,-1.9849,11.3672,13.5840;
33,Jogging,43099823,-2.1313,8.5596,17.0801;
33,Jogging,43150823,-3.7402,0.5859,18.0249;
33,Jogging,43201823,9.6167,-7.5586,14.0503;
33,Jogging,43252823,-1.2476,-0.7861,8.7280;
33,Jogging,43303823,2.2485,-8.5840,3.3838;
33,Jogging,43354823,0.0562,-9.8364,3.9746;
33,Jogging,43405823,-6.7798,3.2349,28.8452;
33,Jogging,43456823,-5.6909,15.5786,28.4937;
33,Jogging,43507823,-0.7446,10.7715,12.4072;
33,Jogging,43558823,-3.4985,6.9629,7.8296;
33,Jogging,43609823,-0.7593,1.1621,7.7930;
33,Jogging,43660823,39.9988,-1.7285,7.3633;
33,Jogging,43711823,-2.3755,-3.4644,2.0996;
33,Jogging,43762823,-11.6040,1.3232,5.9766;
33,Jogging,43813823,-1.8677,5.3149,18.2568;
33,Jogging,43864823,4.1553,9.7412,18.3716;
33,Jogging,43915823,-5.3442,4.3188,22.9370;
33,Jogging,43966823,-2.8369,-2.8955,12.7734;
33,Jogging,44017823,1.3232,1.6626,10.1074;
33,Jogging,44068823,2.5195,-3.0615,7.2852;
33,Jogging,44119823,0.9033,-8.0933,7.2363;
33,Jogging,44170823,-0.6812,-6.8311,16.6943;
33,Jogging,44221823,-10.3955,10.9375,29.7974;
33,Jogging,44272823,-2.2705,20.6616,29.2969;
33,Jogging,44323823,-1.7236,7.4146,9.0454;
33,Jogging,44374823,-5.2466,2.8906,9.7388;
33,Jogging,44425823,0.2319,-0.0928,2.0703;
33,Jogging,44476823,2.5366,-3.9502,3.4717;
33,Jogging,44527823,-1.6357,-1.9531,3.2715;
33,Jogging,44578823,-10.6494,5.5835,16.9946;
33,Jogging,44629823,5.9497,5.9766,19.4556;
33,Jogging,44680823,-13.6353,13.8989,12.1411;
33,Jogging,44731823,0.6299,0.5786,20.6421;
33,Jogging,44782823,4.0088,-1.9043,10.5029;
33,Jogging,44833823,0.8521,0.3687,11.1792;
33,Jogging,44884823,3.3423,-4.4458,5.3467;
33,Jogging,44935823,-3.7280,-10.8936,3.6768;
33,Jogging,44986823,-3.5889,0.1978,17.0728;
33,Jogging,45037823,-6.2720,15.8374,28.5254;
33,Jogging,45088823,-1.0083,10.5054,14.2139;
33,Jogging,45139823,-2.6709,6.2085,11.3306;
33,Jogging,45190823,-1.2939,1.1938,6.8433;
33,Jogging,45241823,3.7817,-0.6860,3.9722;
33,Jogging,45292823,-4.8047,-3.6792,4.1504;
33,Jogging,45343823,-9.5190,1.0327,2.5073;
33,Jogging,45394823,-2.5464,5.3809,18.1372;
33,Jogging,45445823,7.4390,5.1172,17.1436;
33,Jogging,45496823,-13.0615,12.0264,13.6719;
33,Jogging,45547823,-2.1777,0.4272,15.7910;
33,Jogging,45598823,11.7407,-0.5615,15.4663;
33,Jogging,45649823,0.1221,1.6504,9.1284;
33,Jogging,45700823,5.6079,-9.1553,6.3892;
33,Jogging,45751823,-2.1875,-8.2788,4.3457;
33,Jogging,45802823,-7.6636,1.0010,22.9492;
33,Jogging,45853823,-9.4946,14.0186,24.6924;
33,Jogging,45904823,2.3022,12.2266,15.4712;
33,Jogging,45955823,-0.6763,6.5381,10.1489;
33,Jogging,46006823,-2.3169,2.2900,5.0488;
33,Jogging,46057823,1.9946,0.8862,2.0605;
33,Jogging,46108823,-7.8833,-0.9497,0.2563;
33,Jogging,46159823,-4.3774,-2.1802,6.9580;
33,Jogging,46210823,-3.4082,6.7749,23.6353;
33,Jogging,46261823,4.8364,10.5908,17.9199;
33,Jogging,46312823,-12.0728,8.7061,14.9048;
33,Jogging,46363823,-0.8472,1.4746,16.9873;
33,Jogging,46414823,7.9810,2.1387,12.9883;
33,Jogging,46465823,-0.8643,1.0107,8.4155;
33,Jogging,46516823,4.8218,-10.9424,5.9863;
33,Jogging,46567823,0.6055,-12.8467,7.1558;
33,Jogging,46618823,-9.5288,7.3242,19.7461;
33,Jogging,46669823,-4.1211,18.3545,25.9448;
33,Jogging,46720823,-4.9170,10.6787,16.7163;
33,Jogging,46771823,-1.9653,6.0229,9.0430;
33,Jogging,46822823,-0.5859,0.9204,8.0859;
33,Jogging,46873823,2.5513,-1.1426,1.6113;
33,Jogging,46924823,-0.6104,-4.4897,0.9888;
33,Jogging,46975823,-7.0728,0.5420,0.8252;
33,Jogging,47026823,-1.4795,4.6509,16.5991;
33,Jogging,47077823,12.9541,0.9521,14.6265;
33,Jogging,47128823,-18.5254,11.0205,12.5562;
33,Jogging,47179823,0.4150,4.6680,17.1265;
33,Jogging,47230823,30.8887,3.2178,16.7798;
33,Jogging,47281823,-1.7920,-1.4185,8.9624;
33,Jogging,47332823,1.2085,-9.7266,3.2642;
33,Jogging,47383823,-0.0781,-12.0703,4.5435;
33,Jogging,47434823,-6.7505,5.9253,21.0718;
33,Jogging,47485823,-3.1152,12.4487,21.4648;
33,Jogging,47536823,-4.0625,10.3955,20.5615;
33,Jogging,47587823,-1.4893,7.7612,8.1885;
33,Jogging,47638823,-2.4683,3.8013,7.1851;
33,Jogging,47689823,1.1182,1.0791,5.0806;
33,Jogging,47740823,-5.3882,-1.8970,3.0078;
33,Jogging,47791823,-8.1665,-1.4624,4.0454;
33,Jogging,47842823,-3.4619,3.4644,11.0986;
33,Jogging,47893823,1.8677,12.3779,32.9932;
33,Jogging,47944823,-16.3696,13.0518,9.1431;
33,Jogging,47995823,0.6006,4.0552,18.2080;
33,Jogging,48046823,10.5908,-7.8613,20.6909;
33,Jogging,48097823,0.4150,0.7886,9.3970;
33,Jogging,48148823,1.7676,-6.4966,3.7109;
33,Jogging,48199823,-4.8437,-16.0498,3.2568;
33,Jogging,48250823,-2.9370,2.3267,16.2671;
33,Jogging,48301823,-5.2124,16.6968,29.4287;
33,Jogging,48352823,-1.2891,11.6943,15.6079;
33,Jogging,48403823,-3.5327,6.0400,10.7666;
33,Jogging,48454823,0.9497,0.3955,8.1372;
33,Jogging,48505823,7.3950,-3.2202,0.0293;
33,Jogging,48556823,-6.9678,-11.8774,2.0728;
33,Jogging,48607823,-7.5122,7.5269,-1.2646;
33,Jogging,48658823,-0.3516,8.4863,17.7710;
33,Jogging,48709823,0.9937,15.5933,18.6108;
33,Jogging,48760823,-5.4395,5.6689,19.8511;
33,Jogging,48811823,-7.0605,-3.6279,19.4458;
33,Jogging,48862823,22.4927,1.0864,18.6377;
33,Jogging,48913823,-4.8267,-0.3931,5.9717;
33,Jogging,48964830,-0.2393,-12.9590,1.9043;
33,Jogging,49015823,2.3169,-7.5073,12.0801;
33,Jogging,49066823,-9.3408,10.0513,26.3501;
33,Jogging,49117823,-6.1768,18.9575,31.1621;
33,Jogging,49168823,-2.7441,9.2187,10.5713;
33,Jogging,49219823,-5.9375,5.5640,7.5879;
33,Jogging,49270823,2.1582,2.3193,6.3037;
33,Jogging,49321823,14.5581,-10.4639,4.6948;
33,Jogging,49372823,-5.3223,-4.5752,8.8037;
33,Jogging,49423823,-8.3765,9.1528,18.7769;
33,Jogging,49474823,4.2383,24.7437,21.7798;
33,Jogging,49525823,-2.6050,4.7388,12.7612;
33,Jogging,49576823,-6.1890,1.4258,23.9185;
33,Jogging,49627823,1.1572,-8.1323,10.8838;
33,Jogging,49678823,-4.1284,2.3608,8.4424;
33,Jogging,49729823,6.3525,-5.4443,6.5625;
33,Jogging,49780823,-2.3730,-11.1475,4.3628;
33,Jogging,49831823,-1.8335,1.5820,16.9556;
33,Jogging,49882823,-8.9575,12.5781,26.0742;
33,Jogging,49933823,-2.0532,15.0854,20.1196;
33,Jogging,49984823,-3.0103,5.8765,10.6250;
33,Jogging,50035823,0.5444,3.7988,6.9092;
33,Jogging,50086823,9.4775,2.2266,0.1855;
33,Jogging,50137823,-6.9873,-3.4717,0.0708;
33,Jogging,50188823,-2.4414,3.3032,3.0835;
33,Jogging,50239823,-3.5767,7.1606,20.7422;
33,Jogging,50290823,7.2046,13.0078,20.4541;
33,Jogging,50341823,-10.5371,11.2695,15.8081;
33,Jogging,50392823,-1.2183,1.5381,17.1948;
33,Jogging,50443823,-1.6992,-5.2930,13.1177;
33,Jogging,50494823,2.7783,-4.5947,6.9727;
33,Jogging,50545823,-1.1523,-7.8638,2.0728;
33,Jogging,50596823,5.0244,-11.0010,5.5786;
33,Jogging,50647823,-10.5078,6.2500,24.1089;
33,Jogging,50698823,-2.4048,23.8281,30.5664;
33,Jogging,50749823,-0.9790,6.8848,12.1216;
33,Jogging,50800823,-1.3965,3.1909,11.5063;
33,Jogging,50851823,0.9082,0.2173,6.8115;
33,Jogging,50902823,4.3311,-5.7202,1.5259;
33,Jogging,50953823,-4.9268,-6.2720,1.6138;
33,Jogging,51004823,1.3257,2.9736,3.8623;
33,Jogging,51055823,-7.9492,24.3872,39.9988;
33,Jogging,51106823,-7.2021,5.4321,4.3970;
33,Jogging,51157823,-4.9194,2.6465,25.4443;
33,Jogging,51208823,5.9839,-0.8789,1.8164;
33,Jogging,51259823,-2.9370,0.4932,10.7202;
33,Jogging,51310823,0.8496,-7.6685,6.3672;
33,Jogging,51361823,10.0708,-18.9233,4.4312;
33,Jogging,51412823,-14.8462,8.8281,21.8896;
33,Jogging,51463823,-4.1772,22.3730,33.3862;
33,Jogging,51514823,-0.7837,11.3721,14.7900;
33,Jogging,51565823,-1.7480,7.6831,8.1982;
33,Jogging,51616823,0.4858,2.4976,3.7305;
33,Jogging,51667823,16.7212,-4.7681,-2.4902;
33,Jogging,51718823,-4.8804,-8.8062,-3.1958;
33,Jogging,51769823,-8.9526,2.0654,3.5645;
33,Jogging,51820823,-5.0342,24.3921,39.9988;
33,Jogging,51871823,0.3955,7.3730,11.2378;
33,Jogging,51922823,-2.5806,8.0200,23.4839;
33,Jogging,51973823,-0.8813,-3.4814,14.6411;
33,Jogging,52024823,0.9766,0.0952,9.2725;
33,Jogging,52075823,2.5000,-8.2275,6.0034;
33,Jogging,52126823,6.9116,-15.9424,6.3696;
33,Jogging,52177823,-5.7104,2.7661,14.8901;
33,Jogging,52228823,-2.4609,16.2720,29.0454;
33,Jogging,52279823,-2.7197,14.7485,19.3140;
33,Jogging,52330823,-2.9199,6.1108,8.6694;
33,Jogging,52381823,-0.8960,2.1973,7.2949;
33,Jogging,52432823,6.3379,-2.0557,-0.9937;
33,Jogging,52483823,-6.0498,-16.2964,1.3281;
33,Jogging,52534823,-5.0464,2.5073,2.7368;
33,Jogging,52585823,2.7759,8.9673,19.4067;
33,Jogging,52636823,1.2793,11.1621,12.9565;
33,Jogging,52687823,-7.6294,7.8809,18.4937;
33,Jogging,52738823,-2.9248,0.9766,17.6709;
33,Jogging,52789823,7.5049,0.1733,13.0469;
33,Jogging,52840847,-0.2246,-1.6089,7.9468;
33,Jogging,52891823,-2.0483,-14.8950,0.6665;
33,Jogging,52942823,3.1519,-10.2734,18.2080;
33,Jogging,52993823,-11.0425,11.2134,30.5640;
33,Jogging,53044823,-8.3984,19.1968,27.7686;
33,Jogging,53095823,-4.2798,8.4106,11.0474;
33,Jogging,53146823,-4.8486,5.0000,10.6226;
33,Jogging,53197823,1.7700,-0.7056,2.3022;
33,Jogging,53248823,-0.7861,0.4761,1.5479;
33,Jogging,53299823,-5.5103,-6.2109,1.8433;
33,Jogging,53350823,-10.8716,4.8755,14.5703;
33,Jogging,53401823,-0.6348,15.9888,30.5908;
33,Jogging,53452823,-6.0718,8.4277,7.8491;
33,Jogging,53503823,-2.0288,5.7056,25.0830;
33,Jogging,53554823,9.9756,-10.0171,15.2783;
33,Jogging,53605823,-2.3828,-0.1611,11.9824;
33,Jogging,53656823,4.8462,-7.2339,3.5669;
33,Jogging,53707823,0.4175,-15.8228,2.2363;
33,Jogging,53758823,-2.8149,0.3198,15.4419;
33,Jogging,53809823,-5.9424,17.6611,32.8906;
33,Jogging,53860823,-3.2568,10.1465,13.4058;
33,Jogging,53911823,0.1025,4.8828,11.7822;
33,Jogging,53962823,2.2583,1.8848,6.9775;
33,Jogging,54013823,10.3760,-0.5103,-0.5811;
33,Jogging,54064823,-13.4595,-16.1182,2.3242;
33,Jogging,54115823,-3.3862,1.3794,-0.3784;
33,Jogging,54166823,10.2197,14.4531,25.1929;
33,Jogging,54217823,-9.2847,9.9194,11.9849;
33,Jogging,54268823,-3.6597,4.3799,22.8345;
33,Jogging,54319823,-6.4673,-0.7080,13.8672;
33,Jogging,54370823,15.4565,4.1772,10.5713;
33,Jogging,54421823,-2.5903,-0.3345,4.6948;
33,Jogging,54472823,-1.5649,-13.5083,4.7974;
33,Jogging,54523823,7.1533,-8.2153,7.9956;
33,Jogging,54574823,-10.3491,14.9097,39.9988;
33,Jogging,54625823,-4.3140,23.4497,27.8857;
33,Jogging,54676823,-2.4902,5.0049,8.3228;
33,Jogging,54727823,-1.8799,2.6172,9.6338;
33,Jogging,54778823,8.3398,-2.4414,-1.1914;
33,Jogging,54829823,-3.4521,-1.0498,3.3203;
33,Jogging,54880823,-2.9175,1.0498,2.5757;
33,Jogging,54931823,-3.4985,3.4595,10.8813;
33,Jogging,54982823,0.7959,16.5527,27.6807;
33,Jogging,55033823,-7.4829,9.5923,14.6777;
33,Jogging,55084823,-2.2656,1.8750,19.0063;
33,Jogging,55135823,8.1689,-7.1973,9.3774;
33,Jogging,55186823,2.6440,-0.3125,8.2959;
33,Jogging,55237823,2.1460,-4.1724,6.9043;
33,Jogging,55288823,-1.9702,-13.5132,4.2944;
33,Jogging,55339823,-3.9404,3.3252,15.1782;
33,Jogging,55390823,-5.3857,17.1997,32.3511;
33,Jogging,55441823,-1.2451,12.8516,15.0952;
33,Jogging,55492823,-2.8467,2.9370,10.7886;
33,Jogging,55543823,0.8545,2.3779,6.5771;
33,Jogging,55594823,37.8442,6.3867,-0.5200;
33,Jogging,55645823,-7.6831,-6.1133,0.1099;
33,Jogging,55696823,-3.0493,-0.9473,2.8247;
33,Jogging,55747823,-1.7554,17.3218,37.8320;
33,Jogging,55798823,-0.0903,8.0127,8.6841;
33,Jogging,55849823,-10.3540,7.0337,19.1357;
33,Jogging,55900823,-1.5405,2.8540,14.8413;
33,Jogging,55951823,2.6855,-4.6167,12.0239;
33,Jogging,56002823,-3.5205,-0.1270,9.3799;
33,Jogging,56053823,2.7612,-7.6001,2.4512;
33,Jogging,56104823,1.3892,-10.4590,2.6855;
33,Jogging,56155823,-10.9814,9.2505,36.5161;
33,Jogging,56206823,-4.3164,22.7148,30.9546;
33,Jogging,56257823,-1.5967,7.5513,9.4434;
33,Jogging,56308823,-0.9839,2.6611,9.2627;
33,Jogging,56359823,-0.5688,1.6992,1.8115;
33,Jogging,56410823,25.7007,-2.3437,-4.6606;
33,Jogging,56461823,-8.0640,-5.7495,-2.2266;
33,Jogging,56512823,-7.1021,1.7432,12.6855;
33,Jogging,56563823,12.3364,10.5444,20.0610;
33,Jogging,56614823,-13.0347,7.0972,12.4512;
33,Jogging,56665823,-12.1582,8.5303,15.7544;
33,Jogging,56716823,6.3135,3.1445,17.4316;
33,Jogging,56767823,-0.4297,-7.1216,12.3975;
33,Jogging,56818823,-2.5757,-5.3052,7.3315;
33,Jogging,56869823,2.3682,-13.6450,0.9082;
33,Jogging,56920823,-7.0972,-2.4976,15.6812;
33,Jogging,56971823,-8.3423,16.7700,27.2437;
33,Jogging,57022823,-4.2798,15.0635,15.0977;
33,Jogging,57073823,-5.3833,2.1265,12.9980;
33,Jogging,57124823,-0.0732,0.4395,4.8779;
33,Jogging,57175823,10.7788,6.0815,-4.6143;
33,Jogging,57226823,-7.8223,-0.0537,-2.8516;
33,Jogging,57277823,-0.1611,-8.9087,2.9053;
33,Jogging,57328823,-9.5703,21.1157,39.9988;
33,Jogging,57379823,12.7173,13.7061,15.4346;
33,Jogging,58430027,-0.0012,-0.0012,-0.0012;
33,Jogging,58480833,1.7993,-12.1924,6.1987;
33,Jogging,58531823,-11.9409,9.1260,24.8975;
33,Jogging,58582823,-4.7168,20.9717,28.5522;
33,Jogging,58633823,-5.3955,9.6069,12.8467;
33,Jogging,58684823,-1.8384,3.7769,10.3125;
33,Jogging,58735823,-0.9521,2.6318,4.8242;
33,Jogging,58786823,15.7056,-2.2583,-3.4717;
33,Jogging,58837823,-7.5952,-10.1758,3.6914;
33,Jogging,58888823,-11.3721,-2.9785,0.1172;
33,Jogging,58939823,0.3076,8.0981,28.2886;
33,Jogging,58990823,2.9810,0.0830,10.7349;
33,Jogging,59041823,-14.9023,9.8755,18.3911;
33,Jogging,59092823,1.0156,0.2319,13.4888;
33,Jogging,59143823,2.8711,4.6704,11.7041;
33,Jogging,59194823,0.5859,0.2783,5.8496;
33,Jogging,59245823,1.5942,-7.2876,3.1567;
33,Jogging,59296823,8.2129,-15.9570,10.3052;
33,Jogging,59347823,-13.9160,9.7681,28.6377;
33,Jogging,59398823,-7.9736,19.2383,30.1367;
33,Jogging,59449823,-1.3745,9.0283,12.2437;
33,Jogging,59500823,-3.7427,4.9316,9.6680;
33,Jogging,59551823,-0.0952,-0.5054,8.5669;
33,Jogging,59602823,29.2529,-9.1626,5.8691;
33,Jogging,59653823,-5.9448,-8.1494,2.5732;
33,Jogging,59704823,-6.1450,1.3354,2.7295;
33,Jogging,59755823,1.4307,7.5513,36.1401;
33,Jogging,59806823,7.3022,2.4707,10.3174;
33,Jogging,59857823,-10.8008,14.6362,17.8101;
33,Jogging,59908823,4.1211,-6.0864,13.2935;
33,Jogging,59959832,0.6445,6.9653,12.1826;
33,Jogging,60010823,1.7627,-2.0117,7.1582;
33,Jogging,60061823,-0.5054,-10.9888,0.4590;
33,Jogging,60112823,5.1709,-7.7905,18.8867;
33,Jogging,60163823,-12.0605,14.8169,38.0054;
33,Jogging,60214823,-1.1768,18.4277,20.8862;
33,Jogging,60265823,-3.6133,11.0229,8.9941;
33,Jogging,60316823,-2.5342,1.5967,9.3652;
33,Jogging,60367823,0.6421,-0.2417,6.0254;
33,Jogging,60418823,8.2349,-9.5752,6.4526;
33,Jogging,60469823,-5.3320,-1.8457,6.7383;
33,Jogging,60520823,-4.2749,6.9824,21.0059;
33,Jogging,60571823,-0.6323,19.5459,27.0801;
33,Jogging,60622823,-4.9536,6.3403,10.4956;
33,Jogging,60673823,-2.8955,4.8291,18.2178;
33,Jogging,60724823,4.3506,-4.6021,11.8091;
33,Jogging,60775823,0.6445,-0.6860,11.7334;
33,Jogging,60826823,2.6929,-4.2773,5.1660;
33,Jogging,60877823,0.0415,-10.1709,2.0386;
33,Jogging,60928823,-0.9619,-1.9287,16.8433;
33,Jogging,60979823,-5.8862,12.0532,27.2656;
33,Jogging,61030823,-3.1177,15.7153,15.5981;
33,Jogging,61081823,-2.0923,3.2861,10.9839;
33,Jogging,61132823,-0.3516,1.5161,7.6221;
33,Jogging,61183823,-0.1172,0.9961,2.1436;
33,Jogging,61234823,-3.8330,0.6885,-2.7344;
33,Jogging,61285823,-9.2920,-4.8730,0.1514;
33,Jogging,61336823,-2.9907,9.6924,39.9988;
33,Jogging,61387823,0.0952,6.9531,11.5015;
33,Jogging,61438823,-12.3511,4.0186,14.3188;
33,Jogging,61489823,-4.6899,-0.9741,9.5435;
33,Jogging,61540823,2.3096,1.9971,10.0073;
33,Jogging,61591823,-0.2954,-4.1919,7.0654;
33,Jogging,61642823,2.0215,-5.7080,4.3335;
33,Jogging,61693823,-3.1885,-8.3276,10.9058;
33,Jogging,61744823,-7.7563,12.2852,36.9556;
33,Jogging,61795823,-3.3813,22.3413,25.6030;
33,Jogging,61846823,-5.2026,3.8281,10.9326;
33,Jogging,61897823,-4.7998,1.8335,12.4487;
33,Jogging,61948823,3.5498,2.0215,4.8462;
33,Jogging,61999823,13.0737,-6.7310,1.3110;
33,Jogging,62050823,-6.5649,-6.5552,0.4492;
33,Jogging,62101823,-6.3672,2.1899,8.0591;
33,Jogging,62152823,-4.0259,12.9712,35.4663;
33,Jogging,62203823,2.1729,10.2783,12.4927;
33,Jogging,62254823,-15.4272,6.2622,19.2358;
33,Jogging,62305823,-1.5234,0.1831,11.0742;
33,Jogging,62356823,1.7114,-1.2842,10.0415;
33,Jogging,62407823,3.0396,-3.3447,2.1973;
33,Jogging,62458823,4.0161,-14.0820,3.8647;
33,Jogging,62509823,-1.5723,-1.7188,17.7026;
33,Jogging,62560823,-5.6079,11.9043,24.5068;
33,Jogging,62611823,-5.4761,20.0171,27.3340;
33,Jogging,62662823,-4.4067,6.8579,6.6968;
33,Jogging,62713823,-1.6260,3.3643,11.0254;
33,Jogging,62764823,2.4609,1.9897,3.0786;
33,Jogging,62815823,-4.9121,-0.8594,4.2236;
33,Jogging,62866823,-4.4434,-2.8491,3.9185;
33,Jogging,62917823,-6.0718,2.5513,10.9351;
33,Jogging,62968823,-3.7280,16.3452,31.8896;
33,Jogging,63019823,-1.1938,7.6025,8.1543;
33,Jogging,63070823,-0.9888,7.1338,20.5493;
33,Jogging,63121823,-1.7334,-3.0566,11.3037;
33,Jogging,63172823,3.8989,3.9746,13.3936;
33,Jogging,63223823,2.0850,-6.3574,6.2524;
33,Jogging,63274823,-0.8447,-12.0117,1.4355;
33,Jogging,63325823,-0.7129,0.1831,19.5508;
33,Jogging,63376823,-5.8228,13.9233,27.7563;
33,Jogging,63427823,-1.2622,13.2935,15.6836;
33,Jogging,63478823,-1.2964,6.9556,7.9004;
33,Jogging,63529823,-0.6177,2.7539,8.3130;
33,Jogging,63580823,3.0908,-0.0269,4.5630;
33,Jogging,63631823,-5.7373,-6.7944,3.1104;
33,Jogging,63682823,-3.7573,10.9717,3.4644;
33,Jogging,63733823,1.3916,12.9004,34.1821;
33,Jogging,63784823,-3.4668,10.5249,9.5557;
33,Jogging,63835830,2.2314,7.2827,19.2627;
33,Jogging,63886823,-2.9321,0.2075,16.0767;
33,Jogging,63937823,13.0884,-0.7227,15.8350;
33,Jogging,63988823,1.3696,-1.5088,7.1826;
33,Jogging,64039823,0.4370,-9.6655,3.1567;
33,Jogging,64090823,1.8799,-8.3691,16.6089;
33,Jogging,64141823,-9.7607,12.5366,31.3501;
33,Jogging,64192823,-7.6636,18.0884,28.8647;
33,Jogging,64243823,-4.0063,7.9883,8.2690;
33,Jogging,64294823,-1.9800,6.4331,7.9468;
33,Jogging,64345823,0.6250,0.7544,4.6851;
33,Jogging,64396823,-2.8564,-2.1436,2.0801;
33,Jogging,64447823,-3.3594,-5.7495,7.1094;
33,Jogging,64498823,-11.7017,8.3032,21.9165;
33,Jogging,64549823,4.9023,14.0161,23.0542;
33,Jogging,64600823,-8.4448,10.6934,10.0879;
33,Jogging,64651823,-3.6450,2.1021,17.8589;
33,Jogging,64702823,3.3008,-6.8115,13.7378;
33,Jogging,64753823,-2.9956,0.3174,10.6348;
33,Jogging,64804823,3.9429,-6.0742,3.7671;
33,Jogging,64855823,0.6006,-5.1855,4.7803;
33,Jogging,64906823,-0.2881,-1.1206,17.5317;
33,Jogging,64957823,-7.8931,14.4946,25.9839;
33,Jogging,65008823,-0.1758,13.8794,16.0254;
33,Jogging,65059823,-3.0200,7.0898,8.8306;
33,Jogging,65110823,-0.7983,1.0596,7.2876;
33,Jogging,65161823,3.4277,-0.3442,0.1953;
33,Jogging,65212823,-4.3042,-1.5625,2.7783;
33,Jogging,65263823,-10.9424,0.5859,5.1147;
33,Jogging,65314823,0.2979,8.2959,21.7822;
33,Jogging,65365823,-0.0757,9.3237,9.7266;
33,Jogging,65416823,1.7627,7.3315,16.9824;
33,Jogging,65467823,-2.6196,0.1562,15.4224;
33,Jogging,65518823,2.0581,5.7251,7.1265;
33,Jogging,65569823,3.7622,1.4478,6.3477;
33,Jogging,65620823,0.3076,-5.7983,6.1914;
33,Jogging,65671823,-3.6157,-7.9053,15.9912;
33,Jogging,65722823,-5.5347,5.7715,26.9727;
33,Jogging,65773823,-15.1489,18.2813,29.7681;
33,Jogging,65824823,-1.1255,9.0039,9.5044;
33,Jogging,65875823,-2.2705,5.0708,9.7534;
33,Jogging,65926823,0.0610,1.8726,2.9346;
33,Jogging,65977823,3.2544,-7.8638,0.2393;
33,Jogging,66028823,-2.3120,-3.8354,2.7783;
33,Jogging,66079823,-4.7217,13.2129,39.9988;
33,Jogging,66130823,4.3335,8.3691,10.8618;
33,Jogging,66181823,-10.8276,9.8096,12.3389;
33,Jogging,66232823,-2.3315,2.4194,19.2456;
33,Jogging,66283823,11.4380,-3.2397,7.3853;
33,Jogging,66334823,-3.0884,-0.1758,9.8926;
33,Jogging,66385823,4.2554,-4.9438,6.5186;
33,Jogging,66436823,-3.3179,-12.1606,1.3916;
33,Jogging,66487823,-2.0435,0.2808,19.1504;
33,Jogging,66538823,-7.6831,15.5542,28.3472;
33,Jogging,66589823,-1.2451,17.3999,14.3335;
33,Jogging,66640823,-4.0723,4.6924,8.9233;
33,Jogging,66691823,-1.2988,1.5649,5.9937;
33,Jogging,66742823,9.7461,-1.8262,-4.9243;
33,Jogging,66793823,-7.8638,-4.0991,-1.5576;
33,Jogging,66844823,-3.3911,1.4893,5.4541;
33,Jogging,66895823,-3.4888,21.8896,39.9988;
33,Jogging,66946823,2.9175,7.8174,11.8481;
33,Jogging,66997823,-21.0864,9.7412,12.1143;
33,Jogging,67048823,-1.4673,2.2437,17.0361;
33,Jogging,67099823,11.9727,-5.5566,9.6436;
33,Jogging,67150823,-5.5200,1.3794,8.9844;
33,Jogging,67201823,4.0552,-5.6592,1.9897;
33,Jogging,67252823,-0.6909,-10.2344,1.7236;
33,Jogging,67303823,-3.2031,3.5083,26.5430;
33,Jogging,67354823,-7.3169,17.4023,29.1821;
33,Jogging,67405823,-1.7139,11.9849,12.2534;
33,Jogging,67456823,-3.0005,4.5825,9.2627;
33,Jogging,67507823,-1.6260,1.5332,4.8364;
33,Jogging,67558823,39.9988,2.4878,-2.5146;
33,Jogging,67609823,-6.1865,-7.9028,0.3345;
33,Jogging,67660823,-6.9897,1.5967,7.9907;
33,Jogging,67711823,39.9988,13.0151,24.3555;
33,Jogging,67762823,-22.5024,18.6572,6.2622;
33,Jogging,67813823,1.3501,9.2627,22.4561;
33,Jogging,67864823,-2.7466,-0.8008,13.6987;
33,Jogging,67915823,5.4517,-4.6436,9.3237;
33,Jogging,67966823,-1.8384,-1.0596,7.4707;
33,Jogging,68017823,1.5771,-8.7866,3.1030;
33,Jogging,68068823,-3.9307,-8.2422,18.0518;
33,Jogging,68119823,-6.1304,16.2158,26.0791;
33,Jogging,68170823,-1.9214,13.4546,16.2622;
33,Jogging,68221823,-3.0908,3.7378,11.9214;
33,Jogging,68272823,-1.6333,3.8501,6.8091;
33,Jogging,68323823,4.6362,2.2656,0.9546;
33,Jogging,68374823,-1.2573,-2.3511,8.1689;
33,Jogging,68425823,-12.6221,-9.6851,10.7690;
33,Jogging,68476823,0.3735,3.3984,24.1821;
33,Jogging,68527823,-1.3574,18.7061,19.0430;
33,Jogging,68578823,-4.5093,17.8003,12.3315;
33,Jogging,68629823,-1.9653,-0.4980,17.3120;
33,Jogging,68680823,-0.4663,-4.4653,9.2456;
33,Jogging,68731823,0.2686,5.7959,8.6914;
33,Jogging,68782823,4.6851,-6.6357,5.8594;
33,Jogging,68833823,0.1392,-3.1104,2.5903;
33,Jogging,68884823,-5.7373,-2.5757,25.1367;
33,Jogging,68935823,-5.9863,7.4048,18.6328;
33,Jogging,68986823,-6.0132,14.8267,18.2300;
33,Jogging,69037823,1.6895,4.8462,9.2407;
33,Jogging,69088823,5.5591,1.9360,8.6841;
33,Jogging,69139823,16.5137,-9.0186,0.1245;
33,Jogging,69190823,-9.1870,0.1709,0.2734;
33,Jogging,69241823,0.7227,14.4189,31.7090;
33,Jogging,69292823,-2.1387,6.5625,8.5986;
33,Jogging,69343823,-29.3555,19.7534,10.3491;
33,Jogging,69394823,1.4771,9.9902,11.3354;
33,Jogging,69445823,2.2534,-1.4038,24.9390;
33,Jogging,69496823,0.6543,-2.8809,9.5898;
33,Jogging,69547823,-0.4810,-2.4316,7.2192;
33,Jogging,69598823,1.4722,-8.0029,4.9902;
33,Jogging,69649823,-1.3672,-6.5942,4.2944;
33,Jogging,69700823,-6.1401,5.1636,27.0190;
33,Jogging,69751823,-6.7261,20.6909,28.4473;
33,Jogging,69802823,-4.6606,9.9756,14.3677;
33,Jogging,69853823,-2.3413,5.0146,8.9429;
33,Jogging,69904823,-2.2266,1.1865,5.8154;
33,Jogging,69955823,10.8276,-2.5635,-2.9224;
33,Jogging,70006823,-0.1758,-4.9268,0.1880;
33,Jogging,70057823,4.6655,-9.7803,11.6235;
33,Jogging,70108823,-1.5942,9.9756,31.5552;
33,Jogging,70159823,-1.0645,8.4473,9.8779;
33,Jogging,70210823,5.6763,14.4019,20.6860;
33,Jogging,70261823,-2.6880,-2.8027,15.7397;
33,Jogging,70312823,6.2720,-1.0840,8.2153;
33,Jogging,70363823,2.5293,-1.8213,6.4795;
33,Jogging,70414823,-1.4551,-6.7432,4.7583;
33,Jogging,70465823,-3.3398,-9.3506,19.5215;
33,Jogging,70516823,-8.9551,12.1387,32.4536;
33,Jogging,70567823,-2.3853,21.2549,24.8633;
33,Jogging,70618823,-1.8433,6.6113,5.6860;
33,Jogging,70669823,-0.7812,0.9570,11.3403;
33,Jogging,70720823,2.5781,0.4492,2.4146;
33,Jogging,70771823,-2.0020,0.2173,3.2129;
33,Jogging,70822823,-3.8184,-2.6904,5.8862;
33,Jogging,70873823,-4.6777,4.6729,26.4648;
33,Jogging,70924823,-5.8228,12.0117,15.0220;
33,Jogging,70975823,16.3135,22.6440,16.9629;
33,Jogging,71026823,-0.8081,-2.0825,16.0205;
33,Jogging,71077823,3.3276,0.8667,8.3936;
33,Jogging,71128823,0.7837,0.9912,12.1387;
33,Jogging,71179823,0.2002,-5.8960,4.6631;
33,Jogging,71230823,0.0024,-13.5547,2.2070;
33,Jogging,71281823,-4.1504,0.1611,25.1025;
33,Jogging,71332823,-4.2651,21.6919,33.2202;
33,Jogging,71383823,-1.5283,12.2656,9.0234;
33,Jogging,71434823,-4.2773,5.9399,9.3213;
33,Jogging,71485823,1.0986,0.1660,6.6187;
33,Jogging,71536823,20.1050,-5.3882,1.5430;
33,Jogging,71587823,-2.8784,-8.7280,3.8184;
33,Jogging,71638823,-13.6353,3.2886,9.3970;
33,Jogging,71689823,1.5063,10.3174,31.0913;
33,Jogging,71740823,-0.0562,5.4834,12.1948;
33,Jogging,71791823,-1.8530,7.5977,21.6455;
33,Jogging,71842823,0.5200,-3.6670,10.0562;
33,Jogging,71893823,1.2524,8.1982,10.1929;
33,Jogging,71944823,2.4341,-2.9761,7.0801;
33,Jogging,71995823,0.4639,-8.0786,3.6060;
33,Jogging,72046823,-3.3691,-7.6978,15.8887;
33,Jogging,72097823,-12.8638,11.4258,33.1030;
33,Jogging,72148823,-2.0264,18.5229,22.6416;
33,Jogging,72199823,-2.7832,6.3135,6.3086;
33,Jogging,72250823,-2.5195,2.1484,10.6030;
33,Jogging,72301823,1.8188,0.3052,5.3394;
33,Jogging,72352823,2.2363,-1.1426,3.9624;
33,Jogging,72403823,-6.6333,-8.4326,11.0474;
33,Jogging,72454823,-1.9043,6.0327,17.5488;
33,Jogging,72505823,-0.2612,11.2524,26.5747;
33,Jogging,72556823,-1.9360,6.2134,11.7725;
33,Jogging,72607823,-1.5967,9.2847,17.5684;
33,Jogging,72658823,0.3198,-4.9072,10.7642;
33,Jogging,72709823,-0.4687,3.0737,10.8765;
33,Jogging,72760823,1.9287,-2.2778,7.2437;
33,Jogging,72811823,2.2949,-4.8022,5.8740;
33,Jogging,72862823,-1.4282,-9.9756,15.8374;
33,Jogging,72913823,-12.3706,7.9614,27.0752;
33,Jogging,72964823,-5.0220,21.1377,25.7422;
33,Jogging,73015823,-3.2446,4.9658,7.5684;
33,Jogging,73066823,-0.9595,3.4863,10.4517;
33,Jogging,73117823,2.8662,1.1646,4.8096;
33,Jogging,73168823,0.4150,-2.9639,5.3101;
33,Jogging,73219823,-5.9497,-4.3457,7.3706;
33,Jogging,73270823,1.3184,7.7588,19.1309;
33,Jogging,73321823,-2.1484,10.9326,23.2422;
33,Jogging,73372823,-6.8896,8.1250,13.9917;
33,Jogging,73423823,-2.5757,3.6084,18.2178;
33,Jogging,73474823,0.2368,-3.0957,10.4712;
33,Jogging,73525823,-2.7808,3.5913,9.3994;
33,Jogging,73576823,1.6626,-2.6855,5.9937;
33,Jogging,73627823,1.8970,-6.3770,4.6289;
33,Jogging,73678823,0.2295,-5.1343,18.4912;
33,Jogging,73729823,-5.9570,10.7202,27.9346;
33,Jogging,73780823,-4.7485,17.3364,19.7778;
33,Jogging,73831823,-2.9980,2.8638,9.4604;
33,Jogging,73882823,1.0962,2.1240,6.0889;
33,Jogging,73933823,-0.4370,1.8872,0.2173;
33,Jogging,73984823,-2.4414,0.4785,0.0122;
33,Jogging,74035823,-1.8774,-0.1465,3.9429;
33,Jogging,74086823,-3.6011,4.6680,30.1489;
33,Jogging,74137823,-0.9790,6.8579,10.1196;
33,Jogging,74188823,-16.2817,6.7554,15.1929;
33,Jogging,74239823,-1.3623,3.2788,11.1914;
33,Jogging,74290823,3.5547,-0.7373,6.4087;
33,Jogging,74341823,0.2271,2.6782,9.7656;
33,Jogging,74392823,2.2729,-8.0200,3.3887;
33,Jogging,74443823,2.4927,-11.2964,7.7808;
33,Jogging,74494823,-6.7603,10.2368,31.3477;
33,Jogging,74545823,-5.1929,23.1665,29.2603;
33,Jogging,74596823,-7.0776,5.4443,8.8257;
33,Jogging,74647823,0.4614,1.9287,10.0610;
33,Jogging,74698823,-0.5884,1.8652,4.9512;
33,Jogging,74749823,11.6748,0.1685,-3.6230;
33,Jogging,74800823,-8.6768,-14.6875,-1.0107;
33,Jogging,74851823,-4.8389,1.1914,14.0161;
33,Jogging,74902823,13.3374,12.7173,19.2700;
33,Jogging,74953823,-11.2646,9.8462,6.1816;
33,Jogging,75004823,0.0488,8.6279,24.2236;
33,Jogging,75055823,2.3926,-5.6665,6.6895;
33,Jogging,75106823,0.2881,1.0254,10.3394;
33,Jogging,75157823,3.2373,-2.9370,6.1719;
33,Jogging,75208823,0.6177,-4.4897,3.8184;
33,Jogging,75259823,-1.7065,-4.2163,21.1035;
33,Jogging,75310823,-1.2378,16.7700,23.0859;
33,Jogging,75361823,-3.2690,10.5615,13.4106;
33,Jogging,75412823,-3.8940,2.3169,11.7554;
33,Jogging,75463823,2.3022,1.1475,7.1094;
33,Jogging,75514823,3.3960,0.5737,1.4575;
33,Jogging,75565823,-2.1558,-4.7656,-0.1025;
33,Jogging,75616823,-12.1558,-4.7681,2.4268;
33,Jogging,75667823,2.1509,7.8076,33.9795;
33,Jogging,75718823,-6.9531,8.4888,10.7788;
33,Jogging,75769823,-12.2119,6.0254,12.8394;
33,Jogging,75820823,-1.4453,4.5508,16.3477;
33,Jogging,75871823,33.8647,5.6494,13.8525;
33,Jogging,75922823,0.9131,0.6812,10.5444;
33,Jogging,75973823,3.0078,-7.0239,4.6924;
33,Jogging,76024823,2.7759,-13.2813,3.5132;
33,Jogging,76075823,-6.4966,6.2305,23.9990;
33,Jogging,76126823,-4.6484,19.0430,22.4536;
33,Jogging,76177823,-5.5859,8.6206,13.8135;
33,Jogging,76228823,-2.3682,2.9639,8.7451;
33,Jogging,76279823,1.8652,0.6714,7.8638;
33,Jogging,76330823,5.8765,-0.8252,2.6880;
33,Jogging,76381823,-2.6343,-3.9160,4.2310;
33,Jogging,76432823,-9.4238,-2.8223,-0.3052;
33,Jogging,76483823,-2.2974,6.7407,30.4004;
33,Jogging,76534823,-2.4097,8.6255,13.0444;
33,Jogging,76585823,1.8164,4.5728,17.1411;
33,Jogging,76636823,-1.9751,-1.3306,12.8271;
33,Jogging,76687823,-1.6992,6.1621,7.9639;
33,Jogging,76738823,1.4551,1.6992,8.9478;
33,Jogging,76789823,1.7725,-9.5117,5.3003;
33,Jogging,76840823,1.9434,-13.3618,5.3052;
33,Jogging,76891823,-11.6235,8.6914,38.4424;
33,Jogging,76942823,-5.3296,21.2036,25.4028;
33,Jogging,76993823,-6.2915,4.9048,8.7939;
33,Jogging,77044823,-0.5640,2.7808,11.7773;
33,Jogging,77095823,3.4985,0.8032,6.4404;
33,Jogging,77146823,13.2056,0.3711,-0.6714;
33,Jogging,77197823,-5.3296,-7.8760,-0.8667;
33,Jogging,77248823,-5.4932,1.6992,5.0659;
33,Jogging,77299823,-0.7349,12.8979,24.8584;
33,Jogging,77350823,-0.5640,3.8599,12.0654;
33,Jogging,77401823,-7.6660,6.0303,19.2578;
33,Jogging,77452823,-0.9326,-1.6968,11.4526;
33,Jogging,77503823,0.7129,2.3901,8.4766;
33,Jogging,77554823,1.7041,1.2329,6.4307;
33,Jogging,77605823,1.1841,-12.7979,3.6426;
33,Jogging,77656823,-0.7544,-8.9038,5.3027;
33,Jogging,77707823,-11.5601,10.0195,37.8809;
33,Jogging,77758823,-6.2866,24.6191,25.7813;
33,Jogging,77809823,-6.2915,5.3418,12.4561;
33,Jogging,77860823,0.8154,1.7090,13.8208;
33,Jogging,77911823,1.9922,2.3926,5.3784;
33,Jogging,77962823,5.3857,1.0107,-1.4185;
33,Jogging,78013823,-4.4800,-6.7163,-1.7603;
33,Jogging,78064823,-7.4170,0.2734,2.7075;
33,Jogging,78115823,-1.1719,11.2866,32.4731;
33,Jogging,78166823,0.6494,6.3525,10.5322;
33,Jogging,78217823,-11.2427,7.5146,16.7163;
33,Jogging,78268823,-0.8984,0.5957,12.5513;
33,Jogging,78319823,12.0581,3.3081,12.0850;
33,Jogging,78370823,-0.1074,1.6406,8.2324;
33,Jogging,78421823,2.4023,-8.5181,3.7988;
33,Jogging,78472823,0.5444,-14.9609,5.6958;
33,Jogging,78523823,-9.5044,6.5942,33.7134;
33,Jogging,78574823,-1.9238,22.3975,31.7505;
33,Jogging,78625823,-1.8115,7.2729,10.3833;
33,Jogging,78676823,-2.4414,2.3755,12.1729;
33,Jogging,78727823,-0.1782,2.3047,6.3110;
33,Jogging,78778823,12.2144,0.5615,-2.0337;
33,Jogging,78829823,-4.3579,-7.7222,0.0757;
33,Jogging,78880823,1.5161,9.8267,18.6377;
33,Jogging,78931823,2.9810,11.1792,22.0923;
33,Jogging,78982823,-4.1089,8.0273,11.1548;
33,Jogging,79033823,-3.8062,0.7788,19.6973;
33,Jogging,79084823,-4.9878,-0.5249,12.1997;
33,Jogging,79135823,6.5601,2.3315,10.2856;
33,Jogging,79186823,4.2041,0.0415,6.8896;
33,Jogging,79237823,0.5054,-9.7217,3.1226;
33,Jogging,79288823,-1.7212,-5.3345,18.3203;
33,Jogging,79339823,-9.0356,10.5981,29.4556;
33,Jogging,79390823,-5.6226,18.7134,25.8447;
33,Jogging,79441823,-4.4580,4.4067,11.7383;
33,Jogging,79492823,0.5347,3.5815,9.2432;
33,Jogging,79543823,-0.7202,4.5215,1.4941;
33,Jogging,79594823,9.9438,-6.3306,1.1133;
33,Jogging,79645823,-5.7544,-8.6255,1.9092;
33,Jogging,79696823,-4.4360,3.7036,19.7681;
33,Jogging,79747823,-4.9561,14.1748,21.9092;
33,Jogging,79798823,1.0791,9.4312,14.3530;
33,Jogging,79849823,-9.8486,5.6787,21.1914;
33,Jogging,79900823,-1.4795,-2.4365,12.9932;
33,Jogging,79951823,0.6274,1.1084,9.1187;
33,Jogging,80002823,0.6714,-1.9214,5.3833;
33,Jogging,80053823,1.9922,-14.5850,4.7339;
33,Jogging,80104823,-3.5449,-7.1191,14.4556;
33,Jogging,80155823,-7.9932,11.7896,33.9160;
33,Jogging,80206823,-8.0786,25.1416,26.5820;
33,Jogging,80257823,-3.7793,7.1411,9.1040;
33,Jogging,80308823,-2.5732,3.2788,8.6426;
33,Jogging,80359823,0.2832,2.0581,2.3389;
33,Jogging,80410823,18.3862,-12.4927,0.1514;
33,Jogging,80461823,-5.2100,-12.6733,5.0024;
33,Jogging,80512823,-5.1587,4.8120,11.0278;
33,Jogging,80563823,8.3789,21.1865,33.4277;
33,Jogging,80614823,-5.9204,6.8750,8.3740;
33,Jogging,80665823,-5.9448,5.3076,21.0376;
33,Jogging,80716823,-1.1914,-1.4429,13.2690;
33,Jogging,80767823,-2.9590,1.6382,7.2339;
33,Jogging,80818823,1.5771,0.4687,6.6455;
33,Jogging,80869823,-0.5029,-8.4668,7.9199;
33,Jogging,80920823,0.2148,-10.5615,20.7715;
33,Jogging,80971823,-3.5986,18.7988,29.5215;
33,Jogging,81022823,-3.6279,9.8779,18.5522;
33,Jogging,81073823,-7.4707,1.5039,13.6182;
33,Jogging,81124823,2.5977,5.3418,7.4707;
33,Jogging,81175823,8.4937,4.8413,-1.4868;
33,Jogging,81226823,-2.7271,-4.1040,-1.2061;
33,Jogging,81277833,-3.8135,-6.8921,3.1226;
33,Jogging,81328823,-0.2222,10.5664,15.8862;
33,Jogging,81379823,22.5903,5.5542,17.6025;
33,Jogging,81430823,-17.6050,10.6128,6.7529;
33,Jogging,81481823,-4.9219,8.4009,21.1865;
33,Jogging,81532823,7.1997,3.7207,18.4302;
33,Jogging,81583823,2.0801,1.7432,11.5552;
33,Jogging,81634823,-2.0605,-2.0459,9.0869;
33,Jogging,81685823,5.1758,-10.0269,7.6514;
33,Jogging,81736823,-2.6416,-14.7510,9.6973;
33,Jogging,81787823,-3.4863,13.9136,30.6152;
33,Jogging,81838823,-5.9204,25.9302,27.8589;
33,Jogging,81889823,-8.3765,5.7153,14.1431;
33,Jogging,81940823,3.5132,4.3213,9.2017;
33,Jogging,81991823,-2.1362,3.8916,1.6309;
33,Jogging,82042823,6.2476,-2.1509,-1.8750;
33,Jogging,82093823,-4.4214,-4.3506,-4.4751;
33,Jogging,82144823,2.2119,-5.5176,4.6338;
33,Jogging,82195823,-1.7212,6.8896,39.9988;
33,Jogging,82246823,-10.3589,6.3867,4.4507;
33,Jogging,82297823,0.8984,2.7979,15.7910;
33,Jogging,82348823,12.1509,1.7627,15.4810;
33,Jogging,82399823,0.8569,2.6001,9.8096;
33,Jogging,82450823,7.1631,-8.2031,8.0444;
33,Jogging,82501823,-3.6523,-9.1479,3.7744;
33,Jogging,82552823,2.5537,-1.7358,19.1504;
33,Jogging,82603823,-6.7407,13.9307,22.2754;
33,Jogging,82654823,-5.1392,11.1475,14.1577;
33,Jogging,82705823,1.6699,2.5464,13.1738;
33,Jogging,82756823,0.9692,1.7944,6.5039;
33,Jogging,82807823,7.4463,-0.1807,-2.5317;
33,Jogging,82858823,-8.7427,0.2026,-3.4082;
33,Jogging,82909823,-2.1191,2.1777,2.1655;
33,Jogging,82960823,-6.8188,17.4341,33.5254;
33,Jogging,83011823,-8.7573,6.0767,5.9521;
33,Jogging,83062823,-2.4658,7.8003,20.2441;
33,Jogging,83113823,0.1245,-2.6318,11.4038;
33,Jogging,83164823,4.7363,4.3799,14.4287;
33,Jogging,83215823,2.4072,-2.6294,7.2974;
33,Jogging,83266823,0.7983,-9.4165,4.0039;
33,Jogging,83317823,4.1162,-14.0649,13.0054;
33,Jogging,83368823,-13.2764,11.0376,36.1353;
33,Jogging,83419823,-3.9502,21.6675,23.8232;
33,Jogging,83470823,-6.6919,7.2778,10.5347;
33,Jogging,83521823,-1.1548,1.1426,11.5088;
33,Jogging,83572823,3.5327,1.2866,8.6157;
33,Jogging,83623823,18.4497,-9.5312,3.9380;
33,Jogging,83674823,-7.5244,-9.9902,1.2964;
33,Jogging,83725823,-7.0874,1.3647,4.1675;
33,Jogging,83776823,1.6748,8.3008,31.0840;
33,Jogging,83827823,1.3281,5.9448,10.2954;
33,Jogging,83878823,-14.1992,9.3628,16.5527;
33,Jogging,83929823,-0.7886,1.6748,13.3618;
33,Jogging,83980823,10.4028,-6.3037,15.9863;
33,Jogging,84031823,-0.4199,-0.2563,9.0869;
33,Jogging,84082823,0.1270,-5.9155,3.2300;
33,Jogging,84133823,-3.1787,-13.4277,4.9365;
33,Jogging,84184823,-5.6787,5.7300,30.0098;
33,Jogging,84235823,-10.0122,20.5518,30.5762;
33,Jogging,84286823,-3.8354,8.1323,9.7705;
33,Jogging,84337823,-2.1484,5.2148,10.9106;
33,Jogging,84388823,0.8594,1.0840,4.4482;
33,Jogging,84439823,21.1865,1.4795,0.1270;
33,Jogging,84490823,-0.4321,-1.9409,1.1450;
33,Jogging,84541823,-8.5791,1.4258,13.1812;
33,Jogging,84592823,-1.3110,13.0859,26.9678;
33,Jogging,84643823,-0.2490,8.9795,12.2656;
33,Jogging,84694823,-11.0571,4.1992,21.7041;
33,Jogging,84745823,-4.1089,-1.4746,10.9839;
33,Jogging,84796823,-2.8369,-0.7959,7.3706;
33,Jogging,84847823,0.5127,1.9995,3.8696;
33,Jogging,84898823,-1.3501,-12.6831,5.6567;
33,Jogging,84949823,-1.2451,-11.1011,14.7681;
33,Jogging,85000823,-13.6963,12.0703,34.8145;
33,Jogging,85051823,-4.7095,22.4194,26.9678;
33,Jogging,85102823,-0.3125,6.8481,8.2812;
33,Jogging,85153823,-3.8477,1.8237,11.6650;
33,Jogging,85204823,1.8384,0.3174,0.2441;
33,Jogging,85255823,27.3193,6.8018,0.5127;
33,Jogging,85306823,-3.2812,-6.9556,0.2588;