33,Jogging,60569312,-1.1475,-10.3491,3.0200;
33,Jogging,60630832,-1.7432,-0.6470,18.0420;
33,Jogging,60681836,-4.5068,9.3408,24.9731;
33,Jogging,60732820,-9.9731,18.0078,17.2217;
33,Jogging,60783818,0.5835,7.2998,7.6855;
33,Jogging,60834818,1.6382,0.7544,11.9531;
33,Jogging,60885818,2.1704,-0.7129,4.0112;
33,Jogging,60936818,-7.5757,-2.2095,4.7949;
33,Jogging,60987818,-25.0293,16.4063,-1.0889;
33,Jogging,61038818,6.5845,5.5493,14.1821;
33,Jogging,61089818,-6.8140,12.3022,22.0483;
33,Jogging,61140818,-3.3081,3.7329,13.7427;
33,Jogging,61191818,-6.4746,0.7544,17.5757;
33,Jogging,61242818,-2.3218,0.0146,10.2026;
33,Jogging,61293818,9.8145,-1.5137,14.2822;
33,Jogging,61344818,3.9600,-6.9263,6.1597;
33,Jogging,61395818,-0.5835,-7.8223,6.4575;
33,Jogging,61446818,-1.2451,-2.2729,15.6494;
33,Jogging,61497818,-4.8267,9.2310,32.5488;
33,Jogging,61548818,-9.0918,9.1211,18.7183;
33,Jogging,61599818,5.6372,11.2524,13.3911;
33,Jogging,61650818,6.9287,4.0796,6.0913;
33,Jogging,61701818,-2.2095,2.7466,0.9961;
33,Jogging,61752818,-3.9673,-1.3330,1.2891;
33,Jogging,61803818,-25.6128,9.2651,1.6724;
33,Jogging,61854818,6.2378,2.0117,18.2886;
33,Jogging,61905818,-4.5679,8.7573,15.5957;
33,Jogging,61956818,-2.6196,5.7520,15.5054;
33,Jogging,62007818,-6.2305,2.0410,15.8057;
33,Jogging,62058818,-1.4868,-0.1270,10.4541;
33,Jogging,62109818,5.9863,2.3657,13.4619;
33,Jogging,62160818,2.3437,-5.4272,2.7490;
33,Jogging,62211818,0.2686,-11.5454,6.8896;
33,Jogging,62262818,-2.2095,5.1025,28.4204;
33,Jogging,62313818,-7.0166,19.9121,34.8193;
33,Jogging,62364818,-0.4590,8.5913,10.4932;
33,Jogging,62415818,-1.4307,3.0298,15.6812;
33,Jogging,62466818,0.3760,0.5591,6.7407;
33,Jogging,62517818,10.7031,-0.8252,-2.9761;
33,Jogging,62568818,-8.8574,-10.6128,1.3794;
33,Jogging,62619818,17.9639,7.2974,26.9360;
33,Jogging,62670818,-2.6147,13.8013,25.8032;
33,Jogging,62721818,-5.8350,9.0112,7.0605;
33,Jogging,62772818,-2.2705,4.6216,17.6514;
33,Jogging,62823818,-6.8604,2.5488,13.5400;
33,Jogging,62874818,-5.4150,3.1519,4.9902;
33,Jogging,62925818,5.8862,-4.3506,10.9326;
33,Jogging,62976818,-0.5566,-8.9990,2.9102;
33,Jogging,63027818,0.9595,-5.4102,9.6875;
33,Jogging,63078818,-4.8950,6.3232,32.5903;
33,Jogging,63129818,-17.6025,21.2817,34.8853;
33,Jogging,63180818,-0.8032,6.6650,8.8452;
33,Jogging,63231818,0.3003,4.6851,12.6050;
33,Jogging,63282818,0.7275,0.7690,5.4028;
33,Jogging,63333818,-1.9189,4.5898,4.2261;
33,Jogging,63384818,-6.4233,2.8345,-0.2881;
33,Jogging,63435818,4.3726,0.4712,4.5679;
33,Jogging,63486818,-1.3110,15.4736,39.9988;
33,Jogging,63537818,-0.4980,4.3018,7.4585;
33,Jogging,63588818,-8.3496,6.1768,18.9868;
33,Jogging,63639818,-0.7617,0.5811,14.6582;
33,Jogging,63690818,22.1924,-2.9224,22.3877;
33,Jogging,63741818,0.3345,-4.1187,6.0620;
33,Jogging,63792818,3.1836,-17.2754,0.7471;
33,Jogging,63843837,0.5591,0.9790,16.5259;
33,Jogging,63894818,-4.2090,12.7539,27.5635;
33,Jogging,63945818,-0.0073,15.5225,17.9736;
33,Jogging,63996818,-4.1309,7.3657,9.6875;
33,Jogging,64047818,-1.4600,2.6978,10.4346;
33,Jogging,64098818,6.3623,-1.5479,3.1665;
33,Jogging,64149818,-9.5166,-17.1362,5.5835;
33,Jogging,64200818,0.1172,-3.6548,-2.7222;
33,Jogging,64251818,0.1562,2.4414,7.4756;
33,Jogging,64302818,-4.5459,16.2549,20.6787;
33,Jogging,64353818,-0.9839,5.9155,8.4204;
33,Jogging,64404818,-7.1021,7.1484,20.4614;
33,Jogging,64455818,4.6973,-3.7866,15.4687;
33,Jogging,64506818,2.2656,-5.2686,7.8296;
33,Jogging,64557818,-4.3530,-10.0000,-0.0171;
33,Jogging,64608818,3.7207,-6.5015,13.1006;
33,Jogging,64659818,-2.7808,5.7886,26.4502;
33,Jogging,64710818,-12.7271,17.7930,25.5591;
33,Jogging,64761818,0.3418,6.9409,10.1294;
33,Jogging,64812818,-0.4761,3.6328,11.0596;
33,Jogging,64863818,2.6440,0.3711,6.7383;
33,Jogging,64914818,-4.0332,-10.3931,7.1240;
33,Jogging,64965818,-11.5845,2.0410,-1.8945;
33,Jogging,65016818,1.4380,1.7236,9.8511;
33,Jogging,65067818,-6.1328,19.7681,20.6787;
33,Jogging,65118818,0.9717,3.5937,8.3423;
33,Jogging,65169818,-12.4023,3.6060,21.7896;
33,Jogging,65220818,-1.3354,-0.0220,10.1025;
33,Jogging,65271818,19.1138,-6.1841,16.4233;
33,Jogging,65322818,-3.8696,-12.4390,4.1260;
33,Jogging,65373818,3.3423,-8.7671,5.8228;
33,Jogging,65424818,-3.0029,4.1968,26.3330;
33,Jogging,65475818,-12.3608,18.1982,32.0093;
33,Jogging,65526818,-0.4272,8.2739,10.9033;
33,Jogging,65577818,-0.5151,6.9360,9.3677;
33,Jogging,65628818,0.3052,2.4951,7.7295;
33,Jogging,65679818,24.7412,-17.1655,10.0000;
33,Jogging,65730818,-11.0010,-6.0596,10.6616;
33,Jogging,65781818,2.7002,0.8618,5.8496;
33,Jogging,65832818,-0.1782,20.9180,37.4512;
33,Jogging,65883818,-2.6978,6.8457,5.6958;
33,Jogging,65934818,-1.6846,5.7349,25.1953;
33,Jogging,65985818,-4.0088,1.3013,14.8730;
33,Jogging,66036818,19.4751,-6.0840,20.9546;
33,Jogging,66087818,1.3110,-5.0977,5.7568;
33,Jogging,66138818,1.9922,-12.7588,3.2178;
33,Jogging,66189818,1.6431,-0.5981,16.2012;
33,Jogging,66240818,-2.8247,8.7793,29.7095;
33,Jogging,66291818,-11.4868,14.9756,20.2075;
33,Jogging,66342818,0.5811,8.4180,10.6470;
33,Jogging,66393818,-1.2622,1.8530,10.0635;
33,Jogging,66444820,3.2520,-0.8057,-0.1147;
33,Jogging,66495818,-4.1016,-2.1826,0.1807;
33,Jogging,66546818,-4.6216,3.2959,5.0220;
33,Jogging,66597818,4.7510,14.8364,37.7515;
33,Jogging,66648818,-4.3628,7.7954,7.0264;
33,Jogging,66699818,-3.3423,6.0718,19.7510;
33,Jogging,66750818,-6.0327,-0.0049,17.2852;
33,Jogging,66801818,-0.5640,-1.1206,10.4858;
33,Jogging,66852818,11.5771,-6.9067,11.5479;
33,Jogging,66903818,-0.7666,-10.7593,1.3159;
33,Jogging,66954818,-0.9961,-5.1294,9.0259;
33,Jogging,67005818,-4.5850,7.9834,37.7148;
33,Jogging,67056818,-11.5112,25.7861,33.7329;
33,Jogging,67107818,4.4580,7.9346,8.9380;
33,Jogging,67158818,-2.7173,0.4028,13.0054;
33,Jogging,67209818,-2.2778,1.8579,2.2388;
33,Jogging,67260818,6.0986,-3.6328,2.4536;
33,Jogging,67311818,-8.9136,-9.1504,9.2090;
33,Jogging,67362818,5.4785,7.1899,17.0142;
33,Jogging,67413818,-4.7412,16.0522,22.1973;
33,Jogging,67464818,-0.8545,6.7212,18.2080;
33,Jogging,67515818,-4.4702,3.1372,21.1572;
33,Jogging,67566818,-2.4048,-1.4380,12.4658;
33,Jogging,67617818,7.7222,-7.3706,9.2676;
33,Jogging,67668818,-0.5640,-5.4468,4.6216;
33,Jogging,67719818,-0.0903,-6.2109,4.8364;
33,Jogging,67770818,-5.4199,6.1108,35.1343;
33,Jogging,67821818,-14.1138,18.3252,33.4888;
33,Jogging,67872818,-0.5835,5.6445,12.0703;
33,Jogging,67923818,0.8350,5.7812,7.7344;
33,Jogging,67974818,7.4658,-0.4492,-1.7261;
33,Jogging,68025818,-4.3628,3.1885,2.8052;
33,Jogging,68076818,-4.7144,-1.1865,3.4863;
33,Jogging,68127818,-2.5195,11.3306,36.1548;
33,Jogging,68178818,-3.6084,11.5503,10.5591;
33,Jogging,68229818,-4.9023,5.1880,17.6929;
33,Jogging,68280818,-2.0581,2.8418,14.6216;
33,Jogging,68331818,2.4487,-3.7915,2.8320;
33,Jogging,68382818,4.3384,-4.7339,9.7461;
33,Jogging,68433818,1.2402,-5.8203,4.3481;
33,Jogging,68484818,-2.1167,-8.0420,10.5786;
33,Jogging,68535818,-3.1323,5.7031,28.5254;
33,Jogging,68586818,-15.2832,18.5059,34.5825;
33,Jogging,68637818,0.8447,6.7969,8.2886;
33,Jogging,68688818,0.0293,5.8008,10.2051;
33,Jogging,68739818,8.9893,1.0840,2.6099;
33,Jogging,68790818,-4.3970,3.0444,3.1543;
33,Jogging,68841818,-2.5610,-3.1592,4.9072;
33,Jogging,68892818,-2.9395,2.2144,15.0073;
33,Jogging,68943818,-1.9287,9.8730,24.4409;
33,Jogging,68994818,-0.3394,8.9648,13.3789;
33,Jogging,69045818,-1.9629,7.7075,16.5356;
33,Jogging,69096818,-2.0508,3.2910,11.7920;
33,Jogging,69147818,3.3325,-0.8032,11.8164;
33,Jogging,69198818,1.6211,-2.5830,8.3716;
33,Jogging,69249818,-1.7554,-9.7461,3.8135;
33,Jogging,69300818,0.9546,-6.2769,17.9248;
33,Jogging,69351818,-0.7959,11.0718,28.8281;
33,Jogging,69402818,-17.9053,13.5425,19.4800;
33,Jogging,69453818,2.4707,8.9062,5.0806;
33,Jogging,69504818,4.0039,3.5937,5.0586;
33,Jogging,69555818,18.5034,-0.5054,-0.1294;
33,Jogging,69606818,-13.1714,-14.6338,0.4175;
33,Jogging,69657818,-3.7378,2.6489,4.8437;
33,Jogging,69708818,5.0488,6.7969,17.0215;
33,Jogging,69759818,-10.0049,16.8408,14.6533;
33,Jogging,69810818,-1.9434,4.1040,12.7271;
33,Jogging,69861818,-6.4990,2.3584,15.4321;
33,Jogging,69912818,8.4717,-6.4502,10.6055;
33,Jogging,69963818,0.1660,-3.0957,11.6797;
33,Jogging,70014818,-0.2417,-4.0405,4.3164;
33,Jogging,70065818,0.9253,-10.4443,4.7119;
33,Jogging,70116818,-5.7275,3.1152,39.9988;
33,Jogging,70167818,-14.8462,13.8379,21.2793;
33,Jogging,70218818,-3.4741,7.7979,12.5562;
33,Jogging,70269818,4.5728,8.1494,6.0083;
33,Jogging,70320822,11.5405,-0.8105,5.8862;
33,Jogging,70371818,-11.0278,-14.2725,5.5225;
33,Jogging,70422818,-2.7539,1.6382,2.3877;
33,Jogging,70473818,0.6641,7.0044,24.9072;
33,Jogging,70524818,2.2437,17.6392,21.7969;
33,Jogging,70575818,-2.5684,4.6802,12.3560;
33,Jogging,70626818,-8.5327,4.4434,12.7563;
33,Jogging,70677818,-3.3984,1.2109,11.9775;
33,Jogging,70728818,-3.1860,-2.2852,10.9570;
33,Jogging,70779818,13.6719,-21.2915,12.4341;
33,Jogging,70830818,-0.6738,-4.2432,16.4722;
33,Jogging,70881818,-4.1553,10.8594,34.7754;
33,Jogging,70932818,-9.6362,20.1270,19.4678;
33,Jogging,70983818,-4.3140,5.1636,8.2690;
33,Jogging,71034818,1.6821,4.4141,5.8496;
33,Jogging,71085818,8.8354,1.3599,-0.2002;
33,Jogging,71136818,-6.6162,-4.3799,4.2334;
33,Jogging,71187818,-3.0493,-5.5322,4.3311;
33,Jogging,71238818,2.8345,7.0752,39.0747;
33,Jogging,71289818,0.4541,11.7383,9.0747;
33,Jogging,71340818,-10.6982,7.4268,8.0981;
33,Jogging,71391818,-7.7246,4.4897,18.3179;
33,Jogging,71442818,0.9985,0.2808,7.3975;
33,Jogging,71493818,12.0068,-6.9214,14.6631;
33,Jogging,71544818,0.0928,-1.7676,4.7534;
33,Jogging,71595818,0.6274,-8.0957,2.2583;
33,Jogging,71646818,-2.3145,1.2769,27.3047;
33,Jogging,71697818,-12.7026,23.2910,39.9988;
33,Jogging,71748818,1.6138,6.6284,8.7451;
33,Jogging,71799818,1.7285,4.2798,11.6724;
33,Jogging,71850818,3.7598,0.3394,4.0308;
33,Jogging,71901818,-6.1914,-1.3452,4.3359;
33,Jogging,71952818,-6.0693,-4.4067,4.1602;
33,Jogging,72003818,3.3765,2.4414,13.9380;
33,Jogging,72054818,-5.2539,16.4526,36.5039;
33,Jogging,72105818,-3.6353,5.0488,3.6450;
33,Jogging,72156818,-4.9463,5.9692,21.3403;
33,Jogging,72207818,-1.8774,1.7236,10.2930;
33,Jogging,72258818,5.6787,1.0132,13.0835;
33,Jogging,72309818,2.8101,-4.7095,5.8154;
33,Jogging,72360818,-0.7373,-11.4160,1.4893;
33,Jogging,72411818,1.0742,-4.3433,14.9023;
33,Jogging,72462818,-1.9214,11.0083,27.3560;
33,Jogging,72513818,-12.3682,22.9297,30.9473;
33,Jogging,72564818,-0.1489,6.3330,6.4233;
33,Jogging,72615818,2.1655,0.9082,6.7651;
33,Jogging,72666818,3.5913,3.8770,-1.8286;
33,Jogging,72717818,-8.8745,-2.0776,2.8687;
33,Jogging,72768818,-1.9434,-3.5132,5.5664;
33,Jogging,72819818,-2.8320,4.4165,22.2754;
33,Jogging,72870818,-3.0688,14.5410,19.1504;
33,Jogging,72921818,-2.3193,4.8828,9.9463;
33,Jogging,72972818,-2.8149,5.9106,17.4341;
33,Jogging,73023818,-1.0278,0.7764,10.6885;
33,Jogging,73074818,21.3647,-8.4399,22.7759;
33,Jogging,73125818,-0.1270,-3.2007,5.7495;
33,Jogging,73176818,0.4224,-13.2275,-0.3052;
33,Jogging,73227818,1.5845,-2.8882,12.6196;
33,Jogging,73278818,-3.9551,7.9541,33.7427;
33,Jogging,73329818,0.8179,20.1611,22.4658;
33,Jogging,73380818,0.6982,8.1836,5.1880;
33,Jogging,73431818,0.4785,1.6870,11.5088;
33,Jogging,73482818,7.0435,-5.7886,9.0088;
33,Jogging,73533818,-5.3589,-7.3535,8.4033;
33,Jogging,73584818,-2.9443,0.9619,-0.3979;
33,Jogging,73635818,-1.1084,2.7368,3.4644;
33,Jogging,73686818,-10.4175,26.7676,39.9988;
33,Jogging,73737818,0.2100,4.0991,6.2817;
33,Jogging,73788818,0.1245,5.5029,25.4736;
33,Jogging,73839818,-0.9644,-0.2612,16.0522;
33,Jogging,73890818,11.2964,-2.7563,14.6899;
33,Jogging,73941818,-0.7153,-4.4116,7.1924;
33,Jogging,73992818,0.5786,-11.0132,2.3047;
33,Jogging,74043818,1.4697,-3.7476,9.1968;
33,Jogging,74094818,-4.9414,6.0034,36.3330;
33,Jogging,74145818,-20.9888,22.7856,29.6094;
33,Jogging,74196818,1.6553,11.1133,9.7168;
33,Jogging,74247818,-2.0142,2.9077,10.9326;
33,Jogging,74298818,0.1709,-1.5967,8.4375;
33,Jogging,74349818,12.9370,-9.0234,7.1851;
33,Jogging,74400818,-7.8589,-5.9155,5.2295;
33,Jogging,74451818,1.8140,0.9375,5.1465;
33,Jogging,74502818,0.3638,23.5547,39.9988;
33,Jogging,74553818,-1.2378,4.2676,1.4893;
33,Jogging,74604818,-1.0791,4.4336,25.0024;
33,Jogging,74655818,-3.8428,2.0215,15.7617;
33,Jogging,74706818,27.8857,-10.8008,15.9595;
33,Jogging,74757818,-0.1733,-4.1406,5.2368;
33,Jogging,74808818,0.4175,-9.9341,2.8320;
33,Jogging,74859818,0.1221,-3.1689,13.5156;
33,Jogging,74910818,-5.4199,8.4717,34.2041;
33,Jogging,74961818,-14.1138,18.0176,24.6094;
33,Jogging,75012818,4.0137,12.2681,7.3584;
33,Jogging,75063818,1.5454,2.2070,9.8877;
33,Jogging,75114818,-2.0361,-0.1440,1.6577;
33,Jogging,75165818,-3.8330,-6.0840,4.1724;
33,Jogging,75216818,-8.2959,0.8374,2.0093;
33,Jogging,75267818,9.2212,14.7412,39.9988;
33,Jogging,75318818,-3.4790,12.9785,9.1577;
33,Jogging,75369818,-2.2168,6.7773,15.9521;
33,Jogging,75420818,-6.6992,5.9619,18.8867;
33,Jogging,75471818,-15.0732,2.7930,10.0000;
33,Jogging,75522818,6.3184,-6.4941,8.1055;
33,Jogging,75573818,1.2964,-4.6509,2.9199;
33,Jogging,75624818,-1.3452,-6.4966,5.8838;
33,Jogging,75675818,-3.2959,1.5649,26.1865;
33,Jogging,75726818,-10.1343,16.7212,35.7471;
33,Jogging,75777818,6.9897,14.0137,8.8135;
33,Jogging,75828818,-1.0376,7.4780,9.4897;
33,Jogging,75879818,-1.7480,1.7603,7.4536;
33,Jogging,75930818,13.2568,-3.4448,2.4170;
33,Jogging,75981818,-8.4448,-16.5552,6.4893;
33,Jogging,76032818,2.6782,-1.5356,7.5488;
33,Jogging,76083818,2.2900,22.5244,39.9988;
33,Jogging,76134818,-3.5034,6.5723,4.5337;
33,Jogging,76185818,-5.8032,4.2627,22.3022;
33,Jogging,76236818,-2.8198,1.0107,12.0557;
33,Jogging,76287818,2.7563,-4.2041,11.2988;
33,Jogging,76338818,8.4985,-11.7261,8.7866;
33,Jogging,76389818,1.2964,-8.6279,4.5410;
33,Jogging,76440818,-2.9443,-1.7139,13.6084;
33,Jogging,76491818,-3.7964,7.9736,29.2578;
33,Jogging,76542818,-12.3389,16.8457,22.7295;
33,Jogging,76593818,1.7407,10.1392,9.0991;
33,Jogging,76644818,-1.0083,1.0083,9.1211;
33,Jogging,76695818,1.5234,0.7275,4.0088;
33,Jogging,76746818,0.9644,0.9009,3.9722;
33,Jogging,76797818,-6.8604,-1.4624,7.1924;
33,Jogging,76848818,1.6748,0.9766,11.1694;
33,Jogging,76899818,-1.6772,15.5566,24.5483;
33,Jogging,76950818,-3.0371,9.3164,8.5718;
33,Jogging,77001818,-4.2432,5.2148,23.2642;
33,Jogging,77052818,-0.5566,0.6396,13.5913;
33,Jogging,77103818,10.3882,-6.0767,15.7349;
33,Jogging,77154818,-6.0937,-10.6860,1.6626;
33,Jogging,77205818,11.7163,-14.9878,0.4102;
33,Jogging,77256818,-1.4282,2.3560,19.2871;
33,Jogging,77307818,-4.1528,7.7539,21.2451;
33,Jogging,77358818,-10.1318,16.2012,27.5513;
33,Jogging,77409818,5.2808,8.9209,11.6455;
33,Jogging,77460818,4.0991,3.3496,14.2578;
33,Jogging,77511818,4.1479,-3.4326,6.9751;
33,Jogging,77562818,-2.2632,-9.1187,1.3745;
33,Jogging,77613818,-3.8232,0.4102,-0.2490;
33,Jogging,77664818,-0.9839,0.8594,3.5767;
33,Jogging,77715818,-7.5220,27.8052,39.9988;
33,Jogging,77766818,0.8643,6.0889,9.7632;
33,Jogging,77817818,-2.4023,4.5801,21.1206;
33,Jogging,77868818,0.1611,-5.5249,7.9932;
33,Jogging,77919818,0.7202,-2.2705,6.4282;
33,Jogging,77970818,2.4609,-3.8379,6.2915;
33,Jogging,78021818,-0.9985,-4.1577,3.1689;
33,Jogging,78072818,-2.7808,3.1763,22.2974;
33,Jogging,78123818,-9.6753,17.8589,32.1240;
33,Jogging,78174818,-4.7339,12.2607,13.5254;
33,Jogging,78225818,-4.0698,4.7949,11.8091;
33,Jogging,78276818,2.0483,-1.0181,8.7134;
33,Jogging,78327818,10.7910,-1.8018,2.6807;
33,Jogging,78378818,-11.7773,-9.0381,4.0332;
33,Jogging,78429818,-3.1323,0.6470,-0.5835;
33,Jogging,78480818,2.0410,7.9395,27.5513;
33,Jogging,78531818,0.8301,10.2148,15.6592;
33,Jogging,78582818,-4.5459,5.6567,20.1172;
33,Jogging,78633818,-2.2534,0.9961,16.2524;
33,Jogging,78684818,0.8057,-7.2656,5.6982;
33,Jogging,78735818,2.2632,-4.3530,6.8091;
33,Jogging,78786818,1.7236,-5.8765,0.2026;
33,Jogging,78837818,-0.7568,-0.6201,12.7026;
33,Jogging,78888818,-1.0352,12.5415,37.5928;
33,Jogging,78939818,-8.2031,26.0474,25.7031;
33,Jogging,78990818,-3.9746,6.8384,7.4756;
33,Jogging,79041818,-1.2378,1.3770,11.3818;
33,Jogging,79092818,6.1401,3.6133,-0.1904;
33,Jogging,79143818,-3.0029,-7.4463,-0.9814;
33,Jogging,79194818,16.6724,-13.1787,6.5405;
33,Jogging,79245818,-0.6421,6.2793,19.5972;
33,Jogging,79296818,-5.9204,12.9419,13.1982;
33,Jogging,79347818,0.1001,4.5190,8.8257;
33,Jogging,79398818,-8.1396,6.6968,25.4980;
33,Jogging,79449818,-1.6064,-0.3223,10.9521;
33,Jogging,79500818,16.3013,-10.9277,19.2749;
33,Jogging,79551818,-2.8955,-8.8501,3.9844;
33,Jogging,79602818,-0.1514,-10.6128,4.6655;
33,Jogging,79653818,-5.0317,3.6279,34.2822;
33,Jogging,79704818,-6.8115,15.1416,29.1846;
33,Jogging,79755818,-4.1748,10.6323,16.8384;
33,Jogging,79806818,4.8291,4.1162,4.6362;
33,Jogging,79857818,4.6533,2.7954,5.5151;
33,Jogging,79908818,0.8203,4.7437,-0.7617;
33,Jogging,79959818,-3.1543,-1.8994,-1.0376;
33,Jogging,80010818,-1.1060,0.0415,5.7764;
33,Jogging,80061818,-5.7690,14.0186,39.9988;
33,Jogging,80112818,2.8052,6.6797,11.3037;
33,Jogging,80163818,-1.0107,2.3169,14.6533;
33,Jogging,80214818,-6.8994,1.5063,15.5176;
33,Jogging,80265818,4.9902,1.6016,-1.9092;
33,Jogging,80316818,7.2607,-2.0166,6.6577;
33,Jogging,80367818,-2.1338,-4.2627,3.1592;
33,Jogging,80418818,-0.9961,-10.6250,9.7705;
33,Jogging,80469818,-3.3716,3.5693,24.0698;
33,Jogging,80520818,-19.2920,18.4473,39.2212;
33,Jogging,80571818,4.6533,12.4365,10.8862;
33,Jogging,80622818,-0.8960,4.1772,9.7974;
33,Jogging,80673818,3.0200,-1.4380,8.2959;
33,Jogging,80724818,6.7847,-6.0791,5.3125;
33,Jogging,80775818,-7.9346,0.3906,3.9941;
33,Jogging,80826818,-0.6641,1.0718,3.0469;
33,Jogging,80877818,4.5020,10.6860,27.8418;
33,Jogging,80928818,-2.1777,7.3950,8.6230;
33,Jogging,80979818,-2.7954,6.3208,18.1421;
33,Jogging,81030818,-1.9238,1.9214,19.0063;
33,Jogging,81081818,-5.3540,-6.7383,9.1309;
33,Jogging,81132818,6.1450,-6.0620,8.7085;
33,Jogging,81183818,-3.2886,-11.5747,0.8887;
33,Jogging,81234818,-0.2979,-3.5352,7.9785;
33,Jogging,81285819,-3.3154,4.1113,23.3521;
33,Jogging,81336818,-7.9199,15.4175,31.4038;
33,Jogging,81387818,-0.3833,9.5190,15.3052;
33,Jogging,81438818,-3.4204,3.1567,11.2012;
33,Jogging,81489818,3.5034,0.3052,11.3330;
33,Jogging,81540818,13.6304,-3.0518,3.9185;
33,Jogging,81591818,-7.3169,-4.1577,-0.2271;
33,Jogging,81642818,-2.9614,1.4893,-0.5811;
33,Jogging,81693818,2.0093,1.5161,7.7222;
33,Jogging,81744818,-2.6123,15.2588,20.6372;
33,Jogging,81795818,0.6665,6.2280,13.2617;
33,Jogging,81846818,-17.5269,7.1802,19.1577;
33,Jogging,81897818,0.5273,-0.2466,13.9966;
33,Jogging,81948818,19.2358,-6.9214,18.8696;
33,Jogging,81999818,-2.7759,-3.7964,5.4297;
33,Jogging,82050818,0.2612,-11.9580,0.8545;
33,Jogging,82101818,-0.7397,-0.9668,16.4307;
33,Jogging,82152818,-2.3120,10.9375,25.8813;
33,Jogging,82203818,-10.7373,23.6963,24.3066;
33,Jogging,82254818,-1.4160,11.1084,6.9800;
33,Jogging,82305818,-1.3306,-0.7886,10.0562;
33,Jogging,82356818,9.2676,-2.2778,0.7764;
33,Jogging,82407818,-7.4341,-9.2456,2.3608;
33,Jogging,82458818,8.2349,-8.1250,-2.7979;
33,Jogging,82509818,0.9399,15.8252,38.7329;
33,Jogging,82560818,-3.5376,7.9346,8.1055;
33,Jogging,82611818,-0.3149,6.7285,13.7329;
33,Jogging,82662818,-3.8135,4.0576,20.5542;
33,Jogging,82713818,-6.9971,-0.4175,11.0376;
33,Jogging,82764818,13.1396,-6.8555,13.7305;
33,Jogging,82815818,-1.9678,-9.0771,3.9160;
33,Jogging,82866818,2.2070,-15.3296,0.2661;
33,Jogging,82917818,-0.7812,2.0215,17.6587;
33,Jogging,82968818,-2.8564,15.3784,30.5151;
33,Jogging,83019818,0.4761,19.0674,19.4482;
33,Jogging,83070818,-2.6343,6.5454,8.3765;
33,Jogging,83121818,-1.3647,0.3149,11.7505;
33,Jogging,83172818,10.4614,-7.7295,7.6562;
33,Jogging,83223818,-6.0669,-4.6802,7.5903;
33,Jogging,83274818,-5.8350,3.3228,-3.5596;
33,Jogging,83325818,2.8369,1.5112,9.9658;
33,Jogging,83376818,-3.8062,13.4204,11.1987;
33,Jogging,83427818,-1.2500,6.2329,13.2690;
33,Jogging,83478818,-10.2417,4.2554,17.4561;
33,Jogging,83529818,-2.1997,6.9019,10.9741;
33,Jogging,83580818,3.7500,-4.0186,8.8379;
33,Jogging,83631818,-2.1118,-5.4785,3.0566;
33,Jogging,83682818,4.1138,-16.0815,2.3145;
33,Jogging,83733818,-1.7871,1.8628,21.5137;
33,Jogging,83784818,-11.8213,18.8257,29.0308;
33,Jogging,83835818,0.6128,13.6255,14.2163;
33,Jogging,83886818,-2.9419,7.6001,8.3887;
33,Jogging,83937818,-0.4150,1.4844,11.6699;
33,Jogging,83988818,10.0122,-12.4536,9.4312;
33,Jogging,84039818,-6.4258,-3.9258,8.2935;
33,Jogging,84090818,7.7222,-1.0718,-2.4365;
33,Jogging,84141818,-0.1099,3.7085,11.2207;
33,Jogging,84192818,-6.0205,12.6099,17.6465;
33,Jogging,84243818,1.7090,5.3320,12.7100;
33,Jogging,84294818,-9.4165,4.1504,16.8970;
33,Jogging,84345818,0.0195,2.1582,12.0703;
33,Jogging,84396818,1.9604,-3.1738,8.1274;
33,Jogging,84447818,-1.0864,-6.7187,1.9409;
33,Jogging,84498818,0.6128,-15.3320,1.6821;
33,Jogging,84549818,-0.3784,2.8418,20.8228;
33,Jogging,84600818,-8.1470,19.9487,27.9150;
33,Jogging,84651818,-1.8213,11.2817,12.8467;
33,Jogging,84702818,-3.6328,6.3647,12.3315;
33,Jogging,84753818,1.1621,-2.9077,11.5552;
33,Jogging,84804818,4.3774,-7.6904,7.3999;
33,Jogging,84855818,-3.0200,-3.3691,4.6045;
33,Jogging,84906818,4.7363,-0.3247,3.3667;
33,Jogging,84957818,-4.1040,15.7080,39.9988;
33,Jogging,85008818,-2.4780,8.4814,8.9746;
33,Jogging,85059818,-0.5029,6.4038,14.0894;
33,Jogging,85110818,-5.8936,1.2109,13.7231;
33,Jogging,85161824,18.1616,-4.0698,18.2397;
33,Jogging,85212818,-0.3809,-1.8066,8.2080;
33,Jogging,85263818,1.9849,-5.5200,1.9385;
33,Jogging,85314818,-2.2095,-8.5352,9.0454;
33,Jogging,85365818,-4.9512,4.6655,32.4707;
33,Jogging,85416818,-12.7417,18.0688,27.6929;
33,Jogging,85467818,-0.2222,8.8184,9.7412;
33,Jogging,85518818,-3.2886,1.1914,15.4004;
33,Jogging,85569818,3.9038,-1.4160,6.5210;
33,Jogging,85620818,-2.5415,1.4795,3.2373;
33,Jogging,85671818,-5.5884,2.9590,1.8677;
33,Jogging,85722818,4.5923,-0.6543,2.0557;
33,Jogging,85773818,2.9443,20.0537,39.9988;
33,Jogging,85824818,1.8579,3.3838,5.8179;
33,Jogging,85875818,-1.4893,7.7734,19.1968;
33,Jogging,85926818,-1.5088,2.4634,15.3247;
33,Jogging,85977818,6.2524,-5.9253,11.7017;
33,Jogging,86028818,0.2881,-3.6230,6.2183;
33,Jogging,86079818,-1.2573,-13.5962,0.8252;
33,Jogging,86130818,-1.5234,-3.0273,11.3037;
33,Jogging,86181818,-5.2539,7.8467,32.0044;
33,Jogging,86232818,-5.3491,19.2456,25.4102;
33,Jogging,86283818,-0.2515,8.8550,12.8784;
33,Jogging,86334818,-0.3198,1.9141,13.1494;
33,Jogging,86385818,0.4419,1.7871,4.0845;
33,Jogging,86436818,13.7622,0.0366,-1.9653;
33,Jogging,86487818,-11.3452,-11.6821,7.5928;
33,Jogging,86538818,13.4473,2.1875,13.5889;
33,Jogging,86589818,-5.2710,27.9419,39.9988;
33,Jogging,86640818,-1.0718,5.8472,5.2002;
33,Jogging,86691818,-1.6113,5.6274,25.6934;
33,Jogging,86742818,-5.8936,1.2720,13.8696;
33,Jogging,86793818,24.4995,-11.5088,17.6733;
33,Jogging,86844818,0.9717,-4.7583,6.0156;
33,Jogging,86895818,0.9106,-4.5068,2.4438;
33,Jogging,86946818,-1.6968,-4.1895,8.8428;
33,Jogging,86997818,-3.8232,5.3491,24.9561;
33,Jogging,87048818,-16.3281,19.0601,39.5874;
33,Jogging,87099818,7.7344,6.8848,10.0415;
33,Jogging,87150818,-2.9346,2.7124,13.1616;
33,Jogging,87201818,-0.0269,0.7495,7.4365;
33,Jogging,87252818,9.0063,-5.0903,3.9893;
33,Jogging,87303818,-7.6733,-4.9414,7.0996;
33,Jogging,87354818,6.0132,2.7051,6.3477;
33,Jogging,87405818,0.5127,18.6279,37.8491;
33,Jogging,87456818,-1.2646,7.8809,7.6294;
33,Jogging,87507818,0.2783,8.3862,21.9263;
33,Jogging,87558818,-5.0122,2.3071,18.6182;
33,Jogging,87609818,20.6909,-9.0210,17.0825;
33,Jogging,87660818,-0.3125,-3.3276,6.2866;
33,Jogging,87711818,0.4810,-7.7002,5.9717;
33,Jogging,87762819,0.4443,-7.4316,6.8530;
33,Jogging,87813818,-6.0449,4.5190,23.3960;
33,Jogging,87864818,-9.0356,15.0366,34.5068;
33,Jogging,87915818,7.1875,15.6714,16.2256;
33,Jogging,87966818,-1.5845,6.7310,9.8755;
33,Jogging,88017818,-1.4917,1.8896,7.4463;
33,Jogging,88068818,5.7568,-2.6611,0.3760;
33,Jogging,88119818,-6.5234,-14.1675,2.6904;
33,Jogging,88170818,-8.0786,1.0010,0.0879;
33,Jogging,88221818,7.5806,10.3247,39.9988;
33,Jogging,88272818,-2.2656,7.5366,9.5483;
33,Jogging,88323818,-1.1572,5.9204,17.0898;
33,Jogging,88374818,-21.9849,7.0703,13.3276;
33,Jogging,88425818,-1.9067,3.0444,14.1602;
33,Jogging,88476818,0.8521,-2.8174,8.7036;
33,Jogging,88527818,-0.2148,-6.3184,5.5225;
33,Jogging,88578818,3.7134,-12.1484,4.2090;
33,Jogging,88629818,-2.9932,-2.9492,5.3247;
33,Jogging,88680818,-7.1973,2.9346,26.3281;
33,Jogging,88731818,-7.5977,19.6216,37.7979;
33,Jogging,88782818,3.1909,12.3779,11.1548;
33,Jogging,88833818,1.4771,-2.2949,20.2832;
33,Jogging,88884818,-2.4829,9.2114,0.2295;
33,Jogging,88935818,1.7212,3.4937,0.3442;
33,Jogging,88986818,-0.7275,-2.0581,0.1709;
33,Jogging,89037817,-5.2393,0.0439,4.0015;
33,Jogging,89088818,1.5259,2.5659,16.8896;
33,Jogging,89139818,-3.9429,13.4741,26.0059;
33,Jogging,89190818,-0.2222,4.7827,16.2134;
33,Jogging,89241818,-6.3086,3.4106,16.8433;
33,Jogging,89292818,-0.7104,0.3857,8.8477;
33,Jogging,89343818,13.6353,-1.1914,14.2041;
33,Jogging,89394818,1.2134,-7.5000,5.9155;
33,Jogging,89445818,0.2124,-8.8354,4.1333;
33,Jogging,89496818,-1.5088,1.3940,21.6211;
33,Jogging,89547818,-6.3843,10.6128,31.7432;
33,Jogging,89598818,-8.5596,19.6265,25.9424;
33,Jogging,89649818,2.5073,8.0762,4.9756;
33,Jogging,89700818,2.9468,-0.3174,12.8076;
33,Jogging,89751818,3.5156,1.7871,2.7441;
33,Jogging,89802818,0.8618,0.6592,1.4771;
33,Jogging,89853818,-3.0737,-1.3110,-0.7446;
33,Jogging,89904818,-1.8042,1.6846,11.0303;
33,Jogging,89955818,-5.1855,19.3628,39.9988;
33,Jogging,90006818,-0.3760,3.9355,9.6265;
33,Jogging,90057818,-2.1216,4.0869,23.5791;
33,Jogging,90108818,-0.7104,0.9375,12.8735;
33,Jogging,90159818,17.0874,4.9048,16.0474;
33,Jogging,90210818,1.9067,-6.4355,4.6460;
33,Jogging,90261818,0.9570,-11.8091,3.9258;
33,Jogging,90312818,-1.9482,0.3516,13.1885;
33,Jogging,90363818,-3.0420,7.4268,24.5972;
33,Jogging,90414818,-10.7520,20.4541,32.7197;
33,Jogging,90465818,0.5273,8.0005,6.1646;
33,Jogging,90516818,-1.3989,4.2456,11.5918;
33,Jogging,90567818,0.5908,1.4355,3.5254;
33,Jogging,90618818,12.6221,-0.8887,4.0820;
33,Jogging,90669818,-7.0776,-7.0972,14.2017;
33,Jogging,90720818,4.8437,2.0435,7.2656;
33,Jogging,90771818,-2.3364,23.3569,39.9988;
33,Jogging,90822818,-4.9658,8.4473,3.9502;
33,Jogging,90873818,-6.0376,8.0396,23.0176;
33,Jogging,90924818,0.7495,1.4795,13.6865;
33,Jogging,90975818,11.7847,-6.0620,16.6943;
33,Jogging,91026818,-1.8335,-2.7246,5.0830;
33,Jogging,91077818,5.2026,-16.2012,3.3667;
33,Jogging,91128818,-1.8115,-2.0020,12.8101;
33,Jogging,91179818,-6.8555,8.6475,32.5684;
33,Jogging,91230818,-12.3242,23.6011,34.1846;
33,Jogging,91281818,-0.7715,12.1948,4.8267;
33,Jogging,91332818,-2.9883,2.7002,13.0884;
33,Jogging,91383818,2.4585,-4.0356,7.0312;
33,Jogging,91434818,-1.7212,-1.2305,4.5850;
33,Jogging,91485818,-6.3892,-4.2139,7.9077;
33,Jogging,91536818,0.2466,-2.9663,4.6655;
33,Jogging,91587818,3.4253,6.9604,25.1587;
33,Jogging,91638818,-0.2954,7.1313,10.3906;
33,Jogging,91689818,-3.4644,8.1006,20.3711;
33,Jogging,91740818,-2.6172,0.1123,16.8018;
33,Jogging,91791818,17.0508,-2.2485,13.0518;
33,Jogging,91842818,-0.4565,-4.6436,5.9570;
33,Jogging,91893818,-1.1841,-9.6143,1.3745;
33,Jogging,91944818,-1.8848,-5.8545,12.0898;
33,Jogging,91995818,-5.7544,6.3013,32.5488;
33,Jogging,92046818,-15.8691,22.7905,31.2573;
33,Jogging,92097818,1.1963,13.1128,7.6733;
33,Jogging,92148818,-0.9302,3.7256,14.2603;
33,Jogging,92199818,0.6836,0.9009,0.5664;
33,Jogging,92250818,-5.3809,6.9653,1.5283;
33,Jogging,92301818,-2.8516,-6.0010,2.9590;
33,Jogging,92352818,-1.8652,1.7212,14.0308;
33,Jogging,92403818,-5.9277,9.0601,23.8672;
33,Jogging,92454818,0.2832,5.8081,10.9888;
33,Jogging,92505818,-6.2769,5.3613,20.2441;
33,Jogging,92556818,-0.3320,2.0630,10.4590;
33,Jogging,92607818,12.4902,-2.1045,16.0840;
33,Jogging,92658818,1.7798,-4.7217,3.9526;
33,Jogging,92709818,2.4951,-16.3892,2.4023;
33,Jogging,92760818,1.9287,1.0205,16.9971;
33,Jogging,92811818,-12.7661,20.5664,25.8813;
33,Jogging,92862818,-0.0757,14.9438,13.7427;
33,Jogging,92913818,-2.9687,4.2725,11.1255;
33,Jogging,92964818,-0.9644,-1.6357,12.1802;
33,Jogging,93015818,9.6997,-7.2925,7.8223;
33,Jogging,93066818,-10.2222,-1.0547,7.8589;
33,Jogging,93117818,3.8867,3.7866,-5.4736;
33,Jogging,93168818,-0.2271,4.3359,10.3491;
33,Jogging,93219818,-3.9673,16.7651,23.7842;
33,Jogging,93270818,1.6333,4.2432,11.5796;
33,Jogging,93321818,-7.4121,4.8022,19.8901;
33,Jogging,93372818,-2.6782,-0.5811,12.6904;
33,Jogging,93423818,14.6729,-5.8960,15.8008;
33,Jogging,93474818,-0.1587,-5.4199,2.7832;
33,Jogging,93525818,4.0674,-13.9258,2.1484;
33,Jogging,93576818,-0.6885,1.2256,14.2456;
33,Jogging,93627818,-3.8452,9.0552,27.4390;
33,Jogging,93678818,-6.9507,20.0464,25.8447;
33,Jogging,93729818,0.2954,7.7417,11.6479;
33,Jogging,93780818,0.9375,-2.6562,16.1719;
33,Jogging,93831818,5.7642,-3.1689,6.6895;
33,Jogging,93882818,-5.1978,-1.3281,1.1719;
33,Jogging,93933818,-2.7930,1.8335,-0.3833;
33,Jogging,93984818,2.3633,1.6772,4.9463;
33,Jogging,94035818,-1.0718,23.4570,32.0508;
33,Jogging,94086818,-2.4536,6.6382,10.9473;
33,Jogging,94137818,-3.8062,2.7100,23.4668;
33,Jogging,94188818,-3.3643,-3.4204,12.4292;
33,Jogging,94239818,16.7676,-3.0933,12.4487;
33,Jogging,94290818,1.6357,-7.3877,7.5293;
33,Jogging,94341818,1.3623,-10.9448,2.9517;
33,Jogging,94392818,-1.7847,1.0498,17.0068;
33,Jogging,94443818,-6.1133,14.6362,33.9087;
33,Jogging,94494818,-0.7080,15.1929,16.4673;
33,Jogging,94545818,-1.9458,3.7622,11.8384;
33,Jogging,94596818,-0.1440,0.4028,5.4761;
33,Jogging,94647818,12.3096,-0.4956,-1.1450;
33,Jogging,94698818,-6.9312,-5.7275,3.6719;
33,Jogging,94749818,0.4761,5.0732,5.7568;
33,Jogging,94800818,0.6836,20.4810,39.9988;
33,Jogging,94851818,0.1587,5.1831,6.1035;
33,Jogging,94902818,1.1987,4.9023,26.4575;
33,Jogging,94953818,-7.0264,1.0229,12.4902;
33,Jogging,95004818,16.5137,-4.5532,12.8711;
33,Jogging,95055818,0.9277,-4.6094,5.7617;
33,Jogging,95106818,-0.2026,-9.1943,3.3667;
33,Jogging,95157818,2.1680,-3.4814,12.2070;
33,Jogging,95208818,-4.6240,10.0952,37.2437;
33,Jogging,95259818,-5.7275,19.2090,22.1460;
33,Jogging,95310818,0.5957,8.2031,10.1685;
33,Jogging,95361818,-1.0352,1.1157,11.2378;
33,Jogging,95412818,0.4687,0.6543,4.6631;
33,Jogging,95463818,3.1299,-8.2349,5.5615;
33,Jogging,95514818,-7.3267,1.2158,1.8457;
33,Jogging,95565818,-3.1543,4.2944,6.8921;
33,Jogging,95616818,-5.9814,25.4907,29.0234;
33,Jogging,95667818,-1.2671,7.3706,5.8350;
33,Jogging,95718818,-4.6021,5.2612,25.0122;
33,Jogging,95769818,-0.6079,-0.5493,10.2930;
33,Jogging,95820818,11.9238,-3.1763,12.8345;
33,Jogging,95871818,-3.0444,-6.8701,5.6909;
33,Jogging,95922818,2.3486,-14.2310,4.0234;
33,Jogging,95973818,-0.2417,2.5171,18.1763;
33,Jogging,96024818,-3.0713,11.0620,25.6519;
33,Jogging,96075818,-0.1245,14.6533,17.1289;
33,Jogging,96126818,-2.9321,7.1655,7.3779;
33,Jogging,96177818,-1.0425,1.4600,10.1025;
33,Jogging,96228818,7.5098,-6.1401,3.6963;
33,Jogging,96279818,-9.0454,-7.2070,8.7476;
33,Jogging,96330818,15.1660,-1.0986,-1.8652;
33,Jogging,96381818,-2.1777,7.4365,13.3496;
33,Jogging,96432818,-3.1641,11.5723,14.5947;
33,Jogging,96483818,-0.4272,6.4526,15.7983;
33,Jogging,96534818,-7.3657,4.0161,21.9019;
33,Jogging,96585818,-1.7432,-2.0215,8.5767;
33,Jogging,96636818,3.4546,-6.0156,9.6729;
33,Jogging,96687818,-2.7612,-6.6333,2.3950;
33,Jogging,96738818,3.1641,-9.6924,3.2349;
33,Jogging,96789818,-3.2593,5.7788,24.8193;
33,Jogging,96840818,-1.1938,15.5908,23.3276;
33,Jogging,96891818,-2.7588,16.3892,14.5312;
33,Jogging,96942818,-1.6577,3.7964,9.2651;
33,Jogging,96993818,-2.5928,-0.4492,5.2881;
33,Jogging,97044818,7.0825,-5.2051,3.6157;
33,Jogging,97095818,-8.5010,-8.3057,5.3589;
33,Jogging,97146818,-2.1631,4.6606,4.4702;
33,Jogging,97197818,-12.4756,29.5508,39.9988;
33,Jogging,97248818,-0.4272,5.5737,3.9111;
33,Jogging,97299818,-0.6763,5.6055,28.8257;
33,Jogging,97350818,-13.1543,-3.0200,8.5229;
33,Jogging,97401818,6.6846,-2.0215,9.8218;
33,Jogging,97452818,-7.1143,0.5737,5.9985;
33,Jogging,97503818,-4.3921,-14.9390,1.1328;
33,Jogging,97554818,15.4346,-12.2485,26.5356;
33,Jogging,97605818,-5.3882,9.4653,33.5889;
33,Jogging,97656818,-12.8345,16.3599,25.5811;
33,Jogging,97707818,2.9736,7.1533,5.1465;
33,Jogging,97758818,2.1362,5.9009,5.9497;
33,Jogging,97809818,2.6587,0.8057,1.8970;
33,Jogging,97860818,-2.2632,-0.7080,6.4893;
33,Jogging,97911818,-6.4014,-7.6904,11.3916;
33,Jogging,97962818,-0.5322,5.4370,22.1533;
33,Jogging,98013818,-0.7812,17.6318,21.8262;
33,Jogging,98064818,-1.9727,3.6133,11.3599;
33,Jogging,98115818,-7.5781,3.2715,15.7983;
33,Jogging,98166818,3.5498,11.4917,8.3936;
33,Jogging,98217818,4.9878,-3.5742,10.7324;
33,Jogging,98268818,0.2832,-15.0952,3.7036;
33,Jogging,98319818,6.2012,-6.5088,12.0801;
33,Jogging,98370818,-6.3525,8.9453,33.8062;
33,Jogging,98421818,-24.7705,19.3848,32.2900;
33,Jogging,98472818,5.6226,10.3662,10.4761;
33,Jogging,98523818,3.1201,5.8057,8.5767;
33,Jogging,98574818,-2.2681,2.7393,2.3853;
33,Jogging,98625818,4.1260,-2.2119,-3.6914;
33,Jogging,98676818,-3.6816,-6.5869,4.5117;
33,Jogging,98727818,0.2002,4.1455,13.2007;
33,Jogging,98778818,1.5161,11.9604,25.2783;
33,Jogging,98829818,-0.9814,6.8237,9.6802;
33,Jogging,98880818,-17.7905,6.1060,22.6563;
33,Jogging,98931818,-1.1426,1.9287,9.3823;
33,Jogging,98982818,13.4106,-4.7583,14.0381;
33,Jogging,99033818,-2.4121,-6.6211,5.4614;
33,Jogging,99084818,8.4741,-19.3799,4.0991;
33,Jogging,99135818,-2.7930,1.9702,17.9541;
33,Jogging,99186818,-5.0024,9.7778,25.7178;
33,Jogging,99237818,-2.5464,17.8564,25.2954;
33,Jogging,99288818,-0.5884,10.3345,7.2144;
33,Jogging,99339818,1.2134,0.8228,12.8589;
33,Jogging,99390818,3.1445,-1.9849,5.0366;
33,Jogging,99441818,-3.2568,-11.2085,3.0054;
33,Jogging,99492818,-4.3042,-1.2280,0.0781;
33,Jogging,99543818,-0.9888,1.3257,2.2363;
33,Jogging,99594818,-7.0386,20.4297,39.9988;
33,Jogging,99645818,6.4111,6.2329,4.4165;
33,Jogging,99696818,-2.3804,7.0947,19.3799;
33,Jogging,99747818,-2.6489,1.6089,13.3447;
33,Jogging,99798818,16.7725,7.4609,19.0967;
33,Jogging,99849818,-0.0024,-4.9438,8.4180;
33,Jogging,99900818,3.3691,-19.6509,3.4595;
33,Jogging,99951818,-1.2866,-1.8042,14.6631;
33,Jogging,100002818,-3.3911,6.5698,30.5078;
33,Jogging,100053818,-12.5146,19.1650,25.6079;
33,Jogging,100104818,0.5664,11.2109,11.1304;
33,Jogging,100155818,-1.3916,1.8042,10.9253;
33,Jogging,100206818,0.6958,1.6260,6.4966;
33,Jogging,100257818,6.3940,-6.0107,4.9683;
33,Jogging,100308818,-6.8945,0.2417,2.9590;
33,Jogging,100359818,4.5752,3.5669,7.5586;
33,Jogging,100410818,-3.9404,20.4028,32.6880;
33,Jogging,100461818,-3.3154,6.8945,7.6733;
33,Jogging,100512818,-2.3657,6.2866,26.7139;
33,Jogging,100563818,-10.9961,3.1128,13.4229;
33,Jogging,100614818,0.0000,8.3228,12.0313;
33,Jogging,100665818,5.8838,-3.8599,8.9624;
33,Jogging,100716818,-0.6812,-13.2666,5.3613;
33,Jogging,100767818,1.9165,-7.4097,8.1055;
33,Jogging,100818818,-4.2480,7.2144,30.4272;
33,Jogging,100869818,-8.9893,18.1934,28.8330;
33,Jogging,100920818,4.6094,13.0347,12.2241;
33,Jogging,100971818,-0.2979,3.3325,9.5166;
33,Jogging,101022818,-0.1074,0.9473,4.6729;
33,Jogging,101073818,8.5474,-0.2612,-2.2217;
33,Jogging,101124818,-9.2969,-6.6650,1.3159;
33,Jogging,101175818,0.3662,-0.4102,5.3857;
33,Jogging,101226818,-2.3975,18.3838,39.9988;
33,Jogging,101277818,-0.8789,3.3862,4.9927;
33,Jogging,101328818,-1.9067,8.0933,22.8369;
33,Jogging,101379818,-5.4224,4.8071,12.7124;
33,Jogging,101430818,-3.9941,-0.3394,5.6836;
33,Jogging,101481818,8.4473,-3.8647,12.6343;
33,Jogging,101532818,0.8276,-7.9736,4.4507;
33,Jogging,101583818,1.1548,-11.4087,2.5293;
33,Jogging,101634818,-0.9985,1.4990,20.6006;
33,Jogging,101685818,-3.7598,17.8247,32.0215;
33,Jogging,101736818,-1.0034,13.1177,14.3018;
33,Jogging,101787818,-2.1533,8.1641,7.5806;
33,Jogging,101838818,0.1172,1.0889,9.1772;
33,Jogging,101889818,13.7622,-5.0830,4.9707;
33,Jogging,101940818,-9.8804,-5.0659,7.1387;
33,Jogging,101991818,6.0010,-1.8213,4.0552;
33,Jogging,102042818,2.8955,12.2168,26.3501;
33,Jogging,102093818,-2.7026,9.4458,10.2002;
33,Jogging,102144818,-4.5972,6.5967,19.3359;
33,Jogging,102195818,-4.0698,2.9126,14.4995;
33,Jogging,102246818,9.1650,1.9995,9.2383;
33,Jogging,102297818,-0.6299,-0.4272,9.1919;
33,Jogging,102348818,1.8237,-12.3877,4.4312;
33,Jogging,102399818,0.2734,-5.6445,6.8237;
33,Jogging,102450818,-0.8032,11.9604,39.4214;
33,Jogging,102501818,-7.8223,24.2383,26.0693;
33,Jogging,102552818,-0.5640,7.5024,12.3950;
33,Jogging,102603818,-1.1572,-3.4863,11.2817;
33,Jogging,102654818,1.5283,0.9448,2.2290;
33,Jogging,102705818,8.8721,-2.0605,-2.1362;
33,Jogging,102756818,-7.3364,-6.3794,3.7061;
33,Jogging,102807818,4.9829,4.2505,11.3599;
33,Jogging,102858818,-13.2251,27.2021,39.9988;
33,Jogging,102909818,1.7798,5.0806,6.1646;
33,Jogging,102960818,-2.4390,6.9019,24.2627;
33,Jogging,103011818,-4.3555,2.8589,11.3550;
33,Jogging,103062818,-0.8008,-2.1509,14.7998;
33,Jogging,103113818,9.3384,-3.5693,9.7900;
33,Jogging,103164818,1.9922,-7.1973,4.1284;
33,Jogging,103215818,-0.2856,-8.9600,3.4375;
33,Jogging,103266818,-0.4956,3.3350,25.1025;
33,Jogging,103317818,-3.2275,10.3516,30.8984;
33,Jogging,103368818,3.8306,14.8657,16.4136;
33,Jogging,103419818,0.7568,6.3696,7.4194;
33,Jogging,103470818,-1.1914,-1.5698,9.4751;
33,Jogging,103521818,6.4258,-5.5933,2.6587;
33,Jogging,103572818,-12.9517,-13.3691,8.1567;
33,Jogging,103623818,19.8364,5.6567,12.9785;
33,Jogging,103674818,-2.2900,20.7544,38.3276;
33,Jogging,103725818,-1.5942,10.5811,7.5708;
33,Jogging,103776818,-0.4517,6.6602,21.6919;
33,Jogging,103827818,-4.1406,-0.1099,14.4043;
33,Jogging,103878818,21.0327,-5.6299,9.7021;
33,Jogging,103929818,-0.7007,0.4834,8.4399;
33,Jogging,103980818,2.9663,-4.3262,5.3394;
33,Jogging,104031818,0.0366,-8.3472,3.6035;
33,Jogging,104082818,-3.9673,0.1611,33.6133;
33,Jogging,104133818,-15.6006,11.7334,22.4829;
33,Jogging,104184818,-1.3867,15.4736,11.9678;
33,Jogging,104235818,3.5645,6.7456,7.1069;
33,Jogging,104286818,7.0410,4.6826,8.9893;
33,Jogging,104337818,0.9180,0.6812,2.4097;
33,Jogging,104388818,-6.5869,-3.3081,3.8794;
33,Jogging,104439818,8.1836,-7.6196,21.9629;
33,Jogging,104490818,1.2207,3.1372,20.7983;
33,Jogging,104541818,-10.7959,5.4590,16.5527;
33,Jogging,104592818,-10.6445,2.7808,19.0259;
33,Jogging,104643818,4.4360,-1.9507,6.5259;
33,Jogging,104694818,-4.3628,4.7485,7.7759;
33,Jogging,104745818,0.1685,-1.8994,4.8315;
33,Jogging,104796818,2.5610,-9.3066,3.5254;
33,Jogging,104847818,-2.5806,-2.7124,20.3760;
33,Jogging,104898818,-3.3398,8.9331,25.5127;
33,Jogging,104949818,-10.0024,24.5410,25.2051;
33,Jogging,105000818,-2.2192,2.7588,11.1768;
33,Jogging,105051818,3.0811,2.1460,9.8584;
33,Jogging,105102818,-0.3735,7.1045,-3.9355;
33,Jogging,105153818,3.4082,1.2061,-7.2852;
33,Jogging,105204828,-1.2964,-6.0156,0.5615;
33,Jogging,105255818,1.1011,19.4751,39.9988;
33,Jogging,105306818,15.7690,15.3882,12.2046;
33,Jogging,105357818,-2.3926,7.5317,17.1338;
33,Jogging,105408818,-6.2500,5.6714,16.6309;
33,Jogging,105459818,1.1426,0.0269,11.5601;
33,Jogging,105510818,10.3516,-7.4780,12.9297;
33,Jogging,105561818,-1.4624,-5.3687,6.0645;
33,Jogging,105612818,2.8418,-11.2207,-1.4648;
33,Jogging,105663818,-4.0088,0.2686,22.8516;
33,Jogging,105714818,-0.7861,20.2832,34.9634;
33,Jogging,105765818,-0.2197,19.7388,13.1958;
33,Jogging,105816818,-3.1152,4.9976,12.0801;
33,Jogging,105867818,-4.5215,0.6616,6.3452;
33,Jogging,105918818,9.4092,-3.7354,-4.6362;
33,Jogging,105969818,-13.5596,-17.1021,0.0122;
33,Jogging,106020818,8.6719,-7.6953,13.1470;
33,Jogging,106071818,2.0410,11.1328,28.8232;
33,Jogging,106122818,-5.1904,9.6973,10.3003;
33,Jogging,106173818,-6.9653,9.0527,17.5391;
33,Jogging,106224818,-2.5928,2.1045,13.5889;
33,Jogging,106275818,-8.8721,-4.4263,6.7554;
33,Jogging,106326818,3.3276,-2.5171,8.0518;
33,Jogging,106377818,-2.1924,-8.0786,2.4414;
33,Jogging,106428818,0.8667,-11.4478,12.3145;
33,Jogging,106479818,-3.2568,15.9448,39.8047;
33,Jogging,106530818,-12.0459,17.3926,20.6787;
33,Jogging,106581818,2.7393,10.1831,10.0781;
33,Jogging,106632818,-3.6206,5.1270,6.8115;
33,Jogging,106683818,-3.0762,-0.4883,4.9390;
33,Jogging,106734818,7.5391,-9.5605,6.9727;
33,Jogging,106785818,-1.5356,-10.6934,5.9009;
33,Jogging,106836818,-1.4038,9.7241,27.5830;
33,Jogging,106887818,-6.5283,13.4741,11.5186;
33,Jogging,106938818,-3.0371,9.8706,19.4629;
33,Jogging,106989818,-2.7393,4.0210,14.9292;
33,Jogging,107040818,17.1533,1.6553,16.6602;
33,Jogging,107091818,-2.6025,-0.4053,10.8936;
33,Jogging,107142818,2.1680,-4.4507,4.3579;
33,Jogging,107193818,5.1099,-14.9512,4.7070;
33,Jogging,107244818,-1.1963,2.3535,19.2725;
33,Jogging,107295818,-2.3486,12.1216,28.3789;
33,Jogging,107346818,-3.6646,18.2739,16.4453;
33,Jogging,107397818,-3.5596,4.8315,8.4570;
33,Jogging,107448818,-0.0317,-1.2671,9.4629;
33,Jogging,107499818,1.6211,2.4243,3.1470;
33,Jogging,107550818,-2.8125,-5.8936,4.5410;
33,Jogging,107601818,-8.1445,-0.0391,1.6309;
33,Jogging,107652818,2.5073,12.5366,39.9988;
33,Jogging,107703818,-1.7212,11.2720,13.9307;
33,Jogging,107754818,-2.1387,6.2378,18.7378;
33,Jogging,107805819,-5.4395,3.5986,16.0107;
33,Jogging,107856818,-0.6934,0.9106,13.4058;
33,Jogging,107907818,9.9268,-2.0508,15.1562;
33,Jogging,107958818,-2.0654,-6.3257,3.3643;
33,Jogging,108009818,4.6509,-15.6421,1.2329;
33,Jogging,108060818,-1.2378,1.8042,26.3208;
33,Jogging,108111818,-11.4233,15.1489,30.5005;
33,Jogging,108162818,-8.7061,17.1777,19.9512;
33,Jogging,108213818,2.1899,10.0195,7.4292;
33,Jogging,108264818,1.8799,0.6079,6.6479;
33,Jogging,108315818,7.0435,-2.6733,0.1880;
33,Jogging,108366818,-7.7686,-4.0747,7.3462;
33,Jogging,108417818,-5.1001,0.3369,2.6782;
33,Jogging,108468818,0.5054,1.9604,8.9600;
33,Jogging,108519818,-3.9795,9.2432,19.1675;
33,Jogging,108570818,0.6299,3.8306,12.6782;
33,Jogging,108621818,-5.5371,4.4507,18.5010;
33,Jogging,108672818,-7.1484,-3.8818,5.8594;
33,Jogging,108723818,3.0078,-4.8437,9.3311;
33,Jogging,108774818,-0.1318,-8.2202,2.6318;
33,Jogging,108825818,1.8555,-11.9360,5.7251;
33,Jogging,108876818,-6.4136,2.5195,28.8062;
33,Jogging,108927818,-20.7178,19.6021,30.3296;
33,Jogging,108978818,9.8999,16.8872,12.2070;
33,Jogging,109029818,1.2939,7.2095,11.4502;
33,Jogging,109080818,2.3364,-1.4136,8.8208;
33,Jogging,109131818,9.2871,-7.7856,3.8184;
33,Jogging,109182818,-5.1489,-5.8374,6.9067;
33,Jogging,109233818,-1.7603,1.4111,-0.6396;
33,Jogging,109284818,1.1987,1.3599,5.9131;
33,Jogging,109335818,-6.6821,24.3848,27.2583;
33,Jogging,109386818,5.0732,5.0391,12.7197;
33,Jogging,109437818,-2.5122,4.2432,19.2920;
33,Jogging,109488818,-0.5811,-1.6675,12.9077;
33,Jogging,109539818,8.8989,-5.1270,12.5928;
33,Jogging,109590818,0.5762,-6.7651,5.7251;
33,Jogging,109641818,0.5835,-10.9180,1.2598;
33,Jogging,109692818,-1.7993,1.5503,17.3413;
33,Jogging,109743818,-2.1973,14.6973,27.3047;
33,Jogging,109794818,0.1538,17.1338,17.2388;
33,Jogging,109845818,-3.5962,8.5962,7.7466;
33,Jogging,109896818,-1.8091,-0.5103,8.9331;
33,Jogging,109947818,18.2910,-4.4458,2.4048;
33,Jogging,109998818,-11.2476,-10.3809,8.7891;
33,Jogging,110049818,-3.3081,1.2427,-0.2148;
33,Jogging,110100818,0.3931,2.6367,7.3022;
33,Jogging,110151818,-4.8340,24.8438,28.1348;
33,Jogging,110202818,1.8237,4.9072,9.4775;
33,Jogging,110253818,-6.0742,3.6963,22.7246;
33,Jogging,110304818,-2.1143,-0.2075,12.8149;
33,Jogging,110355818,12.4878,-6.1157,14.1724;
33,Jogging,110406818,-3.1104,-5.7422,3.5693;
33,Jogging,110457818,1.6675,-12.6050,1.2891;
33,Jogging,110508818,-1.4771,2.0093,23.0493;
33,Jogging,110559818,-2.3193,14.7388,24.7778;
33,Jogging,110610818,-9.2456,17.6099,19.0234;
33,Jogging,110661818,-1.1084,7.9053,5.4639;
33,Jogging,110712818,1.3477,-1.4063,7.6099;
33,Jogging,110763818,8.3301,-1.2720,-0.3613;
33,Jogging,110814818,-12.1997,-14.3042,1.6553;
33,Jogging,110865818,-0.8960,-2.7148,5.1050;
33,Jogging,110916818,3.5522,19.3701,39.1602;
33,Jogging,110967818,-1.7847,5.5005,5.9912;
33,Jogging,111018818,-3.4106,4.5776,18.5449;
33,Jogging,111069818,-1.0132,1.7212,14.3481;
33,Jogging,111120818,15.2441,-3.2397,17.2900;
33,Jogging,111171818,2.8027,-6.1157,5.4956;
33,Jogging,111222818,-0.5005,-21.7383,0.5151;
33,Jogging,111273818,3.3960,0.0391,20.5981;
33,Jogging,111324818,-8.2837,15.7300,28.0688;
33,Jogging,111375818,-0.3906,14.9585,16.6040;
33,Jogging,111426818,-2.1094,7.6489,6.3672;
33,Jogging,111477818,0.4004,0.3223,10.1318;
33,Jogging,111528818,12.1143,-5.5615,7.5659;
33,Jogging,111579818,-15.6885,-14.2603,1.8164;
33,Jogging,111630818,-3.0566,2.1094,-1.0669;
33,Jogging,111681838,2.2070,13.9624,35.8911;
33,Jogging,111732818,-1.5454,5.1587,7.0312;
33,Jogging,111783818,-0.3198,3.9648,15.6421;
33,Jogging,111834818,-3.3716,3.9624,14.3726;
33,Jogging,111885818,-1.2305,1.8311,6.5625;
33,Jogging,111936818,16.7139,-8.4229,12.5830;
33,Jogging,111987818,-1.4526,-8.5864,4.6411;
33,Jogging,112038818,0.9180,-2.3145,14.9512;
33,Jogging,112089818,-0.2173,9.4312,26.0693;
33,Jogging,112140818,-15.1465,21.5625,19.6802;
33,Jogging,112191818,-4.4946,5.5298,6.8359;
33,Jogging,112242818,-0.8008,2.0459,8.9868;
33,Jogging,112293818,1.8799,-0.4932,5.0586;
33,Jogging,112344818,-0.7910,-12.2168,9.4067;
33,Jogging,112395818,-0.7251,1.5796,-1.8066;
33,Jogging,112446818,-4.1113,5.2197,8.6353;
33,Jogging,112497818,-4.7632,13.0518,18.8623;
33,Jogging,112548818,-1.4209,6.5698,10.5542;
33,Jogging,112599818,-9.4458,7.5391,20.0171;
33,Jogging,112650818,11.7944,5.6787,15.3198;
33,Jogging,112701818,-0.4932,-2.0093,9.5215;
33,Jogging,112752818,-0.1294,-8.6670,2.6367;
33,Jogging,112803818,7.4829,-10.2881,4.7095;
33,Jogging,112854818,-2.3096,3.6914,18.9038;
33,Jogging,112905818,-2.3193,12.6367,26.1646;
33,Jogging,112956818,0.7935,14.5679,15.5029;
33,Jogging,113007818,-4.4946,4.0283,8.7549;
33,Jogging,113058818,0.9058,-1.1035,12.4976;
33,Jogging,113109818,9.0869,-2.4365,3.8477;
33,Jogging,113160818,-9.1846,-14.2603,4.9805;
33,Jogging,113211818,-6.9043,0.6519,-2.1338;
33,Jogging,113262818,1.2964,3.2690,12.4048;
33,Jogging,113313818,-7.2485,20.8105,30.8301;
33,Jogging,113364818,-0.5542,3.8184,8.3154;
33,Jogging,113415818,-7.3022,4.6924,20.3345;
33,Jogging,113466818,-8.4668,-1.8164,8.1958;
33,Jogging,113517818,8.0859,0.0806,13.5986;
33,Jogging,113568818,1.1621,-5.3149,5.8862;
33,Jogging,113619818,0.8911,-8.6621,2.5806;
33,Jogging,113670818,0.3760,-2.5415,17.4707;
33,Jogging,113721818,-1.1084,11.2988,27.1680;
33,Jogging,113772818,-8.6621,18.0225,19.1504;
33,Jogging,113823818,-0.4248,6.6968,9.3262;
33,Jogging,113874818,-1.0303,1.1377,7.4658;
33,Jogging,113925818,0.4077,0.4346,1.2134;
33,Jogging,113976818,-3.6865,-8.0396,4.7754;
33,Jogging,114027818,-5.7007,-2.6465,4.7583;
33,Jogging,114078818,2.5098,4.9976,18.1519;
33,Jogging,114129818,-3.3691,8.9429,11.5381;
33,Jogging,114180818,-1.0986,8.3374,12.7075;
33,Jogging,114231818,-7.9077,6.6724,18.2300;
33,Jogging,114282818,-0.2832,1.1401,10.7544;
33,Jogging,114333818,11.3110,-3.9160,14.7827;
33,Jogging,114384818,0.1782,-8.9233,3.7744;
33,Jogging,114435818,2.9419,-9.6899,4.6460;
33,Jogging,114486818,-0.9937,0.6543,13.2593;
33,Jogging,114537818,-3.0151,12.1313,30.9497;
33,Jogging,114588818,-4.9683,18.8477,18.9453;
33,Jogging,114639818,-2.4780,8.1567,6.6504;
33,Jogging,114690818,-2.8760,0.2979,12.3242;
33,Jogging,114741818,1.2646,-2.1094,3.8721;
33,Jogging,114792818,-2.8149,-7.6050,5.0000;
33,Jogging,114843818,16.4209,-0.3198,-1.8945;
33,Jogging,114894818,0.2612,3.9502,11.4258;
33,Jogging,114945818,-6.6357,12.4878,12.5781;
33,Jogging,114996818,0.5737,2.8857,9.2261;
33,Jogging,115047818,-12.8394,4.7290,20.9131;
33,Jogging,115098818,-7.9810,-8.5327,6.9824;
33,Jogging,115149818,2.9492,-4.2651,8.8818;
33,Jogging,115200818,-3.0762,-10.3052,1.9995;
33,Jogging,115251818,5.8008,-11.9482,6.7041;
33,Jogging,115302818,-7.3511,9.8145,39.9988;
33,Jogging,115353818,-8.3789,20.6641,26.5015;
33,Jogging,115404818,2.2388,16.4404,7.9932;
33,Jogging,115455818,-2.4536,3.5840,9.3286;
33,Jogging,115506818,-0.3516,-1.4575,8.1763;
33,Jogging,115557818,17.2388,-11.6064,2.4829;
33,Jogging,115608818,-7.0190,-5.8447,7.7710;
33,Jogging,115659818,0.2637,-1.4648,4.5703;
33,Jogging,115710818,3.5645,7.3730,24.5093;
33,Jogging,115761818,-3.9136,7.4927,11.6382;
33,Jogging,115812818,-0.2271,7.5220,17.3389;
33,Jogging,115863818,-5.1318,3.4692,13.9624;
33,Jogging,115914818,-0.6445,-0.8765,7.9199;
33,Jogging,115965818,9.6704,1.9287,11.9897;
33,Jogging,116016818,2.8516,-10.4004,5.1074;
33,Jogging,116067818,0.7300,-4.7607,6.9019;
33,Jogging,116118818,-3.6890,4.4922,24.6021;
33,Jogging,116169818,0.2588,13.1201,25.2148;
33,Jogging,116220818,-1.4331,13.6938,11.0010;
33,Jogging,116271818,-5.1367,2.4121,9.8413;
33,Jogging,116322818,0.3003,-1.2109,7.6074;
33,Jogging,116373818,4.9268,-0.4175,3.5229;
33,Jogging,116424818,-9.9805,-10.4419,6.1426;
33,Jogging,116475818,-2.9834,0.1562,3.1128;
33,Jogging,116526818,0.8032,4.9219,10.6543;
33,Jogging,116577818,-8.4692,13.9404,21.4624;
33,Jogging,116628818,-0.3101,5.4004,14.5386;
33,Jogging,116679818,-12.4854,5.3271,14.9414;
33,Jogging,116730818,14.5410,1.6699,8.8159;
33,Jogging,116781818,-1.8188,1.4746,10.8472;
33,Jogging,116832818,0.8862,-4.9194,5.4907;
33,Jogging,116883818,7.2144,-12.2583,6.8408;
33,Jogging,116934818,-1.2817,1.5430,14.7046;
33,Jogging,116985818,-4.3896,4.4043,23.6499;
33,Jogging,117036818,-13.9819,22.2412,27.7808;
33,Jogging,117087818,-1.8750,4.8950,9.9512;
33,Jogging,117138818,-1.0205,0.6201,14.4263;
33,Jogging,117189818,3.1177,0.3027,5.0537;
33,Jogging,117240818,7.8369,-7.7271,7.7490;
33,Jogging,117291818,-7.4170,-2.7222,3.5010;
33,Jogging,117342818,10.1001,5.8447,7.8857;
33,Jogging,117393818,-4.1040,6.5137,25.7495;
33,Jogging,117444818,-4.2236,3.7793,8.5767;
33,Jogging,117495818,-4.1943,3.5718,17.3462;
33,Jogging,117546818,-6.2988,4.0332,15.9595;
33,Jogging,117597818,6.2280,1.0132,13.0298;
33,Jogging,117648818,-1.5308,-2.9614,8.3154;
33,Jogging,117699818,-0.4419,-6.5747,5.0342;
33,Jogging,117750818,3.0225,-7.0288,8.1616;
33,Jogging,117801818,-1.8433,6.1328,21.4648;
33,Jogging,117852818,-0.7422,18.4302,22.0044;
33,Jogging,117903818,-5.2490,4.8022,12.6172;
33,Jogging,117954818,1.1157,-0.3442,12.3120;
33,Jogging,118005818,-0.3589,1.4355,5.4150;
33,Jogging,118056818,0.9448,-0.3052,2.9492;
33,Jogging,118107818,-6.5503,-7.5366,3.6328;
33,Jogging,118158818,37.8833,-1.8994,14.8486;
33,Jogging,118209818,-4.8389,14.6045,23.1030;
33,Jogging,118260818,-2.0044,12.6563,11.1597;
33,Jogging,118311818,-1.9458,7.7100,17.8906;
33,Jogging,118362818,-8.7891,2.6367,17.5024;
33,Jogging,118413818,0.5371,-2.2876,15.1831;
33,Jogging,118464818,4.5361,-3.0811,9.5532;
33,Jogging,118515818,-2.4048,-5.6128,5.0000;
33,Jogging,118566818,6.1987,-15.1416,4.5532;
33,Jogging,118617818,-1.1377,1.3159,22.1265;
33,Jogging,118668818,-4.8242,12.2021,27.9004;
33,Jogging,118719818,-2.0776,16.3574,12.8906;
33,Jogging,118770818,1.2476,4.8291,9.7852;
33,Jogging,118821818,-2.0117,2.2046,9.5898;
33,Jogging,118872818,11.0669,-1.6675,-2.2461;
33,Jogging,118923818,-3.5620,-0.7471,2.8467;
33,Jogging,118974818,-2.5342,-0.4321,8.3301;
33,Jogging,119025818,0.6274,2.6465,7.1216;
33,Jogging,119076818,-2.6099,6.8726,22.0728;
33,Jogging,119127818,-1.0815,2.6172,14.2017;
33,Jogging,119178818,-4.8169,5.3638,14.5605;
33,Jogging,119229818,-5.2222,4.3750,9.6045;
33,Jogging,119280818,17.4976,5.5640,16.7871;
33,Jogging,119331818,-0.4736,-3.3057,8.1958;
33,Jogging,119382818,0.9082,-10.8032,2.7954;
33,Jogging,119433818,-0.8887,-4.4556,11.8286;
33,Jogging,119484818,-5.3296,4.4238,33.4961;
33,Jogging,119535818,-15.7593,21.9653,26.5698;
33,Jogging,119586818,4.2944,0.6030,15.1660;
33,Jogging,119637818,-1.7676,3.6426,14.8535;
33,Jogging,119688818,1.4478,6.3257,2.3730;
33,Jogging,119739818,9.7607,-0.2832,1.8262;
33,Jogging,119790818,-7.7417,-3.0151,7.5830;
33,Jogging,119841818,12.0215,4.7900,13.5864;
33,Jogging,119892818,-1.3477,4.9683,15.1611;
33,Jogging,119943818,-8.9722,9.9438,19.3433;
33,Jogging,119994818,-1.8848,5.1318,16.9556;
33,Jogging,120045818,-5.2051,3.2935,13.4448;
33,Jogging,120096818,-1.2207,1.3794,9.8560;
33,Jogging,120147818,9.4946,0.6543,12.7734;
33,Jogging,120198818,1.4282,-5.7812,7.1729;
33,Jogging,120249818,2.6001,-10.3174,4.9634;
33,Jogging,120300818,-0.7202,0.0171,18.9990;
33,Jogging,120351818,-2.9834,11.1011,22.4219;
33,Jogging,120402818,-10.1807,17.0557,18.8574;
33,Jogging,120453818,-1.4380,7.6172,8.8623;
33,Jogging,120504818,-0.3394,-0.0732,9.3408;
33,Jogging,120555818,4.9976,2.8369,0.3027;
33,Jogging,120606818,-4.5410,-2.3120,4.7583;
33,Jogging,120657818,-14.0259,-5.3833,11.3647;
33,Jogging,120708818,8.0835,5.9619,13.4937;
33,Jogging,120759818,-4.4604,12.3315,18.9429;
33,Jogging,120810818,-3.7988,7.5171,17.7588;
33,Jogging,120861818,-3.8770,3.6328,16.4233;
33,Jogging,120912818,-1.9238,0.0781,11.0059;
33,Jogging,120963818,-5.8691,3.2764,5.2515;
33,Jogging,121014818,9.7485,-6.7700,9.4141;
33,Jogging,121065818,-1.1841,-7.5952,4.5459;
33,Jogging,121116818,-0.2490,-5.2222,15.5811;
33,Jogging,121167818,-0.5664,8.4106,22.8784;
33,Jogging,121218818,-8.6792,20.0610,28.2568;
33,Jogging,121269818,-0.1465,4.4702,11.9751;
33,Jogging,121320818,1.8652,0.2222,10.1465;
33,Jogging,121371818,-5.8936,6.5601,-0.5859;
33,Jogging,121422818,4.8560,2.2046,0.9326;
33,Jogging,121473818,-6.8262,-7.1069,8.1421;
33,Jogging,121524818,-2.0264,9.8022,26.0571;
33,Jogging,121575818,-3.0298,12.9688,16.7773;
33,Jogging,121626818,-3.6011,9.1553,10.5298;
33,Jogging,121677818,-6.0352,4.5337,17.8931;
33,Jogging,121728818,-2.1948,0.9741,12.0410;
33,Jogging,121779818,-0.9570,4.4458,8.5596;
33,Jogging,121830818,8.5156,-7.3218,10.5396;
33,Jogging,121881818,0.8643,-7.6050,5.3052;
33,Jogging,121932818,-2.4756,-3.0640,13.6646;
33,Jogging,121983818,-2.5732,8.1934,22.5757;