33,Jogging,30928516,-0.8398,-5.6128,10.5151;
33,Jogging,30989835,3.1738,-6.8530,6.6016;
33,Jogging,31040839,1.2622,-2.4121,6.9458;
33,Jogging,31091823,3.6255,11.3989,20.9839;
33,Jogging,31142821,0.0293,12.9932,17.5049;
33,Jogging,31193821,-1.1230,7.0142,16.4429;
33,Jogging,31244821,-5.9985,0.4614,14.5801;
33,Jogging,31295821,-1.9629,0.4883,6.7725;
33,Jogging,31346821,-0.4639,-0.5225,3.9331;
33,Jogging,31397821,-2.4243,-12.8101,7.5635;
33,Jogging,31448821,27.4609,1.0962,6.7847;
33,Jogging,31499821,-10.1147,12.4414,25.5688;
33,Jogging,31550821,-4.3652,11.0352,14.4531;
33,Jogging,31601821,-0.3857,6.4380,15.6323;
33,Jogging,31652821,-5.4004,2.7368,18.2544;
33,Jogging,31703821,-3.3911,-1.1865,13.4375;
33,Jogging,31754821,10.2661,-7.0386,12.9688;
33,Jogging,31805821,-1.3135,-8.8940,3.5767;
33,Jogging,31856821,4.3628,-8.8916,4.0430;
33,Jogging,31907821,-3.9062,11.2891,27.4902;
33,Jogging,31958821,-2.4170,20.0684,23.2202;
33,Jogging,32009821,-4.1162,4.1626,13.0518;
33,Jogging,32060821,-2.8442,2.3950,10.6030;
33,Jogging,32111821,-5.5249,3.1177,6.1670;
33,Jogging,32162845,5.1245,-16.1646,6.0913;
33,Jogging,32213821,21.7578,-11.5454,4.4922;
33,Jogging,32264821,-6.0596,9.0308,18.0322;
33,Jogging,32315821,-2.5024,13.5693,11.5356;
33,Jogging,32366821,0.3931,9.1187,10.5298;
33,Jogging,32417821,-2.3730,6.8774,25.1733;
33,Jogging,32468821,-5.0098,0.6030,16.4331;
33,Jogging,32519821,0.6372,-10.1978,17.6025;
33,Jogging,32570821,2.3730,-8.8281,5.0220;
33,Jogging,32621821,1.6748,-9.3091,1.8677;
33,Jogging,32672821,-1.4258,-2.1313,16.6089;
33,Jogging,32723821,0.4102,23.8940,31.4160;
33,Jogging,32774821,-5.9106,17.7661,26.1230;
33,Jogging,32825821,-4.0137,5.9570,12.2070;
33,Jogging,32876821,-2.6489,1.5771,8.9258;
33,Jogging,32927821,3.1909,-0.7495,-1.2085;
33,Jogging,32978821,-2.1216,-11.9507,0.2734;
33,Jogging,33029821,5.5103,-8.8892,-0.5957;
33,Jogging,33080821,-2.3291,14.9438,36.9043;
33,Jogging,33131821,0.6689,6.1426,6.7871;
33,Jogging,33182821,-10.7642,12.2168,16.3916;
33,Jogging,33233821,-1.4648,2.5439,17.7539;
33,Jogging,33284821,10.9131,-13.9355,13.8574;
33,Jogging,33335821,0.8350,-9.2065,5.1855;
33,Jogging,33386821,4.8950,-9.9854,2.9443;
33,Jogging,33437821,-4.7632,-0.4004,16.3916;
33,Jogging,33488821,5.7373,16.6797,28.2520;
33,Jogging,33539821,-4.5532,16.5015,26.0010;
33,Jogging,33590821,-7.6489,5.3247,7.9712;
33,Jogging,33641821,-2.0093,0.5176,12.4731;
33,Jogging,33692821,-3.8916,1.6211,3.3496;
33,Jogging,33743821,3.1006,-6.9263,0.9009;
33,Jogging,33794821,8.4229,-7.8931,3.6890;
33,Jogging,33845821,-8.6328,10.6836,26.6846;
33,Jogging,33896821,-2.5635,14.8169,16.2817;
33,Jogging,33947821,-2.2754,7.6147,12.0728;
33,Jogging,33998821,-1.2012,4.0967,21.6528;
33,Jogging,34049821,-3.5156,-3.8452,10.8789;
33,Jogging,34100821,6.2354,-8.9575,12.1802;
33,Jogging,34151821,-0.4712,-11.0474,1.9409;
33,Jogging,34202821,2.8516,-9.9854,6.7358;
33,Jogging,34253821,-6.9995,11.3770,28.5571;
33,Jogging,34304821,-7.8442,17.2021,26.6431;
33,Jogging,34355821,-2.8613,6.0376,12.6196;
33,Jogging,34406821,-4.5630,3.7769,12.3267;
33,Jogging,34457821,-1.7944,1.1572,2.9712;
33,Jogging,34508821,4.3286,-5.3149,3.5205;
33,Jogging,34559821,-7.7515,-4.4336,-0.7642;
33,Jogging,34610821,-3.6670,5.1147,14.0942;
33,Jogging,34661821,-6.0962,21.2427,31.6455;
33,Jogging,34712821,-4.2090,6.6772,5.8325;
33,Jogging,34763822,-1.0229,7.4048,23.1934;
33,Jogging,34814821,-1.5088,-5.6982,11.7041;
33,Jogging,34865821,1.9580,-4.8096,9.4312;
33,Jogging,34916821,-1.0449,-3.9355,2.8394;
33,Jogging,34967821,6.7749,-8.6865,-0.5225;
33,Jogging,35018821,-3.1030,2.0679,20.4614;
33,Jogging,35069821,0.0659,23.7354,32.2217;
33,Jogging,35120821,-2.1289,9.9609,11.9971;
33,Jogging,35171821,-4.2847,1.4478,12.0313;
33,Jogging,35222821,-1.0156,0.4590,5.3125;
33,Jogging,35273821,3.4839,-4.0039,1.4917;
33,Jogging,35324821,-13.2446,-18.8623,1.1792;
33,Jogging,35375821,-0.9839,0.3076,9.1162;
33,Jogging,35426821,-3.8477,20.4688,27.1411;
33,Jogging,35477821,-7.3657,10.3491,5.9424;
33,Jogging,35528821,-1.1084,5.9497,25.4077;
33,Jogging,35579821,-2.5366,-4.3652,11.2769;
33,Jogging,35630821,5.4590,-7.8516,8.5937;
33,Jogging,35681821,0.2466,-6.7334,1.7969;
33,Jogging,35732821,4.3726,-9.5142,0.7178;
33,Jogging,35783821,-4.6460,1.9458,26.1279;
33,Jogging,35834821,-6.3159,24.6094,35.3540;
33,Jogging,35885821,-0.5396,9.5532,13.4131;
33,Jogging,35936821,-5.7300,1.6797,14.2139;
33,Jogging,35987821,-0.8105,1.7700,4.7510;
33,Jogging,36038821,1.4111,-2.4854,3.5107;
33,Jogging,36089821,-1.1694,-13.4375,2.4146;
33,Jogging,36140821,6.4380,4.4043,10.5444;
33,Jogging,36191821,-3.8989,12.4976,34.3628;
33,Jogging,36242821,-7.3682,9.0967,9.7437;
33,Jogging,36293821,0.3442,9.7876,18.9966;
33,Jogging,36344821,-2.2900,-2.0361,13.8867;
33,Jogging,36395821,7.6123,-9.4775,12.9785;
33,Jogging,36446821,2.1875,-3.9795,4.2896;
33,Jogging,36497821,-1.8042,-10.1221,-2.6611;
33,Jogging,36548821,3.1543,-0.3271,14.8950;
33,Jogging,36599821,2.0337,20.0415,35.2222;
33,Jogging,36650821,-1.5601,9.1577,14.0210;
33,Jogging,36701821,-6.0132,4.4141,11.8799;
33,Jogging,36752821,-0.5566,0.4126,8.6230;
33,Jogging,36803821,-0.5542,-5.0684,3.1738;
33,Jogging,36854821,-3.9551,-6.7822,2.9126;
33,Jogging,36905821,12.7930,-1.3306,17.4414;
33,Jogging,36956821,-12.8003,17.2852,31.1328;
33,Jogging,37007821,-3.4814,13.3813,11.0498;
33,Jogging,37058821,1.3037,8.6597,21.3403;
33,Jogging,37109821,-6.6064,-0.2563,18.7769;
33,Jogging,37160821,-1.4966,-11.3794,11.8506;
33,Jogging,37211821,4.1162,-9.7290,6.7017;
33,Jogging,37262821,4.0405,-9.2456,0.9082;
33,Jogging,37313821,-1.6431,1.0571,16.2915;
33,Jogging,37364821,3.6475,25.3687,30.5005;
33,Jogging,37415821,-3.7866,14.3799,19.7119;
33,Jogging,37466821,-3.8745,3.5937,12.4414;
33,Jogging,37517821,-2.8076,-3.5474,8.9966;
33,Jogging,37568821,3.5132,0.1001,0.0488;
33,Jogging,37619821,-0.3931,-4.0088,1.3013;
33,Jogging,37670821,-7.6587,0.5298,-1.9287;
33,Jogging,37721821,1.6699,10.1733,39.3066;
33,Jogging,37772821,-5.0293,13.1909,13.8159;
33,Jogging,37823821,-7.0801,10.7422,16.4038;
33,Jogging,37874821,-3.0591,2.9126,15.8374;
33,Jogging,37925821,-3.0225,-4.1919,12.9395;
33,Jogging,37976821,9.2969,-7.2021,9.0503;
33,Jogging,38027821,-1.3477,-4.9316,2.4097;
33,Jogging,38078821,5.7031,-10.0293,0.7764;
33,Jogging,38129821,-6.0571,6.1597,39.9988;
33,Jogging,38180821,-0.4883,15.3809,24.4287;
33,Jogging,38231821,-2.5366,9.6411,11.9287;
33,Jogging,38282821,-2.6978,4.0381,9.1235;
33,Jogging,38333821,-0.4248,-1.4722,2.9565;
33,Jogging,38384821,0.3540,-8.7866,4.6875;
33,Jogging,38435821,13.0127,-9.2261,1.7651;
33,Jogging,38486821,-5.7812,6.9629,20.9863;
33,Jogging,38537821,-4.3555,14.2334,14.2310;
33,Jogging,38588821,-2.2144,8.7695,8.5547;
33,Jogging,38639821,-2.7710,4.1089,22.6318;
33,Jogging,38690821,-3.6523,-4.3628,12.0898;
33,Jogging,38741821,2.9053,-5.0659,9.6802;
33,Jogging,38792821,0.9912,-6.1816,3.3154;
33,Jogging,38843821,4.3848,-11.6626,3.6060;
33,Jogging,38894821,-8.7817,6.8384,39.9988;
33,Jogging,38945821,0.5371,20.3149,25.3662;
33,Jogging,38996821,-2.3730,10.5103,13.5132;
33,Jogging,39047821,-5.6006,1.2207,11.2793;
33,Jogging,39098821,-2.3242,0.5615,3.1494;
33,Jogging,39149821,4.6729,-9.1675,3.3398;
33,Jogging,39200821,-6.3916,-12.1216,4.5190;
33,Jogging,39251821,-5.8008,3.1787,9.7144;
33,Jogging,39302821,-17.8613,21.5674,26.2988;
33,Jogging,39353821,11.5210,0.7349,10.3101;
33,Jogging,39404821,-3.2056,7.7466,25.4297;
33,Jogging,39455821,-6.3696,0.5103,12.7539;
33,Jogging,39506821,-9.8340,-2.3340,12.8979;
33,Jogging,39557821,1.9360,-7.8027,6.9727;
33,Jogging,39608821,1.6602,-12.9224,1.6138;
33,Jogging,39659821,0.2295,-0.4614,17.4170;
33,Jogging,39710821,-1.5234,23.8965,34.5923;
33,Jogging,39761821,-6.8750,17.6270,16.6992;
33,Jogging,39812821,-7.9224,7.2461,7.5220;
33,Jogging,39863821,-2.9419,1.3379,8.2422;
33,Jogging,39914821,17.0166,-1.2939,-2.0288;
33,Jogging,39965821,-2.2778,-16.0547,3.5449;
33,Jogging,40016821,6.2842,-12.3291,2.5000;
33,Jogging,40067821,0.3149,8.0542,25.4541;
33,Jogging,40118821,-2.0728,11.1841,14.1211;
33,Jogging,40169821,-4.6216,10.1733,16.4868;
33,Jogging,40220821,-0.1855,2.9907,19.2041;
33,Jogging,40271821,-2.5220,-5.0781,10.1611;
33,Jogging,40322821,7.0923,-9.0674,10.0049;
33,Jogging,40373821,0.4590,-3.2739,2.1997;
33,Jogging,40424821,2.4243,-7.2314,10.3784;
33,Jogging,40475821,3.9478,18.9331,35.1587;
33,Jogging,40526821,-3.3643,14.0796,19.5337;
33,Jogging,40577821,-5.9521,6.9995,15.5176;
33,Jogging,40628821,-2.3560,3.3569,7.4219;
33,Jogging,40679821,-1.7627,1.8604,0.5811;
33,Jogging,40730821,2.0337,-10.1001,0.7080;
33,Jogging,40781821,18.6133,-12.3877,8.5547;
33,Jogging,40832821,-4.8486,5.2417,12.2705;
33,Jogging,40883821,-7.2559,20.0317,23.8574;
33,Jogging,40934821,-4.6436,8.5400,9.8560;
33,Jogging,40985821,-0.0732,3.9355,17.6172;
33,Jogging,41036821,-3.7280,-2.6074,7.4609;
33,Jogging,41087821,12.3315,-8.0347,12.1216;
33,Jogging,41138821,1.9873,-4.2920,3.7671;
33,Jogging,41189821,0.8057,-10.7642,6.8164;
33,Jogging,41240821,-7.1021,18.9014,39.9988;
33,Jogging,41291821,-0.1221,15.3882,21.6528;
33,Jogging,41342821,-2.9102,7.9346,12.8833;
33,Jogging,41393821,-3.8989,3.6670,5.3516;
33,Jogging,41444821,-0.0073,1.0620,-1.9312;
33,Jogging,41495821,2.1265,-6.8652,-0.1099;
33,Jogging,41546821,1.6406,-9.7900,12.0728;
33,Jogging,41597821,-0.7007,9.1528,31.3818;
33,Jogging,41648821,-9.8437,16.2964,18.2788;
33,Jogging,41699821,-1.9238,7.4365,17.8491;
33,Jogging,41750821,-2.2949,2.2852,15.5396;
33,Jogging,41801821,-6.7554,-7.3853,9.2554;
33,Jogging,41852821,4.2725,-6.2085,8.5474;
33,Jogging,41903821,0.6982,-5.3979,2.4927;
33,Jogging,41954821,2.9590,-9.3530,8.7280;
33,Jogging,42005821,-5.3833,15.7666,39.9988;
33,Jogging,42056821,-2.5195,16.7017,27.6221;
33,Jogging,42107821,-3.0859,7.3267,12.9565;
33,Jogging,42158821,-5.0952,3.1885,9.7705;
33,Jogging,42209821,-0.8667,0.8813,3.6719;
33,Jogging,42260821,1.5576,-4.9097,1.8921;
33,Jogging,42311821,-4.8437,-1.8701,4.6216;
33,Jogging,42362821,6.9287,3.3643,10.7886;
33,Jogging,42413821,-1.2720,10.4346,28.3154;
33,Jogging,42464821,-4.1016,7.1802,11.5869;
33,Jogging,42515821,-0.6836,5.8423,20.0195;
33,Jogging,42566821,-4.8926,-1.0742,13.0005;
33,Jogging,42617821,13.4839,-0.9009,12.0605;
33,Jogging,42668821,1.0498,-3.5937,4.9121;
33,Jogging,42719821,1.6235,-10.7471,1.1523;
33,Jogging,42770821,1.8359,1.2329,17.8735;
33,Jogging,42821821,-1.5771,18.3765,32.8369;
33,Jogging,42872821,-2.8418,15.1001,17.0435;
33,Jogging,42923821,-7.3242,6.8506,8.8110;
33,Jogging,42974821,-1.9385,-1.8188,6.4990;
33,Jogging,43025821,7.8247,-3.8428,1.9165;
33,Jogging,43076821,-4.8242,-7.4854,6.4307;
33,Jogging,43127821,16.0718,-4.4482,4.3579;
33,Jogging,43178821,-14.3213,16.0645,29.8682;
33,Jogging,43229821,1.6309,9.6460,14.2261;
33,Jogging,43280821,-3.3667,10.8130,21.1719;
33,Jogging,43331821,-3.4351,2.4805,19.1211;
33,Jogging,43382821,-11.6113,-10.9521,17.2925;
33,Jogging,43433821,1.6260,-7.2656,5.9351;
33,Jogging,43484821,0.3760,-11.5967,0.9546;
33,Jogging,43535821,4.3579,-6.1743,11.6064;
33,Jogging,43586821,-7.6392,14.7900,32.8564;
33,Jogging,43637821,-5.4053,19.9219,27.7686;
33,Jogging,43688821,-4.4653,6.2524,12.7197;
33,Jogging,43739821,-1.4160,1.1328,9.4385;
33,Jogging,43790821,-1.7358,0.7153,4.9731;
33,Jogging,43841821,4.7461,-3.0811,1.2769;
33,Jogging,43892821,-5.8936,-8.8672,2.2852;
33,Jogging,43943821,0.7080,5.4248,12.5122;
33,Jogging,43994821,-5.9814,21.5649,31.6040;
33,Jogging,44045821,-10.7593,9.1846,4.3042;
33,Jogging,44096821,-4.4946,6.5479,23.1250;
33,Jogging,44147821,-4.6460,-1.0913,12.4487;
33,Jogging,44198821,16.9409,-13.5840,15.6421;
33,Jogging,44249821,-1.5894,-5.3101,4.5239;
33,Jogging,44300821,5.6104,-13.5352,0.2734;
33,Jogging,44351821,-6.4575,5.0708,29.7974;
33,Jogging,44402821,-5.0122,22.3926,29.7827;
33,Jogging,44453821,-5.3613,11.8018,11.6016;
33,Jogging,44504821,-4.6875,3.7305,11.2012;
33,Jogging,44555821,-0.9253,0.7007,6.7578;
33,Jogging,44606821,3.0811,-8.8550,7.1484;
33,Jogging,44657821,-10.7251,-12.6074,6.3281;
33,Jogging,44708821,4.1260,5.6592,12.1167;
33,Jogging,44759821,-12.6318,23.8818,30.2588;
33,Jogging,44810821,3.7915,8.2275,7.4414;
33,Jogging,44861821,-2.6440,9.1455,24.3994;
33,Jogging,44912821,-6.6284,0.6323,19.5117;
33,Jogging,44963821,-7.4829,0.5298,12.6855;
33,Jogging,45014821,5.4028,-14.2139,7.8442;
33,Jogging,45065821,3.1226,-11.9214,0.8838;
33,Jogging,45116821,2.3389,-1.1914,7.3511;
33,Jogging,45167821,-6.0498,16.6919,39.9988;
33,Jogging,45218821,-7.0679,16.4551,23.6719;
33,Jogging,45269821,-0.5933,7.2632,17.7905;
33,Jogging,45320821,-5.7080,-0.2100,11.7090;
33,Jogging,45371821,-0.9155,0.0366,5.6372;
33,Jogging,45422821,6.5259,-1.5967,0.8643;
33,Jogging,45473821,-2.4048,-11.0742,3.8672;
33,Jogging,45524821,13.8770,-6.9604,-0.9766;
33,Jogging,45575821,-0.6641,11.9360,31.1597;
33,Jogging,45626821,-10.5957,13.7866,11.6724;
33,Jogging,45677821,-2.1289,11.3428,17.9761;
33,Jogging,45728821,-1.5356,3.3496,17.8149;
33,Jogging,45779821,-5.3906,-3.8794,15.0708;
33,Jogging,45830821,18.4814,-15.9766,13.7036;
33,Jogging,45881821,0.5884,-5.4297,-0.5835;
33,Jogging,45932821,4.3848,-5.5688,4.2017;
33,Jogging,45983821,-5.0952,5.0317,28.6377;
33,Jogging,46034821,0.4102,15.0293,28.0444;
33,Jogging,46085821,-2.7124,15.2612,16.9092;
33,Jogging,46136821,-4.9927,-0.2222,12.9810;
33,Jogging,46187821,0.2734,-0.5322,6.0937;
33,Jogging,46238821,0.4639,-2.4756,2.1826;
33,Jogging,46289821,-1.3892,-10.0171,1.6699;
33,Jogging,46340821,6.5112,4.2139,4.4678;
33,Jogging,46391821,-10.4370,19.8364,39.9988;
33,Jogging,46442821,-5.7495,6.4209,4.0918;
33,Jogging,46493821,2.2485,5.6885,23.4009;
33,Jogging,46544821,-3.7524,-1.3477,13.3569;
33,Jogging,46595821,11.9092,-13.7549,12.5220;
33,Jogging,46646821,-0.0488,-4.5630,4.7534;
33,Jogging,46697821,3.0444,-12.2485,-0.2100;
33,Jogging,46748821,-2.4707,2.0728,22.6538;
33,Jogging,46799821,1.2988,24.3457,31.5698;
33,Jogging,46850821,-2.8638,8.6841,11.9580;
33,Jogging,46901821,-7.5757,5.0098,10.3052;
33,Jogging,46952821,-3.2520,3.4033,3.5840;
33,Jogging,47003821,3.7134,-2.4536,3.2690;
33,Jogging,47054821,-8.0859,-14.7534,6.5381;
33,Jogging,47105821,-1.7627,6.2695,7.5562;
33,Jogging,47156821,-12.2461,21.9629,34.6484;
33,Jogging,47207821,-1.2671,6.0400,4.4312;
33,Jogging,47258821,-4.6973,12.8320,20.5078;
33,Jogging,47309821,-1.5649,3.4570,13.6816;
33,Jogging,47360821,-1.5210,-5.0903,15.6934;
33,Jogging,47411821,4.6680,-5.9204,7.7490;
33,Jogging,47462821,-0.5298,-9.9976,2.1387;
33,Jogging,47513821,3.6279,-3.1787,14.3188;
33,Jogging,47564821,4.4312,23.5327,36.4844;
33,Jogging,47615821,-9.4336,15.6079,19.1650;
33,Jogging,47666821,-4.8804,4.9023,10.5859;
33,Jogging,47717821,-4.2065,2.9810,5.3662;
33,Jogging,47768821,-1.0107,-0.2441,3.0273;
33,Jogging,47819821,1.7676,-9.9683,2.8247;
33,Jogging,47870821,20.2197,-7.9468,3.6279;
33,Jogging,47921821,-4.5264,9.6631,36.4746;
33,Jogging,47972821,-1.0840,9.6997,11.2329;
33,Jogging,48023821,-6.8433,8.3228,9.5972;
33,Jogging,48074821,-4.4751,9.4482,20.3906;
33,Jogging,48125821,2.8394,-4.2261,13.5376;
33,Jogging,48176821,0.1562,-2.9517,7.5708;
33,Jogging,48227821,-0.3198,-3.6768,3.0005;
33,Jogging,48278821,6.1328,-13.4521,2.7637;
33,Jogging,48329821,-3.3569,4.7656,26.5039;
33,Jogging,48380821,-2.9541,19.1333,26.9263;
33,Jogging,48431821,-2.8369,10.7764,14.1797;
33,Jogging,48482821,-3.7817,4.9194,9.2944;
33,Jogging,48533821,-2.3047,1.0815,6.4380;
33,Jogging,48584821,5.6543,-1.7505,3.0493;
33,Jogging,48635821,-6.3477,-15.2319,6.2207;
33,Jogging,48686821,14.1235,-1.7725,13.6157;
33,Jogging,48737821,-4.8047,22.7930,39.9988;
33,Jogging,48788821,-2.6660,10.1563,10.1685;
33,Jogging,48839821,-6.6821,10.6372,18.8574;
33,Jogging,48890821,-0.9985,2.5244,13.6206;
33,Jogging,48941821,-3.5034,-2.6587,12.2876;
33,Jogging,48992821,8.2031,-12.7881,13.1055;
33,Jogging,49043821,1.9995,-14.2041,2.5342;
33,Jogging,49094821,1.6064,-7.2168,16.8872;
33,Jogging,49145821,-0.9253,26.7627,39.9988;
33,Jogging,49196821,-6.0645,13.3569,20.4712;
33,Jogging,49247821,-6.5112,6.0425,15.1562;
33,Jogging,49298821,-3.6523,2.0337,8.4570;
33,Jogging,49349821,2.0581,0.8252,3.0933;
33,Jogging,49400821,2.5244,-6.0913,4.4385;
33,Jogging,49451821,-10.7446,2.0410,-0.2881;
33,Jogging,49502821,0.5713,0.2124,8.6255;
33,Jogging,49553821,-11.5356,22.5977,31.2427;
33,Jogging,49604821,0.8057,7.3315,10.5347;
33,Jogging,49655821,-5.4761,5.9888,20.8716;
33,Jogging,49706821,-4.9268,-1.9727,12.4854;
33,Jogging,49757821,14.3018,-10.7056,11.3379;
33,Jogging,49808821,0.1367,-2.4976,5.3125;
33,Jogging,49859821,1.0303,-10.1880,-0.5493;
33,Jogging,49910821,-0.4321,1.3623,14.9219;
33,Jogging,49961821,7.3584,20.4761,39.9988;
33,Jogging,50012821,-2.4438,8.5864,14.0503;
33,Jogging,50063821,-5.5518,2.9932,12.0142;
33,Jogging,50114821,0.6860,0.5078,5.8887;
33,Jogging,50165821,1.2671,-1.7139,1.1719;
33,Jogging,50216821,-0.1929,-8.6255,2.6074;
33,Jogging,50267821,11.9458,0.2881,10.4639;
33,Jogging,50318821,-4.6094,13.7329,27.6294;
33,Jogging,50369821,-3.4570,8.6475,9.6045;
33,Jogging,50420821,-1.0352,8.3374,18.1470;
33,Jogging,50471821,-7.1680,0.7202,17.5049;
33,Jogging,50522821,-12.6294,-9.5996,11.5967;
33,Jogging,50573821,8.9600,-8.8330,8.8403;
33,Jogging,50624821,-1.5088,-7.2852,2.5635;
33,Jogging,50675821,1.2378,-8.1104,11.0449;
33,Jogging,50726821,-6.3208,11.3989,36.4941;
33,Jogging,50777821,-8.6499,15.1489,20.8960;
33,Jogging,50828821,-4.4800,8.0493,10.4834;
33,Jogging,50879821,-3.5156,4.4824,8.7964;
33,Jogging,50930821,4.1333,1.6772,2.8760;
33,Jogging,50981821,1.1475,-8.2251,4.9194;
33,Jogging,51032821,-3.0225,-3.9502,-0.8716;
33,Jogging,51083821,-2.5171,1.9873,10.0732;
33,Jogging,51134821,-7.5684,23.5425,28.1787;
33,Jogging,51185821,-1.9702,6.1426,5.0269;
33,Jogging,51236821,-2.7148,8.0688,24.3408;
33,Jogging,51287821,-1.8530,0.1416,13.1177;
33,Jogging,51338821,15.6201,-11.4966,16.9019;
33,Jogging,51389821,0.2368,-5.6641,4.7070;
33,Jogging,51440821,3.1934,-10.4248,0.1147;
33,Jogging,51491821,0.7568,0.5225,16.3647;
33,Jogging,51542821,-0.9570,16.7017,30.2222;
33,Jogging,51593821,-3.1104,13.8452,18.2373;
33,Jogging,51644821,-1.9482,3.7231,11.2866;
33,Jogging,51695821,-3.1592,2.0825,6.7554;
33,Jogging,51746821,2.1777,0.0439,-0.8960;
33,Jogging,51797821,-1.6357,-12.3047,2.4194;
33,Jogging,51848821,18.2739,-7.9297,5.5054;
33,Jogging,51899821,-5.0464,15.4517,34.9927;
33,Jogging,51950821,-2.6978,15.9546,14.5142;
33,Jogging,52001821,-1.9482,11.2842,15.7544;
33,Jogging,52052821,-3.3838,3.1738,20.2808;
33,Jogging,52103821,-4.7192,-2.4121,13.2959;
33,Jogging,52154821,15.9888,-15.6079,12.8467;
33,Jogging,52205823,-0.3735,-7.2217,2.7441;
33,Jogging,52256821,2.1875,-6.8188,1.7017;
33,Jogging,52307821,-3.5815,10.6128,29.7900;
33,Jogging,52358821,-6.5601,23.5205,25.1733;
33,Jogging,52409821,-2.1216,7.6196,11.8408;
33,Jogging,52460821,-6.0522,4.4727,11.1328;
33,Jogging,52511821,-3.5547,0.6641,5.4199;
33,Jogging,52562821,4.5044,-11.3403,6.7725;
33,Jogging,52613821,14.3433,-8.5474,0.5078;
33,Jogging,52664821,-11.6162,4.6387,8.3447;
33,Jogging,52715821,-7.0459,21.0693,28.0176;
33,Jogging,52766821,6.7236,5.1123,3.2666;
33,Jogging,52817821,-10.7715,9.4678,25.1099;
33,Jogging,52868821,-4.1113,0.0293,16.5723;
33,Jogging,52919821,18.6133,-14.1895,12.8491;
33,Jogging,52970821,-1.4014,-6.2817,5.1880;
33,Jogging,53021821,5.3076,-7.5513,0.3174;
33,Jogging,53072821,-0.9937,2.2046,19.5190;
33,Jogging,53123821,-2.4658,19.1211,30.9326;
33,Jogging,53174821,-3.2373,12.7246,13.9819;
33,Jogging,53225821,-3.8184,3.5791,7.6514;
33,Jogging,53276821,-2.4023,-0.0269,4.8096;
33,Jogging,53327821,9.4922,-2.8955,-1.3086;
33,Jogging,53378821,-5.7861,-14.1089,2.1899;
33,Jogging,53429821,7.2314,0.3223,9.3286;
33,Jogging,53480821,-4.9194,19.5044,34.3481;
33,Jogging,53531821,-1.4453,7.5854,6.6455;
33,Jogging,53582821,-11.4355,11.6650,27.8564;
33,Jogging,53633821,-1.3647,2.3096,13.0127;
33,Jogging,53684821,-6.1938,-0.3198,9.7974;
33,Jogging,53735821,11.3892,-9.9976,10.4712;
33,Jogging,53786821,0.0708,-10.1538,2.1631;
33,Jogging,53837821,5.4004,-5.1709,6.8213;
33,Jogging,53888821,-5.9473,15.2710,39.9988;
33,Jogging,53939821,-5.5444,16.6699,19.3042;
33,Jogging,53990821,-5.0903,7.2363,10.7178;
33,Jogging,54041821,-3.3789,3.2642,9.1235;
33,Jogging,54092821,0.6641,-0.5225,5.5835;
33,Jogging,54143821,-1.1108,-14.3213,5.6348;
33,Jogging,54194821,6.8311,-7.3364,-1.5820;
33,Jogging,54245821,-1.4209,3.3691,11.2793;
33,Jogging,54296821,-9.4092,19.7217,26.1572;
33,Jogging,54347821,-5.0732,7.0752,8.6987;
33,Jogging,54398821,-5.3418,7.3413,20.5518;
33,Jogging,54449821,-2.0190,0.2588,11.1792;
33,Jogging,54500821,11.4380,-8.4375,12.8003;
33,Jogging,54551821,-0.8374,-4.1968,5.2271;
33,Jogging,54602821,2.9419,-15.0781,0.9106;
33,Jogging,54653821,-0.8813,3.1274,21.0059;
33,Jogging,54704821,2.8711,22.6929,29.4507;
33,Jogging,54755821,-3.9233,7.9858,11.9092;
33,Jogging,54806822,-4.6045,6.1279,8.8721;
33,Jogging,54857821,-1.8848,1.1548,7.1606;
33,Jogging,54908821,3.2446,-4.5532,2.7808;
33,Jogging,54959821,-8.5254,-8.0933,6.3916;
33,Jogging,55010821,17.7954,-0.0195,13.7817;
33,Jogging,55061821,-8.0737,16.4502,30.5005;
33,Jogging,55112821,-2.3413,8.4033,9.2065;
33,Jogging,55163821,-4.0649,7.9663,20.7544;
33,Jogging,55214821,-4.1382,4.1553,16.1548;
33,Jogging,55265821,-2.5732,-0.5322,12.4487;
33,Jogging,55316821,10.9692,-9.6875,12.5928;
33,Jogging,55367821,-1.8262,-9.9023,3.0762;
33,Jogging,55418821,3.8623,-10.6030,0.4077;
33,Jogging,55469821,-3.9771,6.2231,27.7466;
33,Jogging,55520821,-5.4102,20.7739,25.7275;
33,Jogging,55571821,-1.0400,8.2178,13.6865;
33,Jogging,55622821,-4.4263,1.9678,10.4517;
33,Jogging,55673821,-1.0474,-0.1416,5.2075;
33,Jogging,55724821,4.1309,-2.5220,0.5298;
33,Jogging,55775821,-6.7383,-9.7827,3.4985;
33,Jogging,55826821,7.9663,2.2437,12.5781;
33,Jogging,55877821,-8.9868,19.7607,39.9988;
33,Jogging,55928821,-1.4551,5.3516,6.3452;
33,Jogging,55979821,-4.0601,10.9082,23.5229;
33,Jogging,56030821,-1.9043,1.5503,11.7700;
33,Jogging,56081821,11.7822,-13.3740,10.9180;
33,Jogging,56132821,0.6177,-3.1909,5.6470;
33,Jogging,56183821,-2.3779,-16.6138,-3.5156;
33,Jogging,56234821,4.7949,-0.0244,17.3877;
33,Jogging,56285821,1.5649,22.0142,28.1226;
33,Jogging,56336821,-4.9609,7.8906,12.8516;
33,Jogging,56387821,-9.7583,6.8115,10.5835;
33,Jogging,56438821,-0.2588,2.4634,8.9062;
33,Jogging,56489821,-0.6396,-4.0942,6.9873;
33,Jogging,56540821,-2.7856,-5.4614,4.3213;
33,Jogging,56591821,8.4521,-8.4033,2.8809;
33,Jogging,56642821,-0.2490,9.4897,33.1494;
33,Jogging,56693821,-1.7236,9.4458,9.4336;
33,Jogging,56744821,-10.7788,10.7544,15.1831;
33,Jogging,56795821,1.4453,3.6548,12.8760;
33,Jogging,56846821,-2.4268,-5.3564,10.8984;
33,Jogging,56897821,7.8491,-8.0664,8.1982;
33,Jogging,56948821,-0.3516,-3.7012,1.8945;
33,Jogging,56999821,0.7324,-7.5098,6.2134;
33,Jogging,57050821,3.9673,22.4146,39.9988;
33,Jogging,57101821,-4.2358,14.2529,21.4893;
33,Jogging,57152821,-3.9160,4.6143,15.1904;
33,Jogging,57203821,-2.4951,-0.0928,8.8062;
33,Jogging,57254821,0.4785,0.1343,3.5327;
33,Jogging,57305821,2.0288,-0.7788,0.2881;
33,Jogging,57356821,-12.0142,-1.9849,-1.8433;
33,Jogging,57407821,2.0874,1.3867,9.1187;
33,Jogging,57458821,-8.9307,18.8599,21.3818;
33,Jogging,57509821,-3.4814,7.3389,7.7271;
33,Jogging,57560821,-2.3267,5.0757,26.2646;
33,Jogging,57611821,-3.7817,-0.1270,10.5981;
33,Jogging,57662821,6.1255,-8.5742,12.0801;
33,Jogging,57713821,3.5742,-9.5361,5.5103;
33,Jogging,57764821,4.0820,-11.5381,0.8887;
33,Jogging,57815821,0.2954,2.0044,18.3960;
33,Jogging,57866821,-1.5332,22.0508,34.4873;
33,Jogging,57917821,-2.4561,9.6582,15.8716;
33,Jogging,57968821,-4.0698,0.9082,11.9653;
33,Jogging,58019821,4.0259,0.3101,4.3774;
33,Jogging,58070821,4.4116,-0.4053,-1.6016;
33,Jogging,58121821,-2.2510,-5.1465,-1.2671;
33,Jogging,58172821,3.8257,-5.3979,1.1328;
33,Jogging,58223821,0.6934,15.7349,39.9988;
33,Jogging,58274821,-1.1426,2.3389,1.7163;
33,Jogging,58325821,-5.5908,3.2568,16.1157;
33,Jogging,58376821,-4.6313,6.2793,16.6724;
33,Jogging,58427821,2.8882,-5.3003,10.1709;
33,Jogging,58478821,1.1206,-3.5254,5.3784;
33,Jogging,58529821,-5.5884,-16.0913,-3.0859;
33,Jogging,58580821,7.0605,-2.5391,8.5522;
33,Jogging,58631821,-3.5840,15.2808,39.9988;
33,Jogging,58682821,-8.2642,20.6079,20.7104;
33,Jogging,58733821,-6.2524,5.4736,13.2983;
33,Jogging,58784821,-3.6646,1.0498,11.0913;
33,Jogging,58835821,-0.9668,-0.5493,5.2271;
33,Jogging,58886821,3.8916,-6.6870,1.5991;
33,Jogging,58937821,19.4897,-5.4761,11.3257;
33,Jogging,58988821,-3.4033,5.2954,11.0791;
33,Jogging,59039821,-6.4844,18.0566,29.0967;
33,Jogging,59090821,-0.7739,4.6704,8.1689;
33,Jogging,59141821,-5.4736,4.9609,24.6680;
33,Jogging,59192821,-3.5522,-0.1245,13.1372;
33,Jogging,59243821,14.4214,-7.3364,15.6201;
33,Jogging,59294821,-0.6592,-8.5327,5.3394;
33,Jogging,59345821,2.6880,-15.1416,1.0034;
33,Jogging,59396821,1.6675,0.4541,16.4697;
33,Jogging,59447821,3.3105,28.9893,38.6963;
33,Jogging,59498821,-4.2554,11.3208,13.8013;
33,Jogging,59549821,-7.5415,4.3481,11.6602;
33,Jogging,59600821,1.5308,-0.8936,8.6133;
33,Jogging,59651821,5.9302,1.1499,3.0103;
33,Jogging,59702821,-7.5659,-15.8374,5.4321;
33,Jogging,59753821,23.1177,-9.4897,1.6675;
33,Jogging,59804821,-3.8745,12.3779,35.2759;
33,Jogging,59855821,-4.7632,12.5024,11.1133;
33,Jogging,59906821,-1.9873,7.2729,11.7798;
33,Jogging,59957821,-3.3667,5.3955,20.1147;
33,Jogging,60008821,-3.8672,-1.6089,13.8037;
33,Jogging,60059821,17.5586,-14.8950,14.0967;
33,Jogging,60110821,1.3306,-10.8154,3.0762;
33,Jogging,60161821,2.6123,-5.9424,3.1543;
33,Jogging,60212821,-5.0269,3.8599,23.5034;
33,Jogging,60263821,-6.5283,22.3877,28.3936;
33,Jogging,60314821,-2.7295,9.4141,14.6021;
33,Jogging,60365821,-5.3931,1.6016,12.6904;
33,Jogging,60416821,3.7671,-0.6372,8.7134;
33,Jogging,60467821,6.0034,-2.7173,3.1689;
33,Jogging,60518821,-4.0405,-6.0132,3.9795;
33,Jogging,60569821,7.4194,1.9312,11.8555;
33,Jogging,60620821,-4.1382,16.5967,27.4292;
33,Jogging,60671821,-1.3770,10.8521,7.2461;
33,Jogging,60722821,-2.5269,9.0845,19.2798;
33,Jogging,60773821,-4.1724,1.9556,16.4648;
33,Jogging,60824821,-3.5986,-3.1396,12.6147;
33,Jogging,60875821,9.0942,-12.5488,11.7871;
33,Jogging,60926821,8.3203,-20.4175,2.4561;
33,Jogging,60977821,2.4292,-1.2744,11.0376;
33,Jogging,61028821,-6.7065,18.5791,39.9988;
33,Jogging,61079821,-1.9507,19.4092,22.9883;
33,Jogging,61130821,-1.6797,5.9229,13.2935;
33,Jogging,61181821,-4.2920,0.6128,9.8218;
33,Jogging,61232821,1.0522,1.4209,1.9727;
33,Jogging,61283821,2.6685,-0.7764,2.1729;
33,Jogging,61334821,-4.6826,-2.1899,0.3467;
33,Jogging,61385821,1.2012,-0.0049,9.9487;
33,Jogging,61436821,-5.4541,13.2153,28.7061;
33,Jogging,61487821,0.7764,5.9448,11.0303;
33,Jogging,61538821,-16.2061,12.8418,18.4741;
33,Jogging,61589821,0.3076,1.2256,9.5776;
33,Jogging,61640821,3.2300,-9.3359,12.8442;
33,Jogging,61691821,2.5952,-4.4531,5.1660;
33,Jogging,61742821,-1.6431,-9.0845,-1.6089;
33,Jogging,61793821,4.1528,-2.9199,15.6909;
33,Jogging,61844821,2.1167,19.4409,39.9988;
33,Jogging,61895821,-10.7739,18.0884,19.4482;
33,Jogging,61946821,-8.7231,6.4673,9.1919;
33,Jogging,61997821,1.2256,1.2622,7.4268;
33,Jogging,62048821,3.9551,-3.2495,8.6377;
33,Jogging,62099821,-0.1367,-7.8760,4.4775;
33,Jogging,62150821,-14.3604,-0.7129,-0.0586;
33,Jogging,62201821,4.8779,2.5586,6.0571;
33,Jogging,62252821,-8.5327,21.7651,39.9988;
33,Jogging,62303821,-2.1704,5.4297,7.1631;
33,Jogging,62354821,-5.0122,9.4336,21.5845;
33,Jogging,62405821,-2.7319,3.5229,14.1357;
33,Jogging,62456821,-0.8594,-5.4639,15.0000;
33,Jogging,62507821,4.8389,-8.5767,7.5049;
33,Jogging,62558821,-2.8906,-11.7725,-1.2598;
33,Jogging,62609821,1.1768,-5.2563,7.9199;
33,Jogging,62660821,-8.9038,16.3232,39.9988;
33,Jogging,62711821,-1.5063,16.9800,19.8706;
33,Jogging,62762821,-2.7026,8.4961,13.2715;
33,Jogging,62813821,-3.9185,2.6758,8.5205;
33,Jogging,62864821,1.9458,0.4785,4.0527;
33,Jogging,62915821,0.4053,-9.1333,3.3105;
33,Jogging,62966821,-23.1934,-5.0317,-4.8413;
33,Jogging,63017821,2.5928,-1.5942,5.7715;
33,Jogging,63068821,-6.1572,14.9634,26.7993;
33,Jogging,63119821,-6.9604,8.4180,9.8169;
33,Jogging,63170821,-2.3535,6.9360,18.7134;
33,Jogging,63221821,-3.7085,1.5601,14.5239;
33,Jogging,63272821,31.6675,-7.0288,26.6431;
33,Jogging,63323821,0.3149,-4.5361,5.6104;
33,Jogging,63374821,1.6211,-8.2446,0.6738;
33,Jogging,63425821,2.1558,-4.5703,8.3960;
33,Jogging,63476821,-6.2939,10.4858,39.9988;
33,Jogging,63527821,-8.3228,15.8813,23.9087;
33,Jogging,63578821,-2.5098,8.5767,11.8506;
33,Jogging,63629821,-2.5708,1.6772,9.8462;
33,Jogging,63680821,0.4395,0.3296,2.1924;
33,Jogging,63731821,-0.6592,-8.9307,2.0532;
33,Jogging,63782821,-8.9502,-4.4800,0.9204;
33,Jogging,63833821,-1.7798,1.6016,6.7896;
33,Jogging,63884821,-5.2832,18.7988,30.9644;
33,Jogging,63935821,-1.1816,4.4824,2.8931;
33,Jogging,63986821,-4.3677,6.5869,25.5151;
33,Jogging,64037821,-2.3071,0.0659,10.0391;
33,Jogging,64088821,15.6592,-8.3667,17.1167;
33,Jogging,64139821,-1.4453,-5.8765,4.5752;
33,Jogging,64190821,0.6470,-10.0586,-0.3198;
33,Jogging,64241821,4.5068,-2.2559,13.8867;
33,Jogging,64292821,2.0654,21.8726,36.7480;
33,Jogging,64343821,-9.0088,17.8687,17.9468;
33,Jogging,64394821,-2.5488,6.8408,8.2397;
33,Jogging,64445821,-3.1885,0.4468,7.5317;
33,Jogging,64496821,1.5942,-1.6724,3.0786;
33,Jogging,64547821,3.6890,-12.0728,1.5332;
33,Jogging,64598821,8.5449,-8.2104,3.6816;
33,Jogging,64649821,-4.1260,10.2930,25.9766;
33,Jogging,64700821,-3.5156,15.7935,15.4321;
33,Jogging,64751821,-4.4678,8.2593,11.9043;
33,Jogging,64802821,-4.0991,6.6040,20.3906;
33,Jogging,64853821,-1.6650,-0.8691,10.8398;
33,Jogging,64904821,11.0596,-9.8486,12.7051;
33,Jogging,64955821,-0.0024,-5.8423,4.1235;
33,Jogging,65006821,4.4263,-10.7739,0.9912;
33,Jogging,65057821,0.1343,0.4639,18.5278;
33,Jogging,65108821,1.9067,23.3521,30.1782;
33,Jogging,65159821,-2.8394,11.4868,13.5205;
33,Jogging,65210821,-2.9004,3.5620,9.1919;
33,Jogging,65261821,-0.3882,-0.0513,2.7100;
33,Jogging,65312821,2.6221,-2.4976,-0.7349;
33,Jogging,65363821,-4.4507,-13.3447,2.2754;
33,Jogging,65414821,0.5688,1.6992,0.1221;
33,Jogging,65465821,-11.8164,19.6411,38.6914;
33,Jogging,65516821,-3.8110,7.9810,6.2842;
33,Jogging,65567821,-1.8115,9.7559,22.2607;
33,Jogging,65618821,-1.1011,2.5269,14.3579;
33,Jogging,65669821,8.2056,-5.1440,18.3618;
33,Jogging,65720821,1.7456,-4.1455,6.6162;
33,Jogging,65771824,-0.5225,-9.4409,0.9766;
33,Jogging,65822821,0.0879,-7.1802,4.8633;
33,Jogging,65873821,-5.0220,4.4800,31.5308;
33,Jogging,65924821,-4.3188,16.1963,20.1416;
33,Jogging,65975821,0.1733,9.0454,11.6553;
33,Jogging,66026821,-3.1714,2.3779,11.6113;
33,Jogging,66077821,-1.2695,-1.6040,5.9131;
33,Jogging,66128821,1.9556,-12.9077,0.4443;
33,Jogging,66179821,9.3335,-1.6479,-1.4429;
33,Jogging,66230821,-3.8867,4.1431,16.3452;
33,Jogging,66281821,-4.0991,17.1460,19.6021;
33,Jogging,66332821,1.5625,5.3613,8.8037;
33,Jogging,66383821,-7.0923,7.9639,25.5859;
33,Jogging,66434821,-2.3657,1.0742,10.9351;
33,Jogging,66485821,3.6963,-6.6870,15.5762;
33,Jogging,66536821,0.1562,-4.5801,5.3223;
33,Jogging,66587821,1.1255,-13.6914,-0.1636;
33,Jogging,66638821,2.2949,-1.9800,14.2627;
33,Jogging,66689821,-2.9297,18.7207,39.9988;
33,Jogging,66740821,-7.4463,17.9492,20.0854;
33,Jogging,66791821,-6.0937,7.0923,8.2788;
33,Jogging,66842821,-0.8081,1.0718,8.9258;
33,Jogging,66893821,0.6738,-0.9595,1.5601;
33,Jogging,66944821,-3.0713,-22.2192,2.4609;
33,Jogging,66995821,39.9988,11.3794,19.0259;
33,Jogging,67046821,-12.5098,20.4736,39.9988;
33,Jogging,67097821,-0.9351,14.3872,8.8306;
33,Jogging,67148821,0.1392,8.6304,12.1948;
33,Jogging,67199821,-5.4395,5.4663,24.1528;
33,Jogging,67250821,-3.5693,-1.0547,13.2324;
33,Jogging,67301821,8.9258,-10.4150,8.6401;
33,Jogging,67352821,-1.4038,-7.9614,3.4546;
33,Jogging,67403821,5.8691,-9.9609,1.5454;
33,Jogging,67454821,-4.3896,5.2808,24.2334;
33,Jogging,67505821,0.8423,18.6865,27.2729;
33,Jogging,67556821,-5.2612,13.6816,17.8052;
33,Jogging,67607821,-2.7710,5.1294,10.8276;
33,Jogging,67658821,-0.2954,-0.2100,5.6079;
33,Jogging,67709821,3.5864,-4.3262,3.3521;
33,Jogging,67760821,-7.0654,-7.1851,3.6523;
33,Jogging,67811821,-3.1812,5.0977,5.8716;
33,Jogging,67862821,-9.2383,28.3911,39.9988;
33,Jogging,67913821,0.0366,5.7422,9.8682;
33,Jogging,67964821,-2.7563,6.7187,23.1738;
33,Jogging,68015821,-4.2505,2.3364,14.3286;
33,Jogging,68066821,16.4917,-9.6899,16.0010;
33,Jogging,68117821,-1.0254,-3.9722,6.5332;
33,Jogging,68168821,1.4868,-9.0820,0.4565;
33,Jogging,68219821,2.7563,-4.2285,19.0991;
33,Jogging,68270821,-3.9722,23.7598,39.9988;
33,Jogging,68321821,-8.2812,18.0396,24.8950;
33,Jogging,68372821,-4.8657,5.6641,8.4277;
33,Jogging,68423821,-2.9346,0.8960,8.2349;
33,Jogging,68474821,1.9434,0.4639,2.4658;
33,Jogging,68525821,-6.3892,-11.3647,0.7715;
33,Jogging,68576821,4.1235,-5.7837,0.7617;
33,Jogging,68627821,-4.9365,2.6245,3.9380;
33,Jogging,68678821,-4.5337,17.9810,21.0815;
33,Jogging,68729821,-3.5400,6.3086,6.6235;
33,Jogging,68780821,-7.3437,8.1836,24.8242;
33,Jogging,68831821,-1.4380,-2.1729,10.2075;
33,Jogging,68882821,12.8540,-11.3428,13.7231;
33,Jogging,68933821,0.9717,-4.2114,5.9912;
33,Jogging,68984821,2.1436,-7.0361,1.1328;
33,Jogging,69035822,-0.3833,0.7983,16.1890;
33,Jogging,69086821,8.0688,21.6553,25.6787;
33,Jogging,69137821,-2.1289,11.1597,15.2173;
33,Jogging,69188821,-6.1206,2.4048,8.9624;
33,Jogging,69239821,0.9106,-1.1743,5.6885;
33,Jogging,69290821,1.4966,-2.8662,5.0415;
33,Jogging,69341821,-7.0093,0.1733,2.7905;
33,Jogging,69392821,0.5298,3.5229,9.4873;
33,Jogging,70443026,-0.0012,-0.0012,-0.0012;
33,Jogging,70493831,-2.3682,-7.6392,1.3159;
33,Jogging,70544821,6.3989,-13.0786,3.3032;
33,Jogging,70595821,-2.1191,3.1812,22.4341;
33,Jogging,70646821,-0.0171,25.0220,30.1245;
33,Jogging,70697821,-1.8091,9.5483,11.9629;
33,Jogging,70748821,-1.1938,5.3076,11.5039;
33,Jogging,70799821,-4.0723,1.6089,7.1216;
33,Jogging,70850821,2.4243,-3.1079,3.0518;
33,Jogging,70901821,-3.8403,-10.8838,5.4077;
33,Jogging,70952821,17.9077,-5.0415,6.8237;
33,Jogging,71003821,-2.9980,6.4209,20.6348;
33,Jogging,71054821,-4.5142,12.6733,16.2524;
33,Jogging,71105821,-6.4697,7.2754,14.3921;
33,Jogging,71156821,-4.7144,5.3442,15.2295;
33,Jogging,71207821,2.7783,-2.0532,11.0205;
33,Jogging,71258821,2.3462,-1.6748,10.2588;
33,Jogging,71309821,-1.6431,-6.7310,2.3535;
33,Jogging,71360821,9.0039,-14.6704,3.6890;
33,Jogging,71411821,-1.4209,6.8921,31.2085;
33,Jogging,71462821,-1.5894,20.2856,23.4375;
33,Jogging,71513821,-7.5928,7.2583,12.8809;
33,Jogging,71564821,0.5103,-0.0854,10.1563;
33,Jogging,71615821,-1.5820,-0.7178,4.6509;
33,Jogging,71666821,2.4829,-1.9043,-0.3687;
33,Jogging,71717821,-6.1499,-10.0513,3.6108;
33,Jogging,71768821,7.1436,1.9946,11.3770;
33,Jogging,71819821,-7.7759,19.6191,29.8438;
33,Jogging,71870821,-0.7056,6.5381,6.3721;
33,Jogging,71921821,-2.9053,9.7168,22.1191;
33,Jogging,71972821,-5.7300,5.1636,13.9136;
33,Jogging,72023821,-2.0068,0.6616,12.6367;
33,Jogging,72074821,5.8789,-4.2871,11.4502;
33,Jogging,72125821,3.7817,-17.5000,1.3916;
33,Jogging,72176821,9.0356,-6.6772,11.8335;
33,Jogging,72227821,-4.0381,16.9360,39.9988;
33,Jogging,72278821,-11.3647,22.6807,14.9487;
33,Jogging,72329821,-5.2246,6.0107,8.5767;
33,Jogging,72380821,-3.3740,1.7749,6.4697;
33,Jogging,72431821,-0.0171,-0.7666,4.4409;
33,Jogging,72482821,-1.1743,-18.6182,1.6992;
33,Jogging,72533821,13.5767,-4.7046,-2.2070;
33,Jogging,72584821,-3.7524,4.7852,11.4941;
33,Jogging,72635821,-6.4624,23.9502,27.6709;
33,Jogging,72686821,0.8008,3.9453,5.0781;
33,Jogging,72737821,-5.7153,9.4360,28.6084;
33,Jogging,72788821,-1.0840,1.5820,12.3438;
33,Jogging,72839821,3.3350,2.0190,13.4497;
33,Jogging,72890821,3.0518,-6.2256,7.1899;
33,Jogging,72941821,0.3271,-26.6333,-0.3418;
33,Jogging,72992821,3.8770,-1.6895,19.3359;
33,Jogging,73043821,-0.5615,24.3896,39.9988;
33,Jogging,73094821,-7.8076,16.6504,15.9399;
33,Jogging,73145821,-6.8799,7.9492,9.5483;
33,Jogging,73196821,-1.6138,1.9360,7.7759;
33,Jogging,73247821,3.4766,-2.8687,4.2920;
33,Jogging,73298821,-5.2002,-11.3403,7.5830;
33,Jogging,73349821,22.1338,-1.6064,5.1587;
33,Jogging,73400821,-10.0732,17.2729,35.4370;
33,Jogging,73451821,-5.7593,13.7891,9.7754;
33,Jogging,73502821,0.4541,8.4717,17.8198;
33,Jogging,73553821,-4.2090,2.8125,19.0015;
33,Jogging,73604821,-4.7461,-2.6904,12.9004;
33,Jogging,73655821,9.7534,-10.6421,8.7280;
33,Jogging,73706821,-0.3857,-8.6694,4.8828;
33,Jogging,73757821,8.5767,-11.9409,1.0913;
33,Jogging,73808821,-4.4946,5.4639,35.2368;
33,Jogging,73859821,-8.3911,21.7822,26.0034;
33,Jogging,73910821,-2.2778,10.2344,10.0781;
33,Jogging,73961821,-3.4229,3.3374,10.1514;
33,Jogging,74012821,-0.9692,-0.7031,7.3608;
33,Jogging,74063821,4.3579,-7.4390,2.2290;
33,Jogging,74114821,-2.1411,-6.6162,-0.1099;
33,Jogging,74165821,-4.3799,3.0249,17.9736;
33,Jogging,74216821,-11.9385,23.3521,24.1406;
33,Jogging,74267821,2.8271,7.4902,7.2803;
33,Jogging,74318821,-1.5381,5.9985,21.9116;
33,Jogging,74369821,-4.0698,0.0610,12.5513;
33,Jogging,74420821,-0.0415,-8.2104,12.0557;
33,Jogging,74471821,1.5039,-6.9287,6.0913;
33,Jogging,74522821,-1.0498,-9.5044,0.9644;
33,Jogging,74573821,2.2217,-2.8931,11.6553;
33,Jogging,74624821,-2.0288,27.7979,39.9988;
33,Jogging,74675821,-7.3828,11.2280,13.4351;
33,Jogging,74726821,-2.0728,5.0415,12.7490;
33,Jogging,74777821,-2.4243,2.0947,4.2505;
33,Jogging,74828821,2.1069,-1.9653,-1.5356;
33,Jogging,74879821,7.2534,-7.5488,0.3271;
33,Jogging,74930821,1.9189,3.0933,5.9790;
33,Jogging,74981821,-13.6646,15.9839,28.3569;
33,Jogging,75032821,-4.3408,8.8892,7.1216;
33,Jogging,75083821,3.6621,10.5933,18.5986;
33,Jogging,75134821,-1.3403,-3.5229,13.8745;
33,Jogging,75185821,2.1606,-9.0454,12.1460;
33,Jogging,75236821,1.2329,-1.9238,5.0098;
33,Jogging,75287821,0.0659,-2.5171,0.9497;
33,Jogging,75338821,-1.3086,-2.2656,6.4160;
33,Jogging,75389821,-4.0308,9.7705,39.0259;
33,Jogging,75440821,1.5601,9.6484,21.2964;
33,Jogging,75491821,-5.3833,1.5381,13.4399;
33,Jogging,75542821,1.4526,-0.4907,8.2031;
33,Jogging,75593821,-0.0977,5.3003,2.6392;
33,Jogging,75644821,-0.1172,-2.4609,-0.7397;
33,Jogging,75695821,-2.6318,-1.8115,1.5747;
33,Jogging,75746821,-2.7271,2.4097,25.4004;
33,Jogging,75797821,14.7168,22.3340,22.3242;
33,Jogging,75848821,-4.4385,6.0645,15.8960;
33,Jogging,75899821,-10.3760,7.1582,18.6108;
33,Jogging,75950821,-0.0415,0.6934,9.7290;
33,Jogging,76001821,12.9956,-1.8652,13.9575;
33,Jogging,76052821,-0.6152,-1.0864,4.8218;
33,Jogging,76103821,-3.1885,-17.0532,-1.5820;
33,Jogging,76154821,5.8398,-0.0195,17.7466;
33,Jogging,76205821,0.7886,15.5078,25.6787;
33,Jogging,76256821,-6.0669,10.7373,19.0186;
33,Jogging,76307821,-1.6650,3.4814,10.5273;
33,Jogging,76358821,-1.2524,-0.7007,6.5894;
33,Jogging,76409821,4.4531,-2.2754,-2.7637;
33,Jogging,76460821,-3.9282,-8.1177,-0.5542;
33,Jogging,76511821,10.3149,1.3135,13.0103;
33,Jogging,76562821,-8.1201,15.4004,36.9507;
33,Jogging,76613821,-2.9175,8.0859,6.7017;
33,Jogging,76664821,-8.5059,10.6714,24.8340;
33,Jogging,76715821,-1.5210,2.9858,11.6626;
33,Jogging,76766821,-0.5371,-4.4873,12.8979;
33,Jogging,76817821,3.5229,-6.2964,8.6182;
33,Jogging,76868821,-0.1929,-9.0747,1.8262;
33,Jogging,76919821,1.1694,-8.8477,8.5474;
33,Jogging,76970821,-4.5898,11.9141,38.9600;
33,Jogging,77021821,-8.2788,20.2734,24.3237;
33,Jogging,77072821,-5.6665,7.7344,12.2559;
33,Jogging,77123821,-1.6357,-0.0146,9.6777;
33,Jogging,77174821,0.3711,1.5308,1.7163;
33,Jogging,77225821,-0.0439,-2.6465,3.3862;
33,Jogging,77276821,-11.9043,-3.0981,1.7773;
33,Jogging,77327821,1.3501,0.4272,6.7334;
33,Jogging,77378821,-10.5811,18.7915,35.6128;
33,Jogging,77429821,-0.7446,4.1089,8.3081;
33,Jogging,77480821,-6.2671,7.4634,22.9761;
33,Jogging,77531821,-0.4321,1.6382,11.2183;
33,Jogging,77582821,16.7725,-4.2236,21.3257;
33,Jogging,77633821,0.2808,-3.2568,4.0112;
33,Jogging,77684821,1.3574,-11.2695,0.9082;
33,Jogging,77735821,0.6958,-1.8286,11.3257;
33,Jogging,77786821,-4.4556,14.7632,38.3887;
33,Jogging,77837821,-4.3091,13.0469,15.9595;
33,Jogging,77888821,-3.2373,5.2295,9.6411;
33,Jogging,77939821,-0.6689,2.0605,8.3252;
33,Jogging,77990821,13.9893,7.1509,-2.3462;
33,Jogging,78041821,-9.5947,-19.8340,10.4614;
33,Jogging,78092821,13.8086,3.7354,14.5020;
33,Jogging,78143821,-11.1328,15.6689,25.7202;
33,Jogging,78194821,-0.3589,16.2500,15.4395;
33,Jogging,78245821,1.9092,1.4526,21.8311;
33,Jogging,78296821,-4.4678,-0.6104,13.0518;
33,Jogging,78347821,-2.6465,-4.9292,9.5410;
33,Jogging,78398821,3.8159,-15.8423,5.8765;
33,Jogging,78449821,4.4214,-6.5698,3.7964;
33,Jogging,78500821,-2.0483,-4.0503,12.6050;
33,Jogging,78551821,-7.0923,28.0103,39.9988;
33,Jogging,78602821,3.0640,7.4219,14.1504;
33,Jogging,78653821,-6.1011,-0.5396,13.5596;
33,Jogging,78704821,2.2266,1.8359,5.7153;
33,Jogging,78755821,0.2271,1.4893,2.3315;
33,Jogging,78806821,-1.5967,-10.0244,-0.0317;
33,Jogging,78857821,24.4556,-16.7285,5.4224;
33,Jogging,78908821,-0.5371,12.6074,36.1060;
33,Jogging,78959821,-2.9565,15.6738,16.5552;
33,Jogging,79010821,-1.8555,6.0718,13.5938;
33,Jogging,79061821,-6.1426,2.5732,18.3691;
33,Jogging,79112821,-3.7866,-2.3950,7.8857;
33,Jogging,79163821,10.6055,-4.2383,14.7388;
33,Jogging,79214821,1.1450,-11.9946,1.7651;
33,Jogging,79265821,6.0205,-9.5874,2.3364;
33,Jogging,79316821,-4.5679,3.1201,32.0117;
33,Jogging,79367821,-1.6211,17.4902,17.4316;
33,Jogging,79418821,-3.0908,6.4160,13.4717;
33,Jogging,79469821,-1.6357,3.1152,8.3594;
33,Jogging,79520821,-0.6958,-0.7471,2.5854;
33,Jogging,79571821,1.3428,-3.2129,1.6968;
33,Jogging,79622821,-0.8521,-1.8384,0.3540;
33,Jogging,79673821,-0.6567,4.5068,19.9023;
33,Jogging,79724821,-2.5732,10.8521,19.5337;
33,Jogging,79775821,-1.8262,6.7847,13.9331;
33,Jogging,79826821,-10.1025,7.8271,17.7637;
33,Jogging,79877821,-2.3999,1.6772,13.0591;
33,Jogging,79928821,-5.4395,-1.1133,11.8481;
33,Jogging,79979821,8.0225,-8.9990,8.0542;
33,Jogging,80030821,-0.8423,-11.5869,1.1816;
33,Jogging,80081821,4.8218,-2.4390,14.9316;
33,Jogging,80132821,1.4453,23.0933,39.9988;
33,Jogging,80183821,-9.6606,9.5654,14.8511;
33,Jogging,80234821,-5.2197,8.0737,12.2510;
33,Jogging,80285821,-2.4243,2.7466,3.8135;
33,Jogging,80336821,10.8936,-1.2720,-3.8330;
33,Jogging,80387821,-6.4844,-16.0132,2.9053;
33,Jogging,80438821,17.8662,-0.0732,11.9165;
33,Jogging,80489821,-9.1455,31.4771,39.9988;
33,Jogging,80540821,-0.1538,6.0913,6.3403;
33,Jogging,80591821,-0.3784,7.4170,18.7549;
33,Jogging,80642821,-6.3794,3.8403,16.5283;
33,Jogging,80693821,-1.8140,-0.0220,9.4995;
33,Jogging,80744821,16.9385,-8.2080,13.8477;
33,Jogging,80795821,-1.3037,-8.3374,3.0151;
33,Jogging,80846821,1.3037,-9.6216,1.8506;
33,Jogging,80897821,-0.8081,4.2334,24.4092;
33,Jogging,80948821,-3.0493,19.3286,27.4097;
33,Jogging,80999821,-4.1040,4.9707,14.0503;
33,Jogging,81050821,-3.3667,0.3320,10.7446;
33,Jogging,81101821,1.0156,1.1646,1.9092;
33,Jogging,81152821,-1.4453,0.2539,3.2227;
33,Jogging,81203821,-6.3452,-0.6494,3.3350;
33,Jogging,81254821,7.8564,-3.1958,9.9072;
33,Jogging,81305822,-6.2524,18.7549,39.9988;
33,Jogging,81356821,1.7676,9.5679,8.9893;
33,Jogging,81407821,-7.2437,7.6294,19.8462;
33,Jogging,81458821,-3.2837,2.3755,11.6919;
33,Jogging,81509821,-1.1646,-0.3979,6.6455;
33,Jogging,81560821,8.5400,-8.6353,10.9546;
33,Jogging,81611821,0.3662,-7.9321,2.1680;
33,Jogging,81662821,2.7368,-5.1758,11.7627;
33,Jogging,81713821,-7.6123,19.8438,39.9988;
33,Jogging,81764821,-1.0083,17.3608,20.7397;
33,Jogging,81815821,-3.2617,9.7290,8.1323;
33,Jogging,81866821,-1.4648,1.5308,7.8711;
33,Jogging,81917821,2.2192,2.0117,2.2900;
33,Jogging,81968821,-0.2637,-8.2837,3.0371;
33,Jogging,82019821,-12.3315,-3.8013,3.6230;
33,Jogging,82070821,0.6006,2.6099,13.5791;
33,Jogging,82121821,-7.8003,20.5176,31.1938;
33,Jogging,82172821,-4.5776,8.1006,8.7329;
33,Jogging,82223821,-3.0640,6.7529,18.3862;
33,Jogging,82274821,-2.4805,0.9741,11.9043;
33,Jogging,82325821,9.7070,-5.6470,14.8853;
33,Jogging,82376821,1.5112,-5.1050,4.9194;
33,Jogging,82427821,2.2827,-10.7324,-0.0098;
33,Jogging,82478821,2.5366,-2.1777,10.8105;
33,Jogging,82529821,-6.2915,17.2559,39.9988;
33,Jogging,82580821,-0.6274,12.5439,19.4287;
33,Jogging,82631821,-1.9849,7.3755,13.8330;
33,Jogging,82682821,0.4199,1.1548,6.3989;
33,Jogging,82733821,0.8472,0.5762,1.0229;
33,Jogging,82784821,-2.0581,-11.8481,0.3442;
33,Jogging,82835821,13.8525,-8.7378,1.0132;
33,Jogging,82886821,-4.1724,13.1787,39.9988;
33,Jogging,82937821,-5.6445,10.9375,11.4429;
33,Jogging,82988821,-2.6587,7.3608,15.5518;
33,Jogging,83039821,-6.4746,4.5728,15.6128;
33,Jogging,83090821,-2.8662,-0.1001,9.4922;
33,Jogging,83141821,9.2358,-10.1147,10.8057;
33,Jogging,83192821,-0.8765,-9.0601,2.5684;
33,Jogging,83243821,3.2275,-9.1162,1.4966;
33,Jogging,83294821,-4.3286,12.0898,37.7588;
33,Jogging,83345821,-4.2676,19.9756,23.3936;
33,Jogging,83396821,-5.4614,7.9907,14.0625;
33,Jogging,83447821,-2.0947,-2.1680,9.4019;
33,Jogging,83498821,-0.1904,0.7251,3.9258;
33,Jogging,83549821,-0.5737,0.5835,-1.1475;
33,Jogging,83600821,-3.0664,-1.8799,-1.5332;
33,Jogging,83651821,3.7476,-0.3906,8.5254;
33,Jogging,83702821,-4.0527,15.6885,27.6172;
33,Jogging,83753821,-2.1997,6.4111,10.3296;
33,Jogging,83804821,-5.5908,4.2554,20.9863;
33,Jogging,83855821,-4.4238,0.1001,13.0493;
33,Jogging,83906821,6.8091,-5.9570,11.7041;
33,Jogging,83957821,4.0332,-8.9160,4.9048;
33,Jogging,84008821,-0.4077,-4.5166,2.3071;
33,Jogging,84059821,0.1855,-3.1299,12.2070;
33,Jogging,84110821,-5.2490,19.7266,39.9988;
33,Jogging,84161821,0.2344,11.1206,18.5498;
33,Jogging,84212821,-3.3862,5.5884,14.5728;
33,Jogging,84263821,-6.2549,3.0005,6.7310;
33,Jogging,84314821,0.1001,1.2671,0.8252;
33,Jogging,84365821,3.2617,-17.2485,5.2710;
33,Jogging,84416821,12.6538,3.1274,8.5815;
33,Jogging,84467821,-12.5513,15.0342,34.8877;
33,Jogging,84518832,-3.6304,14.4165,13.1860;
33,Jogging,84569821,-1.0962,7.4658,12.0190;
33,Jogging,84620821,-4.0869,5.7739,20.5176;
33,Jogging,84671821,-2.2998,-1.9067,14.1504;
33,Jogging,84722821,11.9946,-12.8198,9.6216;
33,Jogging,84773821,1.7163,-8.3740,3.7354;
33,Jogging,84824821,2.8833,-6.1304,3.3179;
33,Jogging,84875821,-3.4741,14.7290,39.9988;
33,Jogging,84926821,-5.5713,22.3145,24.6265;
33,Jogging,84977821,-0.1611,7.3145,11.3477;
33,Jogging,85028821,-3.9624,2.1997,9.0088;
33,Jogging,85079821,-4.3848,0.9277,0.3003;
33,Jogging,85130821,2.4219,-7.1387,1.5918;
33,Jogging,85181821,16.5454,-7.5757,6.4917;
33,Jogging,85232821,-3.1079,22.6538,39.9988;
33,Jogging,85283821,-1.2085,8.9966,6.7358;
33,Jogging,85334821,-0.6250,8.6206,19.4116;
33,Jogging,85385821,-7.2192,1.4185,17.5439;
33,Jogging,85436821,-2.8784,-0.6104,12.5220;
33,Jogging,85487821,16.0547,-8.0371,15.6445;
33,Jogging,85538821,-1.9019,-11.6333,2.2729;
33,Jogging,85589821,7.2021,-7.5903,5.6372;
33,Jogging,85640821,-5.7056,19.1235,39.9988;
33,Jogging,85691821,-4.2773,19.9634,22.3779;
33,Jogging,85742821,-1.0034,6.4331,11.3330;
33,Jogging,85793821,-3.1982,4.9683,6.0425;
33,Jogging,85844821,-0.0488,0.4272,2.3975;
33,Jogging,85895821,1.4502,-8.4155,5.3198;
33,Jogging,85946821,-8.1909,-6.0718,2.9102;
33,Jogging,85997821,-3.1226,7.3535,18.6890;
33,Jogging,86048821,-2.8760,14.4849,17.4316;
33,Jogging,86099821,-1.2842,7.8979,11.5674;
33,Jogging,86150821,-9.2017,7.6611,18.7720;
33,Jogging,86201821,0.4297,1.0034,10.1709;
33,Jogging,86252821,-4.3481,-0.5933,8.7109;
33,Jogging,86303821,6.5845,-10.4248,6.1011;
33,Jogging,86354821,3.0127,-12.9541,0.0244;
33,Jogging,86405821,1.3672,-0.6201,14.2944;
33,Jogging,86456821,-2.7588,21.4014,39.9988;
33,Jogging,86507821,-8.3057,14.0527,17.2729;
33,Jogging,86558821,-5.0757,5.0073,9.4946;
33,Jogging,86609821,0.5518,-0.0854,4.1553;
33,Jogging,86660821,18.7646,3.3643,-0.5762;
33,Jogging,86711821,-5.4517,-7.2119,0.7983;
33,Jogging,86762821,3.8550,-4.4775,9.5435;
33,Jogging,86813821,-6.4136,18.2202,36.0547;
33,Jogging,86864821,-1.0132,8.0273,11.7432;
33,Jogging,86915821,-4.1968,7.4414,21.5552;
33,Jogging,86966821,-4.3579,2.2217,9.7876;
33,Jogging,87017821,-1.0303,0.3418,7.1753;
33,Jogging,87068821,6.3965,-6.2158,6.2402;
33,Jogging,87119821,5.5908,-5.8203,6.3794;
33,Jogging,87170821,-1.4404,-10.4590,8.1909;
33,Jogging,87221821,-4.9561,7.0483,39.9988;
33,Jogging,87272821,-4.9976,16.3672,21.6040;
33,Jogging,87323821,-0.9180,7.3560,12.7979;
33,Jogging,87374821,-2.3389,-1.7676,9.2773;
33,Jogging,87425821,5.3296,-2.5244,0.6763;
33,Jogging,87476821,-1.1768,-7.4438,4.3579;
33,Jogging,87527821,8.0640,-0.3076,-5.2490;
33,Jogging,87578821,-3.1201,2.7588,5.6006;
33,Jogging,87629821,-9.0723,19.1113,20.3442;
33,Jogging,87680821,2.5000,-2.1826,14.1675;
33,Jogging,87731821,-4.7900,2.5732,21.7651;
33,Jogging,87782821,-4.2603,-0.1465,13.7158;
33,Jogging,87833821,17.5635,-1.1060,16.8799;
33,Jogging,87884821,-1.3257,-8.2568,3.2056;
33,Jogging,87935821,2.2046,-9.1553,-0.6055;
33,Jogging,87986821,4.4702,1.8530,19.5190;
33,Jogging,88037821,-0.6665,22.0166,31.1499;
33,Jogging,88088821,-2.4072,7.5830,13.3276;
33,Jogging,88139821,-5.3589,5.3052,8.1836;
33,Jogging,88190821,0.1318,0.8862,2.9858;
33,Jogging,88241821,2.5854,-1.5894,5.1001;
33,Jogging,88292821,-6.8506,-3.2178,0.9546;
33,Jogging,88343821,-0.4883,5.7007,19.4214;
33,Jogging,88394821,-5.3516,17.2949,23.2666;
33,Jogging,88445821,-2.3633,4.5215,5.2197;
33,Jogging,88496821,-5.1123,7.1265,22.0313;
33,Jogging,88547821,-2.0410,1.2378,11.2524;
33,Jogging,88598821,10.0708,-10.0806,14.3701;
33,Jogging,88649821,3.8770,-9.1113,4.3408;
33,Jogging,88700821,5.0732,-12.2339,2.8589;
33,Jogging,88751821,-3.0371,4.2187,23.9209;
33,Jogging,88802821,-4.1431,20.2783,22.0801;
33,Jogging,88853821,-3.9502,6.9727,12.4854;
33,Jogging,88904821,-2.5415,2.3291,10.8984;
33,Jogging,88955821,0.2002,0.0464,1.7920;
33,Jogging,89006821,3.1396,-5.0879,4.2114;
33,Jogging,89057821,-10.0537,0.0415,-2.6758;
33,Jogging,89108821,1.9238,0.3467,6.5479;
33,Jogging,89159821,-6.0913,19.9072,38.7622;
33,Jogging,89210821,0.2808,5.8862,11.8726;
33,Jogging,89261821,-1.9067,4.2310,21.0938;
33,Jogging,89312821,-4.5093,0.3101,10.0049;
33,Jogging,89363821,-4.8828,0.8301,5.1489;
33,Jogging,89414821,8.9624,-8.1787,6.9629;
33,Jogging,89465821,3.5352,-13.5449,2.5513;
33,Jogging,89516821,0.5200,1.1035,17.8931;
33,Jogging,89567821,-2.3169,26.9629,35.6934;
33,Jogging,89618821,-1.9971,13.0688,13.2129;
33,Jogging,89669821,-3.2764,1.3330,10.9692;
33,Jogging,89720821,-0.4004,1.7725,3.9258;
33,Jogging,89771821,2.1411,-3.0933,1.0571;
33,Jogging,89822821,-6.4746,-7.2876,3.5400;
33,Jogging,89873821,9.4312,0.4907,9.6973;
33,Jogging,89924821,-13.4106,29.9219,39.9988;
33,Jogging,89975821,3.0664,9.8340,7.5830;
33,Jogging,90026821,-4.8853,9.4141,22.3242;
33,Jogging,90077821,-3.4668,2.1191,11.8457;
33,Jogging,90128821,-3.4277,-0.8643,13.8525;
33,Jogging,90179821,7.0801,-6.6504,7.3193;
33,Jogging,90230821,-0.4370,-12.1436,2.7808;
33,Jogging,90281821,6.3135,-6.0083,6.7798;
33,Jogging,90332821,-7.7808,16.9287,39.9988;
33,Jogging,90383821,1.2964,13.7378,16.1792;
33,Jogging,90434821,-4.4019,6.1890,14.2676;
33,Jogging,90485821,-2.4316,3.0566,7.2632;
33,Jogging,90536821,2.3022,0.2954,2.9883;
33,Jogging,90587821,1.6650,-9.7266,4.3555;
33,Jogging,90638821,9.8535,-10.1782,3.0762;
33,Jogging,90689821,-2.0288,4.5435,19.5850;
33,Jogging,90740821,-6.4819,18.4521,19.6143;
33,Jogging,90791821,-4.7119,9.2114,13.0640;
33,Jogging,90842821,-2.1509,5.7788,18.8721;
33,Jogging,90893821,-3.3374,0.0195,12.3535;
33,Jogging,90944821,1.9897,-4.7607,8.4375;
33,Jogging,90995822,5.0000,-9.5679,4.8535;
33,Jogging,91046821,7.7246,-14.0381,-0.0928;
33,Jogging,91097821,-3.8501,8.7842,24.0454;
33,Jogging,91148821,-0.3857,19.8047,18.3569;
33,Jogging,91199821,-4.7632,11.2061,13.0127;
33,Jogging,91250844,-4.2676,4.2041,9.0649;
33,Jogging,91301838,-4.0747,1.9775,5.2100;
33,Jogging,91352821,12.2778,-7.4951,0.2393;
33,Jogging,91403821,-7.9443,-11.7529,10.1660;
33,Jogging,91454821,2.4731,3.2104,15.5420;
33,Jogging,91505821,-6.5845,14.3481,15.5396;
33,Jogging,91556821,-11.4551,11.4917,0.6567;
33,Jogging,91607821,-0.6152,14.4409,15.2197;
33,Jogging,91658821,-1.6772,4.6875,7.1191;
33,Jogging,91709821,-3.9160,0.1831,12.5000;
33,Jogging,91760821,-1.2061,-2.7441,8.3618;
33,Jogging,91811821,-1.9580,-2.3730,13.1494;
33,Jogging,91862821,-3.5937,-0.7837,11.3306;
33,Jogging,91913821,0.0293,0.2026,13.9209;
33,Jogging,91964821,0.3564,0.8643,19.5923;
33,Jogging,92015821,-0.2441,6.1548,16.7920;
33,Jogging,92066821,-8.7354,11.2549,17.0264;
33,Jogging,92117821,-0.5127,10.3711,11.3013;
33,Jogging,92168821,1.9678,1.7114,6.7725;
33,Jogging,92219821,-2.0361,-0.0146,7.8394;
33,Jogging,92270821,-0.5029,2.7661,6.3647;
33,Jogging,92321821,-0.3003,3.5449,7.0312;
33,Jogging,92372821,-8.3521,-2.8687,31.3037;
33,Jogging,92423821,11.1597,-13.4521,10.9570;
33,Jogging,92474821,0.8203,12.6758,22.2827;
33,Jogging,92525821,-4.7900,5.1660,10.1099;
33,Jogging,92576821,-4.5337,3.6694,3.7061;
33,Jogging,92627821,-3.2227,6.0547,9.5728;
33,Jogging,92678821,-2.9126,5.7227,11.0718;
33,Jogging,92729821,-1.4917,4.2114,10.1807;
33,Jogging,92780821,-1.7700,3.1689,13.3765;
33,Jogging,92831821,-1.1108,1.7627,10.3345;
33,Jogging,92882821,-2.9443,1.8237,12.7881;
33,Jogging,92933821,-1.2549,1.5161,11.7896;
33,Jogging,92984821,-1.2183,0.8105,11.4893;
33,Jogging,93035821,-3.5254,2.7905,12.2461;
33,Jogging,93086821,-1.1646,2.3608,10.8350;
33,Jogging,93137821,-1.3818,1.2646,13.4302;
33,Jogging,93188821,15.1392,3.6792,16.4795;
33,Jogging,93239821,-2.6025,3.2959,12.7295;
33,Jogging,93290821,-6.2891,9.6045,17.1899;
33,Jogging,93341821,2.1216,9.0698,9.1284;