33,Jogging,25232345,-2.8320,0.3564,10.3394;
33,Jogging,25293833,-2.2534,2.1509,5.4907;
33,Jogging,25344837,4.7290,-6.5649,5.2441;
33,Jogging,25395820,-4.6509,-0.8228,6.4111;
33,Jogging,25446819,-1.5576,4.2798,10.5420;
33,Jogging,25497819,-1.9458,8.9038,13.1470;
33,Jogging,25548819,-5.6274,8.4180,10.2588;
33,Jogging,25599819,-2.4561,4.3457,19.8779;
33,Jogging,25650819,-2.3877,-0.7959,13.5620;
33,Jogging,25701819,3.3081,-6.9922,10.4468;
33,Jogging,25752819,0.1172,-3.9380,8.3472;
33,Jogging,25803819,2.3437,-5.4614,3.6963;
33,Jogging,25854819,-2.3022,-3.0957,15.7031;
33,Jogging,25905819,-1.5820,12.2217,17.9102;
33,Jogging,25956819,-1.5723,17.8271,23.4790;
33,Jogging,26007819,-4.9512,1.6650,13.2959;
33,Jogging,26058819,-1.5161,-2.6245,9.5581;
33,Jogging,26109819,-1.5308,3.2422,1.6187;
33,Jogging,26160819,-8.9111,-4.8291,4.4971;
33,Jogging,26211819,14.1284,-11.6162,5.0610;
33,Jogging,26262819,-2.6318,9.8877,22.3877;
33,Jogging,26313819,-4.9390,10.6055,11.6577;
33,Jogging,26364819,-3.7500,5.8911,14.3140;
33,Jogging,26415819,-5.1196,2.7856,17.2339;
33,Jogging,26466819,-3.1982,-0.9058,11.9287;
33,Jogging,26517819,1.5625,-1.9238,8.6108;
33,Jogging,26568819,1.0718,-6.9653,6.2720;
33,Jogging,26619819,2.2217,-10.4956,0.8765;
33,Jogging,26670819,0.3076,3.5303,19.8975;
33,Jogging,26721819,0.2002,19.1040,22.3706;
33,Jogging,26772819,-2.1606,8.1470,14.7192;
33,Jogging,26823819,-5.5225,-0.4077,16.1816;
33,Jogging,26874819,-1.6406,1.0742,6.1279;
33,Jogging,26925819,8.2227,0.6274,0.4224;
33,Jogging,26976819,-6.0791,-8.8867,5.0488;
33,Jogging,27027819,15.7642,-10.3540,3.3179;
33,Jogging,27078819,-6.3428,16.5845,34.2065;
33,Jogging,27129819,-5.1196,11.3721,9.2358;
33,Jogging,27180819,-5.4150,10.7813,9.3701;
33,Jogging,27231819,0.1782,4.9878,21.3989;
33,Jogging,27282819,-3.8037,-1.4014,13.4180;
33,Jogging,27333819,9.6362,-9.8633,12.2974;
33,Jogging,27384819,1.1060,-9.3799,4.8462;
33,Jogging,27435819,4.3384,-9.8511,1.1987;
33,Jogging,27486819,-5.7324,15.0024,33.7842;
33,Jogging,27537819,-3.2935,18.2324,24.3945;
33,Jogging,27588819,-0.5713,6.6382,12.0483;
33,Jogging,27639819,-3.7231,2.2485,9.2090;
33,Jogging,27690819,-3.2520,-0.9155,3.2495;
33,Jogging,27741819,0.8496,-11.0547,0.4712;
33,Jogging,27792819,2.7539,-3.7354,-0.6421;
33,Jogging,27843819,-0.2637,22.4365,39.9988;
33,Jogging,27894819,-1.6235,9.5435,8.2593;
33,Jogging,27945819,-4.9658,5.8325,8.9526;
33,Jogging,27996819,-4.1650,5.3247,21.6064;
33,Jogging,28047819,-1.8384,-3.9551,10.9106;
33,Jogging,28098819,9.9829,-6.2231,10.3931;
33,Jogging,28149819,-0.1636,-3.9722,3.9648;
33,Jogging,28200819,2.0508,-8.4448,0.7593;
33,Jogging,28251819,-3.3228,3.0396,30.2051;
33,Jogging,28302819,1.0034,17.4414,27.8809;
33,Jogging,28353819,-3.0884,5.7007,13.7939;
33,Jogging,28404819,-2.3389,2.3413,8.5889;
33,Jogging,28455819,0.6104,1.9116,1.9189;
33,Jogging,28506819,0.8496,-4.9316,-0.4785;
33,Jogging,28557819,-6.5576,-2.4634,3.0103;
33,Jogging,28608819,-0.2808,17.5098,37.8833;
33,Jogging,28659819,0.7520,10.1636,5.0977;
33,Jogging,28710819,-8.6475,8.7744,9.9438;
33,Jogging,28761819,-2.9712,5.3052,20.3198;
33,Jogging,28812819,-4.2505,-0.2856,14.7852;
33,Jogging,28863819,13.2861,-15.5933,13.8721;
33,Jogging,28914819,0.7300,-8.0908,4.0308;
33,Jogging,28965819,3.1763,-5.1831,3.3667;
33,Jogging,29016819,-8.0566,4.1968,26.4258;
33,Jogging,29067819,-1.5015,19.7681,29.8730;
33,Jogging,29118819,-0.2417,5.7007,12.0679;
33,Jogging,29169819,-4.9536,2.7051,10.8179;
33,Jogging,29220819,-1.3428,-2.1362,4.1235;
33,Jogging,29271819,0.1685,-7.9468,2.9053;
33,Jogging,29322819,17.4829,-2.5073,1.7188;
33,Jogging,29373819,-13.0396,6.5625,11.6455;
33,Jogging,29424819,2.1069,12.9028,20.9009;
33,Jogging,29475819,2.4976,7.4194,8.8330;
33,Jogging,29526819,-5.6104,5.5273,25.3394;
33,Jogging,29577819,-1.9531,-4.9438,13.7549;
33,Jogging,29628819,10.5786,-4.7754,10.4858;
33,Jogging,29679819,0.9497,-5.5664,7.1655;
33,Jogging,29730819,-0.2539,-7.0093,3.0566;
33,Jogging,29781819,-2.6782,3.7793,20.4126;
33,Jogging,29832819,-3.6279,25.1245,35.1782;
33,Jogging,29883819,-0.1440,9.8853,12.1338;
33,Jogging,29934819,-4.8389,3.2471,9.2676;
33,Jogging,29985819,-2.9272,0.5151,4.1772;
33,Jogging,30036819,6.6675,-5.7422,0.9106;
33,Jogging,30087819,-9.5386,-12.7173,4.0845;
33,Jogging,30138819,-5.0195,2.6611,7.2363;
33,Jogging,30189819,-2.5269,18.8184,27.9663;
33,Jogging,30240819,0.3564,3.5498,3.0322;
33,Jogging,30291819,-2.7393,6.6846,22.6587;
33,Jogging,30342819,-0.3809,-4.8413,12.0825;
33,Jogging,30393819,6.5332,-5.4272,8.1396;
33,Jogging,30444819,0.6226,-1.8408,6.4819;
33,Jogging,30495819,-1.4282,-10.7837,9.9463;
33,Jogging,30546819,-2.6880,6.0986,23.2935;
33,Jogging,30597819,-8.7964,19.3652,31.9995;
33,Jogging,30648819,-0.5542,8.2642,9.8242;
33,Jogging,30699819,-3.5718,5.5249,7.1729;
33,Jogging,30750819,-0.7739,0.4419,2.8760;
33,Jogging,30801819,1.2915,-4.0454,1.6699;
33,Jogging,30852819,-15.0537,-10.3589,6.9531;
33,Jogging,30903819,3.6548,3.1177,17.8198;
33,Jogging,30954819,-11.9312,20.0391,22.1924;
33,Jogging,31005819,-2.4170,7.2827,18.0249;
33,Jogging,31056819,2.4927,-2.7686,15.8740;
33,Jogging,31107819,0.2588,-1.7847,11.1450;
33,Jogging,31158819,1.8604,-4.8706,8.3765;
33,Jogging,31209819,3.4619,-6.7383,3.4131;
33,Jogging,31260819,-0.7593,-7.7393,5.8887;
33,Jogging,31311819,-2.0703,10.5811,34.2554;
33,Jogging,31362819,-5.6860,17.6318,20.6885;
33,Jogging,31413819,-4.2847,2.8271,12.6978;
33,Jogging,31464819,1.6333,3.5229,10.0659;
33,Jogging,31515819,1.1328,0.2930,5.3369;
33,Jogging,31566819,-6.6382,-15.3394,6.7944;
33,Jogging,31617819,-3.8525,-14.6753,8.4155;
33,Jogging,31668819,-9.7241,1.4136,-0.0952;
33,Jogging,31719819,-14.9219,33.7354,28.7085;
33,Jogging,31770819,3.8721,16.1768,7.0898;
33,Jogging,31821819,-2.4585,2.9565,14.0039;
33,Jogging,31872819,-5.8740,1.7480,15.9302;
33,Jogging,31923819,-4.7412,-8.7256,11.5039;
33,Jogging,31974819,20.2173,-20.7666,11.6187;
33,Jogging,32025819,3.5181,-6.2085,3.8965;
33,Jogging,32076819,-6.2598,11.9507,30.6006;
33,Jogging,32127819,-0.2246,25.7422,32.8516;
33,Jogging,32178819,-0.2612,7.9980,11.1816;
33,Jogging,32229819,-5.0903,-0.3784,11.3354;
33,Jogging,32280819,-5.5151,-3.1616,-0.0830;
33,Jogging,32331819,1.9507,-11.3354,2.7808;
33,Jogging,32382819,-2.0020,-6.0571,5.9155;
33,Jogging,32433819,10.1343,1.5820,14.5923;
33,Jogging,32484819,-1.0791,18.7939,33.2446;
33,Jogging,32535819,-5.6519,10.6030,7.4634;
33,Jogging,32586819,-4.0698,10.7227,10.8203;
33,Jogging,32637819,-2.9199,5.8862,15.2539;
33,Jogging,32688819,-0.8887,-3.6743,13.1421;
33,Jogging,32739819,2.5610,-4.2383,8.2349;
33,Jogging,32790819,-1.3452,-7.5708,1.7822;
33,Jogging,32841819,5.5444,-7.0752,21.7139;
33,Jogging,32892819,-2.5635,15.3247,35.5176;
33,Jogging,32943819,-1.4600,15.5688,15.9912;
33,Jogging,32994819,-6.6089,5.5933,11.3086;
33,Jogging,33045819,0.7349,3.0298,6.8555;
33,Jogging,33096819,0.7520,0.7373,1.7993;
33,Jogging,33147819,-4.5068,-10.7422,2.9102;
33,Jogging,33198819,-6.8750,-4.3579,3.3057;
33,Jogging,33249819,1.0571,8.2056,26.3428;
33,Jogging,33300819,-0.5273,16.6772,16.9873;
33,Jogging,33351819,-7.0020,7.2339,7.3657;
33,Jogging,33402819,-2.6978,4.7754,20.9131;
33,Jogging,33453819,-2.0264,-1.0400,9.3481;
33,Jogging,33504819,12.8174,-7.6489,13.8086;
33,Jogging,33555819,-0.3125,-3.2568,6.2012;
33,Jogging,33606819,2.3169,-11.1182,3.0786;
33,Jogging,33657819,-3.4790,8.6963,25.6372;
33,Jogging,33708819,-5.4468,18.2227,31.0815;
33,Jogging,33759819,-2.5464,8.8062,10.5273;
33,Jogging,33810819,-4.8218,5.0439,9.2017;
33,Jogging,33861819,0.4077,0.7690,6.8066;
33,Jogging,33912819,0.4297,-9.4800,7.7368;
33,Jogging,33963819,-10.0024,-4.1943,1.3892;
33,Jogging,34014819,-2.0337,3.8330,9.5093;
33,Jogging,34065819,-18.2397,20.1025,33.6792;
33,Jogging,34116819,-1.9971,6.3770,6.9263;
33,Jogging,34167819,-0.2637,7.3242,17.0435;
33,Jogging,34218819,-3.9551,2.3022,12.7051;
33,Jogging,34269819,5.8643,-4.3701,13.6353;
33,Jogging,34320819,1.3599,-4.6680,7.1680;
33,Jogging,34371819,-1.2476,-10.9619,2.1973;
33,Jogging,34422819,3.9844,1.8018,17.7319;
33,Jogging,34473819,-2.5366,18.1348,28.9990;
33,Jogging,34524819,-2.7759,8.8550,13.2251;
33,Jogging,34575819,-4.0112,3.0396,11.1816;
33,Jogging,34626819,-1.8213,2.4097,5.0317;
33,Jogging,34677819,7.1313,-0.8447,0.1099;
33,Jogging,34728819,-3.4668,-9.5093,4.8511;
33,Jogging,34779819,16.2183,-1.0205,16.2012;
33,Jogging,34830819,-2.8076,14.1406,28.5693;
33,Jogging,34881819,-4.4971,10.5908,9.1187;
33,Jogging,34932819,-2.0337,8.0469,13.0811;
33,Jogging,34983819,-3.5767,5.2368,16.9702;
33,Jogging,35034819,-0.5933,-4.1064,14.2529;
33,Jogging,35085819,2.0020,-6.9971,8.8306;
33,Jogging,35136819,1.4575,-5.8179,3.9429;
33,Jogging,35187819,-1.5942,-10.0732,6.0986;
33,Jogging,35238819,0.3345,9.8730,28.3765;
33,Jogging,35289819,-3.4570,21.1597,30.7959;
33,Jogging,35340819,-6.0083,5.3516,13.4888;
33,Jogging,35391819,0.2051,0.0537,11.3696;
33,Jogging,35442819,-1.2842,2.3926,4.0479;
33,Jogging,35493819,3.2300,0.4224,0.9253;
33,Jogging,35544819,-2.0923,-6.0986,1.7139;
33,Jogging,35595819,-0.5981,-3.0249,8.7769;
33,Jogging,35646819,-1.6919,12.7686,25.8960;
33,Jogging,35697819,-0.3247,6.5991,8.7402;
33,Jogging,35748819,-11.1499,7.7246,16.3452;
33,Jogging,35799819,-2.3975,2.1948,13.7012;
33,Jogging,35850819,9.8267,-10.0488,14.2700;
33,Jogging,35901819,0.9375,-3.9111,6.0522;
33,Jogging,35952819,-0.1953,-9.7681,-2.8320;
33,Jogging,36003819,-1.0083,-1.9849,17.5366;
33,Jogging,36054819,2.0850,17.4146,26.1743;
33,Jogging,36105819,-5.2368,6.7822,13.4839;
33,Jogging,36156819,-7.1460,3.2812,13.3765;
33,Jogging,36207819,1.6479,2.5122,6.6235;
33,Jogging,36258819,2.8931,0.0952,-1.8066;
33,Jogging,36309819,-1.7676,-3.1714,-1.5869;
33,Jogging,36360819,-6.9849,-3.6206,6.9849;
33,Jogging,36411819,-3.0859,8.0591,23.1519;
33,Jogging,36462819,-2.6245,10.0415,11.7896;
33,Jogging,36513819,-4.4482,7.9980,18.8989;
33,Jogging,36564819,-3.1934,3.6865,15.0195;
33,Jogging,36615819,2.5415,-5.6494,9.7412;
33,Jogging,36666819,2.9297,-4.5850,8.5742;
33,Jogging,36717819,0.7764,-6.5796,2.1167;
33,Jogging,36768819,-1.2134,-4.8560,14.9829;
33,Jogging,36819819,-0.2808,18.1250,36.7700;
33,Jogging,36870819,-4.0381,14.1870,20.3003;
33,Jogging,36921819,-8.8940,5.0024,12.9980;
33,Jogging,36972819,1.6968,4.3481,6.5967;
33,Jogging,37023819,2.0972,1.2695,1.9531;
33,Jogging,37074819,-0.1904,-1.5649,2.7515;
33,Jogging,37125819,-12.4170,-6.0352,3.2568;
33,Jogging,37176819,2.5635,3.9038,30.8154;
33,Jogging,37227819,-2.6196,14.3945,12.4414;
33,Jogging,37278819,-5.1440,5.7983,9.1211;
33,Jogging,37329819,-3.0811,6.8066,21.7358;
33,Jogging,37380819,0.3931,-2.7808,11.3599;
33,Jogging,37431819,8.9185,-6.3257,11.3452;
33,Jogging,37482819,-0.1831,-4.1309,4.8730;
33,Jogging,37533819,0.3589,-13.2910,1.6187;
33,Jogging,37584819,-1.3916,3.2251,24.1797;
33,Jogging,37635819,-7.4219,22.3584,31.5625;
33,Jogging,37686819,-2.7051,8.1055,12.3535;
33,Jogging,37737819,-5.2905,5.1514,10.8325;
33,Jogging,37788819,-1.1108,0.9766,3.9844;
33,Jogging,37839819,3.5522,-4.8511,3.0737;
33,Jogging,37890819,-12.8442,-6.1963,2.6099;
33,Jogging,37941819,-2.5684,2.0435,13.2251;
33,Jogging,37992819,-8.9478,19.4165,31.0693;
33,Jogging,38043819,-2.5122,4.5923,4.1943;
33,Jogging,38094819,-4.1577,10.1758,21.4160;
33,Jogging,38145819,2.8491,-4.1724,13.0444;
33,Jogging,38196819,0.2710,-0.4370,11.0449;
33,Jogging,38247819,1.2061,-2.9004,4.7168;
33,Jogging,38298819,-2.2192,-9.9976,0.0146;
33,Jogging,38349819,0.5811,-0.2075,18.9868;
33,Jogging,38400819,-2.3486,17.2192,34.2212;
33,Jogging,38451819,-3.9307,8.7036,11.7139;
33,Jogging,38502819,-4.5386,5.6958,9.0601;
33,Jogging,38553819,2.2363,-0.5225,3.7183;
33,Jogging,38604819,-1.8262,-4.0479,4.2822;
33,Jogging,38655819,-6.9751,-6.0742,3.8892;
33,Jogging,38706819,-4.5190,4.8120,12.9346;
33,Jogging,38757819,-14.5483,17.3730,27.2168;
33,Jogging,38808819,2.9004,2.5366,5.9497;
33,Jogging,38859819,-7.1094,8.4009,22.4561;
33,Jogging,38910819,-1.3574,-1.2427,13.4253;
33,Jogging,38961819,6.6553,-5.5396,14.0894;
33,Jogging,39012819,1.9238,-4.8853,6.5112;
33,Jogging,39063819,-0.6836,-7.1484,1.0181;
33,Jogging,39114819,-1.0815,-1.9287,15.8984;
33,Jogging,39165819,-2.1655,16.8750,36.3916;
33,Jogging,39216819,-1.7822,11.0474,15.6104;
33,Jogging,39267819,-6.1963,2.4463,12.1289;
33,Jogging,39318819,-0.9473,1.5723,8.5352;
33,Jogging,39369819,-0.0586,-0.5054,2.8345;
33,Jogging,39420819,-2.9175,-10.2661,0.8252;
33,Jogging,39471819,14.9194,-9.0820,1.5991;
33,Jogging,39522819,-2.7783,9.2847,28.2544;
33,Jogging,39573819,-3.3374,13.8086,13.2983;
33,Jogging,39624819,-2.7417,4.9878,11.7139;
33,Jogging,39675819,-3.0811,4.6265,20.3662;
33,Jogging,39726819,-0.8691,-5.8374,11.1450;
33,Jogging,39777819,4.9390,-6.6138,8.9209;
33,Jogging,39828819,1.6260,-6.0840,2.7173;
33,Jogging,39879819,2.8564,-8.2666,2.5879;
33,Jogging,39930819,-3.3105,9.8218,29.0625;
33,Jogging,39981819,-6.5112,17.3340,29.1748;
33,Jogging,40032819,-4.1895,6.6919,10.2417;
33,Jogging,40083819,-3.2300,3.1543,10.1489;
33,Jogging,40134819,-0.4932,0.8350,3.8623;
33,Jogging,40185819,6.8555,-2.8149,-1.2427;
33,Jogging,40236819,-1.9751,-12.7246,4.7217;
33,Jogging,40287819,9.1089,3.0469,11.6504;
33,Jogging,40338819,-8.5767,21.4648,35.1782;
33,Jogging,40389819,-7.6221,8.4277,2.6587;
33,Jogging,40440819,-2.0361,10.4907,22.6733;
33,Jogging,40491819,-1.1719,2.6758,13.0322;
33,Jogging,40542819,-1.2866,-5.6299,14.3066;
33,Jogging,40593819,3.5986,-7.6440,6.5601;
33,Jogging,40644819,1.9238,-10.1099,1.2280;
33,Jogging,40695819,0.6665,-1.3110,12.4707;
33,Jogging,40746819,4.1479,24.8047,39.9988;
33,Jogging,40797819,-7.1045,13.9355,17.1851;
33,Jogging,40848819,-4.0356,6.1670,9.8120;
33,Jogging,40899819,-3.2227,1.9849,10.4541;
33,Jogging,40950819,-3.1323,-1.9043,4.4824;
33,Jogging,41001819,0.8032,-9.4409,3.0420;
33,Jogging,41052819,24.3262,-9.5801,5.9985;
33,Jogging,41103819,-5.8862,9.2114,23.5205;
33,Jogging,41154819,-4.2871,15.0488,15.4590;
33,Jogging,41205819,3.0737,7.7759,8.6206;
33,Jogging,41256819,-3.6499,5.5103,22.1509;
33,Jogging,41307819,-3.5059,-2.0020,11.4795;
33,Jogging,41358819,7.9590,-3.1030,9.8218;
33,Jogging,41409819,0.5518,-3.9453,6.3574;
33,Jogging,41460819,-1.3306,-6.8677,1.4331;
33,Jogging,41511819,1.0718,-0.0854,16.2207;
33,Jogging,41562819,0.9033,24.2236,36.8237;
33,Jogging,41613819,-2.3169,7.5269,12.2339;
33,Jogging,41664819,-5.9912,3.6426,11.6162;
33,Jogging,41715819,-1.5552,1.3843,5.9229;
33,Jogging,41766819,4.7388,-2.7686,-1.1353;
33,Jogging,41817819,0.0513,-8.6133,0.3394;
33,Jogging,41868819,11.7798,-2.6270,15.2515;
33,Jogging,41919819,-3.5254,17.6514,36.9409;
33,Jogging,41970819,-3.1396,9.1260,10.4150;
33,Jogging,42021819,-5.8301,7.6733,14.9097;
33,Jogging,42072819,-1.7651,3.4985,14.4360;
33,Jogging,42123819,1.4185,-4.8047,9.5801;
33,Jogging,42174819,2.9346,0.0049,7.4707;
33,Jogging,42225819,1.2109,-4.3481,3.3911;
33,Jogging,42276819,-4.0430,-4.9292,8.4204;
33,Jogging,42327819,4.2456,14.9829,27.6416;
33,Jogging,42378819,-6.9751,21.3037,31.3843;
33,Jogging,42429819,-1.6040,6.4893,12.5415;
33,Jogging,42480819,-5.1514,0.3149,9.5215;
33,Jogging,42531819,0.1733,0.5347,4.3530;
33,Jogging,42582819,1.6870,-5.2075,4.2603;
33,Jogging,42633819,2.4438,-14.0308,6.8457;
33,Jogging,42684819,-4.8413,4.0015,6.1694;
33,Jogging,42735819,-13.1323,20.3052,25.9448;
33,Jogging,42786819,-2.3706,5.6274,6.1377;
33,Jogging,42837819,-3.8574,8.9062,21.9824;
33,Jogging,42888819,-2.9004,2.3315,15.5103;
33,Jogging,42939819,-4.3188,-3.6401,8.6841;
33,Jogging,42990819,5.8423,-7.2852,7.4023;
33,Jogging,43041819,1.2622,-10.2148,0.7812;
33,Jogging,43092819,0.1660,-0.1245,18.7476;
33,Jogging,43143819,3.2446,22.8467,39.9988;
33,Jogging,43194819,-6.9946,13.1958,17.3438;
33,Jogging,43245819,-3.7305,4.6069,13.2593;
33,Jogging,43296819,-0.5664,0.4785,8.9917;
33,Jogging,43347819,-0.2783,-1.9141,4.6558;
33,Jogging,43398819,2.5586,-10.2563,-0.8569;
33,Jogging,43449819,24.6094,-6.7065,6.3330;
33,Jogging,43500819,-4.4531,15.4199,38.4302;
33,Jogging,43551819,-4.4263,16.2769,14.4653;
33,Jogging,43602819,1.6309,3.4302,9.7363;
33,Jogging,43653819,-6.9434,3.8770,26.2720;
33,Jogging,43704819,3.7549,-3.2690,8.2642;
33,Jogging,43755819,-0.0098,-1.0059,8.7964;
33,Jogging,43806819,1.7236,-3.1836,4.3945;
33,Jogging,43857819,0.9546,-8.5205,2.5513;
33,Jogging,43908819,-0.1050,0.0586,16.5625;
33,Jogging,43959819,-8.9575,18.3276,38.7354;
33,Jogging,44010819,1.9897,10.8740,11.5405;
33,Jogging,44061819,-1.5649,2.7710,11.1230;
33,Jogging,44112819,-0.7568,1.6162,5.1489;
33,Jogging,44163819,10.7104,1.0547,-2.7832;
33,Jogging,44214819,-3.7817,-4.9365,-1.9287;
33,Jogging,44265819,-7.6904,-2.0410,6.8677;
33,Jogging,44316819,-2.5854,11.5601,23.0249;
33,Jogging,44367819,-2.4805,6.6528,12.4634;
33,Jogging,44418819,-6.9092,5.7056,21.7578;
33,Jogging,44469819,-3.9697,2.0337,12.7832;
33,Jogging,44520819,10.2832,-2.1802,10.9741;
33,Jogging,44571819,-2.4536,-1.7212,8.6963;
33,Jogging,44622819,-0.4419,-13.0371,0.9497;
33,Jogging,44673819,-0.1440,-5.9717,8.8940;
33,Jogging,44724819,-4.6997,14.0405,39.9988;
33,Jogging,44775819,-9.5435,26.5283,19.7290;
33,Jogging,44826819,-3.0273,5.8643,15.3833;
33,Jogging,44877819,2.1191,2.1924,9.9072;
33,Jogging,44928819,3.0908,-0.7251,5.3003;
33,Jogging,44979819,-11.7041,-21.0132,4.3726;
33,Jogging,45030819,5.9717,-5.8154,5.2930;
33,Jogging,45081819,-7.7661,2.3242,1.8018;
33,Jogging,45132819,-27.5562,29.4214,33.8257;
33,Jogging,45183819,16.1865,12.6636,15.5371;
33,Jogging,45234819,-8.1030,3.3691,15.7349;
33,Jogging,45285819,-4.5239,-4.0210,16.7090;
33,Jogging,45336819,3.9404,-13.6719,7.2363;
33,Jogging,45387819,2.3437,-7.5684,3.7134;
33,Jogging,45438819,0.6226,-6.0791,1.1328;
33,Jogging,45489819,-8.0664,9.7070,35.7300;
33,Jogging,45540819,-4.5557,27.7295,27.1484;
33,Jogging,45591819,-5.3174,5.3418,16.1401;
33,Jogging,45642819,-6.1499,3.1274,13.0322;
33,Jogging,45693819,0.0366,3.6230,2.9517;
33,Jogging,45744826,8.2056,2.9102,-2.0117;
33,Jogging,45795819,-0.6787,-1.7578,-2.0361;
33,Jogging,45846819,0.4321,-4.0796,5.6738;
33,Jogging,45897819,-2.6978,3.8599,35.7617;
33,Jogging,45948819,2.4048,14.5703,21.6235;
33,Jogging,45999819,-7.9517,7.3364,12.6050;
33,Jogging,46050819,-0.3687,7.8125,13.8770;
33,Jogging,46101819,0.2588,0.2612,8.6670;
33,Jogging,46152819,3.9111,-0.7666,13.4839;
33,Jogging,46203819,1.7871,-3.0811,4.8950;
33,Jogging,46254819,1.2817,-13.1128,2.3267;
33,Jogging,46305819,2.5684,3.4692,14.0771;
33,Jogging,46356819,-3.9819,14.8706,27.9834;
33,Jogging,46407819,-6.1646,9.7534,12.6489;
33,Jogging,46458819,-4.3848,4.6191,9.7144;
33,Jogging,46509819,1.6162,-0.2319,8.6182;
33,Jogging,46560819,2.0239,-0.4126,3.3618;
33,Jogging,46611819,-3.9917,-13.6938,2.2607;
33,Jogging,46662819,-1.8555,-4.6143,8.5767;
33,Jogging,46713819,3.4253,9.4775,27.4512;
33,Jogging,46764819,-9.1553,12.3804,10.7690;
33,Jogging,46815819,-2.4634,6.0498,12.5000;
33,Jogging,46866819,-4.4409,4.5923,16.9727;
33,Jogging,46917819,-0.0049,-4.6167,9.3066;
33,Jogging,46968819,4.0283,-3.4717,10.1123;
33,Jogging,47019819,-0.9253,-5.0977,4.0210;
33,Jogging,47070819,2.1289,-12.3120,3.7427;
33,Jogging,47121819,-1.3135,2.5830,21.8066;
33,Jogging,47172819,-5.2930,19.5801,30.7446;
33,Jogging,47223819,-4.2017,9.7046,12.1094;
33,Jogging,47274819,-2.6221,5.7275,9.1895;
33,Jogging,47325819,-0.8179,3.2666,4.8511;
33,Jogging,47376819,1.0449,-2.5684,6.1230;
33,Jogging,47427819,-4.6021,-7.4805,10.0488;
33,Jogging,47478819,9.0479,4.0161,14.0723;
33,Jogging,47529819,-8.8428,17.6074,32.3804;
33,Jogging,47580819,-9.0039,9.1309,4.9023;
33,Jogging,47631819,-0.0220,9.7632,18.5669;
33,Jogging,47682819,-5.4663,1.0278,15.5615;
33,Jogging,47733819,8.5620,-10.2612,14.1992;
33,Jogging,47784819,-0.5469,-4.1138,7.0850;
33,Jogging,47835819,0.7080,-11.0181,2.1411;
33,Jogging,47886819,0.8887,-2.7026,19.2139;
33,Jogging,47937819,7.6562,26.0352,37.4512;
33,Jogging,47988819,-6.7261,13.4497,18.2861;
33,Jogging,48039819,-7.1558,6.7529,12.6270;
33,Jogging,48090819,-3.7451,3.1763,7.5854;
33,Jogging,48141819,1.9531,0.3833,1.4063;
33,Jogging,48192819,1.0352,-4.6704,4.9976;
33,Jogging,48243819,5.1611,-12.3364,7.4390;
33,Jogging,48294819,-5.8081,7.1777,8.7793;
33,Jogging,48345819,-6.8311,20.7495,30.3564;
33,Jogging,48396819,-0.2954,9.8389,9.4751;
33,Jogging,48447819,-4.7949,4.3408,22.2168;
33,Jogging,48498819,-1.8115,-4.6899,13.7842;
33,Jogging,48549819,2.0825,-2.1582,9.5923;
33,Jogging,48600819,0.2319,-5.1416,4.5068;
33,Jogging,48651819,0.1538,-10.6592,-0.7642;
33,Jogging,48702819,1.1499,1.1279,18.7451;
33,Jogging,48753819,-1.4795,24.3652,29.4214;
33,Jogging,48804819,-3.3594,7.4170,12.7295;
33,Jogging,48855819,-6.3599,3.6401,11.1987;
33,Jogging,48906819,-2.6440,1.1206,4.4873;
33,Jogging,48957819,11.5918,0.2148,-0.9692;
33,Jogging,49008819,-1.0645,-7.4854,0.9912;
33,Jogging,49059819,9.9487,-8.7476,18.9624;
33,Jogging,49110819,-0.9497,10.0952,24.0356;
33,Jogging,49161819,-4.7119,9.8560,10.8032;
33,Jogging,49212819,-5.5200,7.3169,18.4277;
33,Jogging,49263819,-3.0371,2.8101,15.5591;
33,Jogging,49314819,8.8989,-7.9077,16.5161;
33,Jogging,49365819,-0.3271,-2.6172,6.4868;
33,Jogging,49416819,0.0317,-4.3091,0.9619;
33,Jogging,49467819,-1.1206,-9.9561,8.7061;
33,Jogging,49518819,-1.7578,11.6626,34.0869;
33,Jogging,49569819,-5.7251,20.3198,26.1475;
33,Jogging,49620819,-5.6177,5.1782,11.7188;
33,Jogging,49671819,-1.5088,1.8457,7.8516;
33,Jogging,49722819,-2.7856,1.8701,2.8516;
33,Jogging,49773819,1.9751,-2.2485,1.6675;
33,Jogging,49824819,-9.0137,-3.8965,4.0063;
33,Jogging,49875819,2.0117,3.2178,13.3594;
33,Jogging,49926819,-6.6040,14.2944,18.7378;
33,Jogging,49977819,-10.9424,5.5249,8.5864;
33,Jogging,50028819,-3.9355,5.5176,22.0557;
33,Jogging,50079819,1.6260,-5.5078,10.0903;
33,Jogging,50130819,3.1689,-4.3799,8.0371;
33,Jogging,50181819,1.7261,-3.6401,3.1909;
33,Jogging,50232819,-0.7617,-6.8994,5.2173;
33,Jogging,50283819,-4.3555,9.0918,31.6821;
33,Jogging,50334819,-7.0386,21.2183,31.2061;
33,Jogging,50385819,-2.6611,8.5645,9.5312;
33,Jogging,50436819,-5.1343,3.4033,7.7368;
33,Jogging,50487819,1.3208,-0.3296,5.7690;
33,Jogging,50538819,6.7383,-4.0796,2.1606;
33,Jogging,50589819,-2.5635,-11.4966,4.0625;
33,Jogging,50640819,-2.3389,0.4541,10.6738;
33,Jogging,50691819,-2.1606,13.4253,24.6875;
33,Jogging,50742819,-3.4644,8.7939,8.5742;
33,Jogging,50793819,-7.8711,10.4272,19.2212;
33,Jogging,50844819,-0.7153,2.4976,11.7383;
33,Jogging,50895819,-1.3623,-5.8643,12.5781;
33,Jogging,50946819,4.3628,-6.2695,7.5830;
33,Jogging,50997819,1.6870,-4.4824,2.7832;
33,Jogging,51048819,-3.0859,-8.8574,6.3794;
33,Jogging,51099819,-4.7876,11.0547,38.4253;
33,Jogging,51150819,-1.1011,17.4316,18.8672;
33,Jogging,51201819,-3.1567,3.5913,12.8271;
33,Jogging,51252819,-2.8101,0.3271,10.2979;
33,Jogging,51303819,-1.0571,0.3662,2.9858;
33,Jogging,51354819,-2.1216,-12.9199,4.3579;
33,Jogging,51405819,17.1753,-9.8682,1.4600;
33,Jogging,51456819,-6.2549,9.8730,22.3560;
33,Jogging,51507819,-9.2041,16.4819,11.3330;
33,Jogging,51558819,-0.4614,8.3691,13.6572;
33,Jogging,51609819,-2.8491,4.5068,17.1851;
33,Jogging,51660819,-2.0996,-3.6865,10.8252;
33,Jogging,51711819,6.8750,-4.3774,9.2700;
33,Jogging,51762819,1.1328,-3.2739,5.3589;
33,Jogging,51813819,-1.5088,-10.1465,1.9800;
33,Jogging,51864819,-0.5225,3.0078,26.5552;
33,Jogging,51915819,-3.3008,19.7168,27.4536;
33,Jogging,51966819,-3.0933,6.7432,11.7749;
33,Jogging,52017819,-4.7266,1.4038,9.3994;
33,Jogging,52068819,-2.1558,1.4575,1.3037;
33,Jogging,52119819,1.7847,-5.8789,4.6118;
33,Jogging,52170819,-0.2734,-10.0879,5.2734;
33,Jogging,52221820,-4.9365,6.6309,12.2632;
33,Jogging,52272819,-8.1055,19.7217,15.9204;
33,Jogging,52323819,-2.1411,5.4419,7.7246;
33,Jogging,52374819,-4.4458,7.5977,23.2422;
33,Jogging,52425819,-3.8013,0.8496,11.7407;
33,Jogging,52476819,6.6187,-7.4609,13.3398;
33,Jogging,52527819,0.1758,-3.9307,6.7603;
33,Jogging,52578819,0.9521,-10.6860,1.2109;
33,Jogging,52629819,1.1157,1.3892,18.6304;
33,Jogging,52680819,-0.4590,20.0635,26.1353;
33,Jogging,52731819,-4.2822,7.6660,11.5161;
33,Jogging,52782819,-4.8462,3.9600,11.8140;
33,Jogging,52833819,-0.6689,2.5977,7.4072;
33,Jogging,52884819,0.1636,-1.7065,4.3823;
33,Jogging,52935819,-4.3677,-15.0806,9.3555;
33,Jogging,52986819,22.7783,0.8154,1.5503;
33,Jogging,53037819,-5.1001,14.6997,36.2866;
33,Jogging,53088819,-2.1069,11.2305,11.0132;
33,Jogging,53139819,-4.7437,6.4380,11.9800;
33,Jogging,53190819,-4.6899,3.5400,18.0396;
33,Jogging,53241819,-0.6299,-2.7295,10.8203;
33,Jogging,53292819,8.2520,-0.9351,12.1704;
33,Jogging,53343819,0.1782,-3.9746,6.2573;
33,Jogging,53394819,2.2607,-13.2031,1.6650;
33,Jogging,53445819,4.9194,18.7891,33.0151;
33,Jogging,53496819,-8.2642,19.4897,24.6436;
33,Jogging,53547819,-4.2798,7.2485,9.6875;
33,Jogging,53598819,-3.6572,3.6743,9.1943;
33,Jogging,53649819,-1.3989,0.2490,5.6982;
33,Jogging,53700819,3.8916,-18.1812,10.6665;
33,Jogging,53751819,-0.6445,-7.0557,2.7393;
33,Jogging,53802819,-5.2905,5.5835,7.7124;
33,Jogging,53853819,-8.0713,22.7856,22.7515;
33,Jogging,53904819,-5.4761,5.1416,3.8135;
33,Jogging,53955819,-2.9785,7.8735,23.8086;
33,Jogging,54006819,-4.9194,2.3145,12.8784;
33,Jogging,54057819,12.8223,-7.1411,13.6646;
33,Jogging,54108819,-1.7578,-1.0327,6.7114;
33,Jogging,54159819,-4.6875,-14.0649,-2.6782;
33,Jogging,54210819,2.9810,-0.3711,20.1880;
33,Jogging,54261819,-2.1191,23.1812,38.0127;
33,Jogging,54312819,-5.5176,12.6196,12.8979;
33,Jogging,54363819,-2.3682,3.0176,13.6157;
33,Jogging,54414819,2.5122,2.1533,6.7456;
33,Jogging,54465819,-0.1904,2.0166,2.8613;
33,Jogging,54516819,-4.2944,-7.4951,0.0293;
33,Jogging,54567819,-13.9624,-0.8374,-1.6113;
33,Jogging,54618819,5.5347,12.7930,37.2705;
33,Jogging,54669819,-4.0308,11.8555,12.5464;
33,Jogging,54720819,-11.7969,4.9731,12.1265;
33,Jogging,54771819,-4.5654,3.9062,16.3525;
33,Jogging,54822819,-2.4634,0.3296,10.0684;
33,Jogging,54873819,9.2236,-1.4429,11.4087;
33,Jogging,54924819,-1.5283,-4.2310,5.5176;
33,Jogging,54975819,0.7056,-13.9331,-0.2148;
33,Jogging,55026819,2.3071,-0.5591,16.9556;
33,Jogging,55077819,-2.6050,22.2144,35.4102;
33,Jogging,55128819,-2.1484,12.1753,11.3062;
33,Jogging,55179819,-4.9170,4.2358,12.2729;
33,Jogging,55230819,-1.9116,0.1050,5.7520;
33,Jogging,55281819,4.7852,-0.2271,-0.4565;
33,Jogging,55332819,-2.6611,-9.1675,1.2256;
33,Jogging,55383819,9.5801,-11.9312,7.9272;
33,Jogging,55434819,-3.1030,11.7627,27.6611;
33,Jogging,55485819,0.8350,13.9941,15.6689;
33,Jogging,55536819,-10.7788,7.3096,10.0195;
33,Jogging,55587819,-2.6514,4.7632,18.8062;
33,Jogging,55638819,-3.4497,0.9058,12.9419;
33,Jogging,55689819,14.8462,-4.5654,16.1646;
33,Jogging,55740819,0.5054,-3.9331,4.9658;
33,Jogging,55791819,2.2437,-14.4580,-0.3564;
33,Jogging,55842819,0.5518,1.0425,15.9229;
33,Jogging,55893819,3.7598,21.5942,39.7583;
33,Jogging,55944819,0.3979,8.3545,12.0410;
33,Jogging,55995819,-2.7051,4.0381,11.0303;
33,Jogging,56046819,-0.0171,1.2036,7.1289;
33,Jogging,56097819,0.9595,-0.9106,2.6880;
33,Jogging,56148819,-1.6919,-9.4336,4.2285;
33,Jogging,56199819,-3.2153,-3.4766,2.6953;
33,Jogging,56250819,2.1753,4.5386,19.0649;
33,Jogging,56301819,-1.9897,11.0156,15.2026;
33,Jogging,56352819,-5.0464,4.7754,9.8853;
33,Jogging,56403819,-4.0259,5.2710,21.9653;
33,Jogging,56454819,-1.2695,1.6772,10.4761;
33,Jogging,56505819,7.0068,5.3857,15.6201;
33,Jogging,56556819,-1.5771,-4.8730,4.8535;
33,Jogging,56607819,5.0244,-16.9800,4.1968;
33,Jogging,56658819,-1.0645,1.7041,15.9692;
33,Jogging,56709819,-2.0801,15.5249,26.5405;
33,Jogging,56760819,-5.4419,11.1963,12.6758;
33,Jogging,56811819,-1.9287,3.9575,11.9141;
33,Jogging,56862819,-0.3833,1.4355,8.8159;
33,Jogging,56913819,1.5747,0.4687,5.4346;
33,Jogging,56964819,1.8604,-13.2568,3.8794;
33,Jogging,57015819,-2.6416,-4.9951,3.8477;
33,Jogging,57066819,-8.2422,3.4961,-1.4453;
33,Jogging,57117819,-10.5347,21.6235,27.8394;
33,Jogging,57168819,3.0713,6.0034,9.3628;
33,Jogging,57219819,-4.8047,0.5029,23.0005;
33,Jogging,57270819,3.7256,0.8960,11.1353;
33,Jogging,57321819,2.9126,-0.5713,10.5249;
33,Jogging,57372819,0.4492,-3.6743,7.9297;
33,Jogging,57423819,2.0801,-9.3115,1.1084;
33,Jogging,57474819,-3.8916,-8.8354,11.8457;
33,Jogging,57525819,3.0371,9.9829,31.8384;
33,Jogging,57576819,-11.4575,23.7549,25.8472;
33,Jogging,57627819,-2.8296,5.4980,15.1123;
33,Jogging,57678819,0.9131,1.7212,11.9019;
33,Jogging,57729819,0.6494,2.4048,2.6782;
33,Jogging,57780819,4.5996,-1.8970,-1.8506;
33,Jogging,57831819,-7.2607,-14.2358,8.6597;
33,Jogging,57882819,27.7441,20.7471,39.9988;
33,Jogging,57933819,-1.7432,17.7490,22.6172;
33,Jogging,57984819,-4.2578,17.1411,10.2295;
33,Jogging,58035819,-0.7080,9.2896,12.4487;
33,Jogging,58086819,-2.2339,5.3662,19.2700;
33,Jogging,58137819,-4.4702,-3.0322,15.7446;
33,Jogging,58188819,9.1089,-14.3921,8.2324;
33,Jogging,58239819,5.5103,-9.3628,4.4092;
33,Jogging,58290819,0.7080,-3.7354,8.0127;
33,Jogging,58341819,-4.3970,11.7090,27.1509;
33,Jogging,58392819,-12.9785,18.8037,24.4678;
33,Jogging,58443819,-3.1958,10.3662,13.7134;
33,Jogging,58494819,-2.8320,3.5815,10.8057;
33,Jogging,58545819,-0.2100,-0.2661,3.9624;
33,Jogging,58596819,10.3027,-5.5933,3.4009;
33,Jogging,58647819,-5.2368,-7.2217,6.0742;
33,Jogging,58698819,17.3120,-1.7188,5.8325;
33,Jogging,58749819,-1.7725,24.7559,38.0640;
33,Jogging,58800819,0.7788,8.8281,6.6260;
33,Jogging,58851819,-10.1733,10.6616,16.9604;
33,Jogging,58902819,-4.7192,4.8755,14.6191;
33,Jogging,58953819,-5.9839,-1.3892,7.4268;
33,Jogging,59004819,0.4419,-1.7090,8.8159;
33,Jogging,59055819,-1.2891,-6.4990,5.1025;
33,Jogging,59106819,-1.2573,-18.6182,2.0044;
33,Jogging,59157819,4.5190,1.4233,19.3384;
33,Jogging,59208819,-4.1724,26.8066,39.9988;
33,Jogging,59259819,-1.3037,8.7207,9.6265;
33,Jogging,59310819,-3.3447,6.9238,8.5132;
33,Jogging,59361819,-0.3125,1.0547,5.9424;
33,Jogging,59412819,4.8682,-2.7173,0.3076;
33,Jogging,59463819,-4.7412,-11.6016,2.4072;
33,Jogging,59514819,1.2915,-8.4644,11.9214;
33,Jogging,59565819,5.6250,8.5986,24.3677;
33,Jogging,59616819,-2.3340,11.2671,11.5186;
33,Jogging,59667819,-13.4058,7.9443,17.9175;
33,Jogging,59718819,-5.3345,4.3555,15.2759;
33,Jogging,59769819,3.1714,-2.6514,11.4087;
33,Jogging,59820819,-1.0059,-2.7417,7.5098;
33,Jogging,59871819,-0.2979,-4.4922,2.6099;
33,Jogging,59922819,3.7964,-11.0010,14.7144;
33,Jogging,59973819,-0.5908,13.9746,30.2588;
33,Jogging,60024819,-7.7832,22.5757,26.0913;
33,Jogging,60075819,-5.6177,3.3691,9.2261;
33,Jogging,60126819,-0.5908,1.4111,6.9995;
33,Jogging,60177819,4.9316,0.0000,1.0083;
33,Jogging,60228819,-5.2026,-11.0278,1.2793;
33,Jogging,60279819,16.0620,-7.1851,2.4072;
33,Jogging,60330819,-7.1997,23.2910,35.6299;
33,Jogging,60381819,1.7603,12.8271,8.2202;
33,Jogging,60432819,-10.6470,7.3315,10.5884;
33,Jogging,60483819,-6.3159,4.9780,19.1968;
33,Jogging,60534819,-3.6353,-1.7896,11.9702;
33,Jogging,60585819,12.5513,-10.7666,12.6782;
33,Jogging,60636819,-0.4858,-6.4233,5.0244;
33,Jogging,60687819,5.6836,-13.3154,2.9028;
33,Jogging,60738819,-0.4663,16.2964,34.8096;
33,Jogging,60789819,-10.4834,23.5278,30.6396;
33,Jogging,60840819,-2.6343,6.0059,10.8716;
33,Jogging,60891819,-5.5786,2.3730,8.4766;
33,Jogging,60942819,-4.8071,0.9961,-0.4248;
33,Jogging,60993819,2.8003,-1.1108,0.8154;
33,Jogging,61044819,5.9351,-6.2183,19.7607;
33,Jogging,61095819,-4.0332,11.0010,30.8789;
33,Jogging,61146819,-4.4189,12.9028,10.1880;
33,Jogging,61197819,-7.1704,8.2593,13.1616;
33,Jogging,61248819,-3.5742,4.1895,14.4995;
33,Jogging,61299819,4.8901,-9.4019,14.2773;
33,Jogging,61350819,0.0854,-2.6343,6.6528;
33,Jogging,61401819,-0.2881,-3.0908,2.1387;
33,Jogging,61452819,-3.7134,-4.6826,10.9204;
33,Jogging,61503819,-1.9043,13.4644,33.4766;
33,Jogging,61554819,-2.8955,10.3491,14.4995;
33,Jogging,61605819,-7.0532,2.8809,15.7178;
33,Jogging,61656819,-0.5444,1.7358,4.4507;
33,Jogging,61707819,1.5845,4.4287,1.1792;
33,Jogging,61758819,-1.6187,-4.5386,0.5640;
33,Jogging,61809819,-1.9360,-0.0220,3.7280;
33,Jogging,61860819,-1.0254,2.0312,33.6865;
33,Jogging,61911819,4.4043,10.4053,14.0015;
33,Jogging,61962819,-21.9141,7.0654,10.5420;
33,Jogging,62013819,-0.1392,4.9585,14.3359;
33,Jogging,62064819,10.3662,-5.5591,14.1479;
33,Jogging,62115819,-2.7148,0.2979,7.7393;
33,Jogging,62166819,-1.6992,-3.7842,1.7383;
33,Jogging,62217819,9.2041,-10.6445,5.4102;
33,Jogging,62268819,-2.9102,17.5732,39.9988;
33,Jogging,62319819,-3.9526,20.4883,19.7388;
33,Jogging,62370819,-5.2539,6.3232,11.7334;
33,Jogging,62421819,-4.1357,2.0312,6.9360;
33,Jogging,62472819,-1.6357,-0.0439,4.6606;
33,Jogging,62523819,3.1567,-6.4624,1.4185;
33,Jogging,62574819,-6.1377,-3.1421,2.2217;
33,Jogging,62625819,-3.5425,4.6973,17.2021;
33,Jogging,62676819,-2.3657,10.6421,10.6201;
33,Jogging,62727819,-11.5283,7.3877,3.6084;
33,Jogging,62778819,-3.9478,8.5669,25.3149;
33,Jogging,62829819,-1.6162,-1.2744,10.9912;
33,Jogging,62880819,5.1489,-3.4399,11.7261;
33,Jogging,62931819,-0.6152,-2.0630,5.6836;
33,Jogging,62982819,-2.4390,-13.7061,1.1938;
33,Jogging,63033819,1.2939,0.6885,18.5181;
33,Jogging,63084819,-2.7539,24.0234,36.8164;
33,Jogging,63135819,-0.8545,11.2109,10.6128;
33,Jogging,63186819,-4.9365,3.6914,10.7031;
33,Jogging,63237819,-5.9351,1.9678,1.4844;
33,Jogging,63288819,11.6870,-3.7671,-1.8042;
33,Jogging,63339819,-4.9048,-10.6226,4.8242;
33,Jogging,63390819,9.4946,1.5015,15.4126;
33,Jogging,63441819,-4.5825,20.4492,30.3784;
33,Jogging,63492819,4.4092,10.2075,6.3232;
33,Jogging,63543819,-14.8511,9.2139,16.7554;
33,Jogging,63594819,-2.6025,3.1470,14.9390;
33,Jogging,63645819,-5.3345,0.4614,12.7905;
33,Jogging,63696819,18.6548,-7.5146,15.8325;
33,Jogging,63747819,-1.9214,-4.3921,5.1367;
33,Jogging,63798819,-1.4355,-12.9150,3.3960;
33,Jogging,63849819,-0.5762,4.1431,21.5112;
33,Jogging,63900819,-4.4482,21.8921,33.1689;
33,Jogging,63951819,-1.8701,10.1099,13.3887;
33,Jogging,64002819,-4.6802,4.6094,7.8540;
33,Jogging,64053819,-1.2842,1.3647,2.3975;
33,Jogging,64104819,13.7476,0.7397,-2.4414;
33,Jogging,64155819,-1.7383,-9.2676,2.3364;
33,Jogging,64206819,2.3291,2.5195,20.5225;
33,Jogging,64257819,-1.6064,15.0293,23.0444;
33,Jogging,64308819,-3.0322,9.1797,6.9458;
33,Jogging,64359819,-7.9761,10.6641,19.9756;
33,Jogging,64410819,-2.2559,3.1860,12.4829;
33,Jogging,64461819,-4.4263,-3.7305,15.5127;
33,Jogging,64512819,10.4468,-8.1738,10.5029;
33,Jogging,64563819,0.5078,-7.4048,4.6265;
33,Jogging,64614819,1.2500,-8.8550,5.6860;
33,Jogging,64665819,-3.0737,9.3970,28.4937;
33,Jogging,64716819,-7.0288,18.4961,29.4067;
33,Jogging,64767819,-0.6396,9.5386,13.0566;
33,Jogging,64818819,-3.2422,4.2285,9.2236;
33,Jogging,64869819,-0.0830,2.0703,5.0781;
33,Jogging,64920819,6.0083,-1.5430,4.5288;
33,Jogging,64971819,-5.6323,-5.9448,7.4316;
33,Jogging,65022819,5.0708,2.1777,11.8408;
33,Jogging,65073819,1.7505,10.0439,25.2441;
33,Jogging,65124819,-4.0991,7.8955,8.5010;
33,Jogging,65175819,-5.9985,8.9575,21.2695;
33,Jogging,65226819,-1.9824,1.9263,13.2617;
33,Jogging,65277819,16.4014,-6.7969,17.2803;
33,Jogging,65328819,-0.7129,-0.4224,6.5161;
33,Jogging,65379819,-0.5688,-8.1348,-0.5176;
33,Jogging,65430819,3.9453,-5.0854,18.4155;
33,Jogging,65481819,-2.3511,16.1084,35.3247;
33,Jogging,65532819,-5.4443,21.2720,24.3066;
33,Jogging,65583819,-7.2876,5.4175,10.5908;
33,Jogging,65634819,-4.4727,0.9473,10.0854;
33,Jogging,65685819,0.5396,0.8081,4.9170;
33,Jogging,65736819,6.0205,-2.0190,3.3301;
33,Jogging,65787819,-6.0449,-8.0273,6.8726;
33,Jogging,65838819,8.4253,0.5103,15.5396;
33,Jogging,65889819,-6.8921,18.1787,29.2383;
33,Jogging,65940819,-12.1875,11.2793,4.5435;
33,Jogging,65991819,1.4722,11.1255,20.3809;
33,Jogging,66042819,-2.1021,2.4194,13.2764;
33,Jogging,66093819,-2.7612,-4.3481,11.6309;
33,Jogging,66144819,3.5815,-4.6338,7.6050;
33,Jogging,66195819,2.2437,-8.0591,4.2310;
33,Jogging,66246819,0.5347,-8.7598,2.7832;
33,Jogging,66297819,-3.5767,3.5107,26.7505;
33,Jogging,66348819,-5.8569,17.8516,26.1646;
33,Jogging,66399819,1.0181,8.8525,11.4722;
33,Jogging,66450819,-2.2021,0.7153,13.2446;
33,Jogging,66501819,-1.0693,-0.3638,2.7319;
33,Jogging,66552819,9.2212,2.5659,-0.6616;
33,Jogging,66603819,-2.2217,-7.7832,0.4150;
33,Jogging,66654819,-3.3789,-2.1411,11.2207;
33,Jogging,66705819,-0.3027,8.1567,28.1030;
33,Jogging,66756819,1.3428,10.5371,13.0273;
33,Jogging,66807819,-5.0269,7.0703,17.9980;
33,Jogging,66858819,-3.6987,2.9321,13.5864;
33,Jogging,66909819,-0.1489,-1.7725,7.9028;
33,Jogging,66960819,2.9956,-2.7173,9.6313;
33,Jogging,67011819,1.8091,-5.6812,4.0405;
33,Jogging,67062845,-2.8882,-10.6250,4.1675;
33,Jogging,67113819,2.4072,16.1475,35.3320;
33,Jogging,67164819,-2.5781,18.8379,25.9473;
33,Jogging,67215819,-3.1079,5.8130,13.3789;
33,Jogging,67266819,-6.3647,0.0781,9.9731;
33,Jogging,67317819,4.3726,2.1265,5.8765;
33,Jogging,67368819,0.8643,-1.1255,3.0981;
33,Jogging,67419819,-4.4604,-3.0786,4.3848;
33,Jogging,67470819,4.2187,1.1865,17.3950;
33,Jogging,67521819,-4.0063,15.4248,31.2280;
33,Jogging,67572819,-0.9863,6.7139,5.7959;
33,Jogging,67623819,-10.5347,10.8325,19.1431;
33,Jogging,67674819,-0.8228,3.2910,9.9854;
33,Jogging,67725819,-4.3408,1.1816,13.4717;
33,Jogging,67776819,12.0850,-10.4224,15.9375;
33,Jogging,67827819,2.4146,-5.8496,5.2466;
33,Jogging,67878819,-1.4404,-10.6616,7.2314;
33,Jogging,67929819,-1.8506,15.5908,36.7432;
33,Jogging,67980819,-3.7671,17.7490,26.3965;
33,Jogging,68031819,-2.1606,8.5645,12.9517;
33,Jogging,68082819,-5.2100,3.7109,7.2485;
33,Jogging,68133819,-0.7812,1.3208,4.1943;
33,Jogging,68184819,2.8149,-4.0698,4.3115;
33,Jogging,68235819,-3.7085,-15.0488,6.1353;
33,Jogging,68286819,-6.4258,4.6021,12.0410;
33,Jogging,68337819,-8.4619,17.6709,16.9727;
33,Jogging,68388819,0.7593,6.9238,8.4204;
33,Jogging,68439819,-1.8970,10.0195,20.8569;
33,Jogging,68490819,-3.4790,1.2988,12.7393;
33,Jogging,68541819,8.0054,-9.9707,16.0742;
33,Jogging,68592819,0.5737,-2.8394,7.5464;
33,Jogging,68643819,0.2441,-9.0356,-0.2124;
33,Jogging,68694819,0.0562,-3.5181,16.1841;
33,Jogging,68745819,-2.1631,16.3721,32.9761;
33,Jogging,68796819,-8.4985,22.2339,23.5767;
33,Jogging,68847819,-4.3677,5.7935,9.5361;
33,Jogging,68898819,-4.9048,-0.6665,9.5557;
33,Jogging,68949819,6.2378,0.0220,4.8560;
33,Jogging,69000819,-4.7217,-1.7847,3.9697;
33,Jogging,69051819,-2.8564,2.1216,1.6553;
33,Jogging,69102819,-3.6841,11.5869,36.5503;
33,Jogging,69153819,0.3369,15.7202,21.4624;
33,Jogging,69204819,-3.2080,3.7280,11.4136;
33,Jogging,69255819,-7.5781,2.0190,20.5933;
33,Jogging,69306819,-5.2002,-1.0205,9.5483;
33,Jogging,69357819,15.8081,0.8374,13.8550;
33,Jogging,69408819,-1.7822,-6.2769,5.7739;
33,Jogging,69459819,3.0762,-17.0703,0.4883;
33,Jogging,69510819,-0.1489,0.8057,22.1997;
33,Jogging,69561819,1.1670,26.4795,32.5342;
33,Jogging,69612819,-4.5142,6.6162,11.0083;
33,Jogging,69663820,-5.4346,3.2544,12.0923;
33,Jogging,69714819,-0.1001,2.3389,6.7261;
33,Jogging,69765819,4.2871,1.0742,-1.1890;
33,Jogging,69816819,-3.7622,-13.2251,-0.6738;
33,Jogging,69867819,2.0312,-9.2505,8.0225;
33,Jogging,69918819,6.7456,8.6401,27.4561;
33,Jogging,69969819,-4.7754,9.9829,11.4258;
33,Jogging,70020819,-7.3877,3.8159,14.0015;
33,Jogging,70071819,-6.2280,4.2090,12.5732;
33,Jogging,70122819,2.6587,-1.4600,7.3340;
33,Jogging,70173819,1.6968,-0.2808,8.6035;
33,Jogging,70224819,-1.2207,-4.7852,3.5767;
33,Jogging,70275819,-1.9971,-8.9429,8.1494;
33,Jogging,70326819,3.1982,15.5884,38.4619;
33,Jogging,70377819,-5.4614,17.3486,22.8638;
33,Jogging,70428819,-2.6099,4.4629,13.2104;
33,Jogging,70479819,-2.8027,1.6772,9.3311;
33,Jogging,70530819,1.4160,2.1948,0.3296;
33,Jogging,70581819,1.1621,-1.6577,2.8223;
33,Jogging,70632819,-2.6343,-0.4443,1.0547;
33,Jogging,70683819,1.1279,1.4136,13.3008;
33,Jogging,70734819,-4.3726,11.3745,22.7563;
33,Jogging,70785819,-3.2397,7.2461,10.0806;
33,Jogging,70836819,-10.8667,7.1313,18.0298;
33,Jogging,70887819,-2.2070,1.1157,8.6890;
33,Jogging,70938819,2.1460,-3.3716,10.1538;
33,Jogging,70989819,1.0205,-3.5083,5.1758;
33,Jogging,71040819,2.8662,-13.8550,0.3784;
33,Jogging,71091819,3.1665,2.3022,16.6284;
33,Jogging,71142819,-5.1343,21.7017,31.7773;
33,Jogging,71193819,-3.6035,9.8218,10.9619;
33,Jogging,71244819,-6.1035,2.7661,13.1909;
33,Jogging,71295819,-1.8994,-2.5439,5.8447;
33,Jogging,71346819,0.9741,-3.4668,2.3682;
33,Jogging,71397819,-3.6035,-0.4810,2.2852;
33,Jogging,71448819,13.7964,0.9912,5.8667;
33,Jogging,71499819,-16.8604,24.7192,38.0518;
33,Jogging,71550819,2.6172,3.8525,7.5684;
33,Jogging,71601819,-8.0322,6.3843,17.3047;
33,Jogging,71652819,-3.7305,1.8384,15.4419;
33,Jogging,71703819,-1.5015,-0.8179,7.2217;
33,Jogging,71754819,9.8389,-3.6353,16.1890;
33,Jogging,71805819,0.1099,-15.6274,-1.0962;
33,Jogging,71856819,5.2759,-3.2202,10.4175;
33,Jogging,71907819,-4.0186,19.7998,39.9988;
33,Jogging,71958819,-9.2163,19.3921,20.1904;
33,Jogging,72009819,-2.2754,5.6934,8.8452;
33,Jogging,72060819,-0.9668,2.8979,7.1143;
33,Jogging,72111819,1.6211,-0.7031,4.3506;
33,Jogging,72162819,2.6221,-5.5347,3.5620;
33,Jogging,72213819,1.8311,1.4038,0.8984;
33,Jogging,72264819,0.9985,11.2573,28.8892;
33,Jogging,72315819,-0.3516,11.0449,12.4097;
33,Jogging,72366819,-3.6255,2.4292,9.6387;
33,Jogging,72417819,-5.4053,2.0776,18.9819;
33,Jogging,72468819,-1.9800,-0.9326,9.3848;
33,Jogging,72519819,5.3540,1.2427,8.1958;
33,Jogging,72570819,-0.1685,-6.5259,4.1455;
33,Jogging,72621819,2.4463,-10.7104,5.7739;
33,Jogging,72672819,-2.4463,6.8115,26.3159;
33,Jogging,72723819,-4.7559,23.3032,31.6699;
33,Jogging,72774819,-1.5308,8.7427,11.1182;
33,Jogging,72825819,-4.1577,0.5127,10.3979;
33,Jogging,72876819,-0.0830,0.0537,3.7036;
33,Jogging,72927819,6.7017,-1.4160,-1.6064;
33,Jogging,72978819,-3.4058,-7.6318,0.9692;
33,Jogging,73029819,5.1831,2.5464,11.2915;
33,Jogging,73080819,-5.9570,16.1206,27.2485;
33,Jogging,73131819,-1.6431,9.7998,8.0322;
33,Jogging,73182819,-3.3252,10.7031,19.5898;
33,Jogging,73233819,-1.0718,3.0542,10.5688;
33,Jogging,73284819,-0.4224,-4.6826,11.5894;
33,Jogging,73335819,0.7959,-4.2090,6.7993;
33,Jogging,73386819,0.8203,-5.9497,3.1104;
33,Jogging,73437819,-1.5967,-9.6387,6.1792;
33,Jogging,73488819,-1.3257,6.5308,30.7690;
33,Jogging,73539819,-5.4907,18.7598,25.4224;
33,Jogging,73590819,-3.5352,5.3491,12.3291;
33,Jogging,73641819,-5.3979,-0.3296,12.6050;
33,Jogging,73692819,0.9839,0.4541,4.8853;
33,Jogging,73743819,10.5005,2.0996,1.1426;
33,Jogging,73794819,-3.1396,-9.0186,3.9600;
33,Jogging,73845819,10.6372,-8.0908,14.3555;
33,Jogging,73896819,-4.8486,12.4561,31.2305;
33,Jogging,73947819,-3.1787,16.1646,11.6406;
33,Jogging,73998819,-8.7549,14.5386,12.7734;
33,Jogging,74049819,-1.0474,4.5190,13.2129;
33,Jogging,74100819,-4.3799,-0.5371,14.3506;
33,Jogging,74151819,0.3760,-4.8853,9.1406;
33,Jogging,74202819,3.4644,-11.3525,6.1108;
33,Jogging,74253819,5.5225,-10.2710,3.9160;
33,Jogging,74304819,-3.0884,11.8823,31.0742;
33,Jogging,74355819,-3.2788,24.2212,28.9990;
33,Jogging,74406819,-2.7417,9.9658,12.6123;
33,Jogging,74457819,-3.1543,3.6401,8.5132;
33,Jogging,74508819,-4.5386,2.0337,3.9136;
33,Jogging,74559819,2.3560,-2.9321,-0.5249;
33,Jogging,74610819,-0.0562,-12.5146,2.3706;
33,Jogging,74661819,3.9136,4.0210,13.3325;
33,Jogging,74712819,-6.9653,17.9663,32.9102;
33,Jogging,74763819,0.6812,9.6680,7.6416;
33,Jogging,74814819,-8.7793,8.8257,13.6914;
33,Jogging,74865819,-2.4121,3.3008,10.3906;
33,Jogging,74916819,-1.7310,-0.2954,10.7471;
33,Jogging,74967819,4.1064,-3.2690,9.3506;
33,Jogging,75018819,0.7886,-5.5981,5.8081;
33,Jogging,75069819,-1.2012,-13.2324,9.0771;
33,Jogging,75120819,0.0830,6.2231,24.9536;
33,Jogging,75171819,-6.0352,18.3105,25.3101;
33,Jogging,75222819,-0.3125,7.8198,13.4692;
33,Jogging,75273819,-2.5684,3.1006,9.4800;
33,Jogging,75324819,-3.1958,0.7690,2.6318;
33,Jogging,75375819,4.4287,-4.7485,-0.1099;
33,Jogging,75426819,-5.0220,-4.5703,5.4663;
33,Jogging,75477819,8.5449,2.7222,11.2769;
33,Jogging,75528819,-11.1646,24.0381,39.9988;
33,Jogging,75579819,3.4668,5.3003,2.5366;
33,Jogging,75630819,-10.0195,9.0771,15.2734;
33,Jogging,75681819,-1.3550,2.1558,12.6270;
33,Jogging,75732819,-1.5527,-6.8604,12.5732;
33,Jogging,75783819,1.5527,-1.4136,6.4575;
33,Jogging,75834819,-0.6470,-6.3623,2.2705;
33,Jogging,75885819,3.2959,-12.3633,7.1387;
33,Jogging,75936819,-0.9717,18.1763,39.9988;
33,Jogging,75987819,-2.3413,16.3989,22.3706;
33,Jogging,76038819,-3.3984,6.2500,15.5151;
33,Jogging,76089819,-2.4023,0.7520,9.1333;
33,Jogging,76140819,-0.0366,0.8984,2.4854;
33,Jogging,76191819,2.9663,-2.2363,0.0000;
33,Jogging,76242819,-4.8096,-2.2217,2.7417;
33,Jogging,76293819,8.6255,1.1816,10.4077;
33,Jogging,76344819,-15.6250,21.6943,35.0098;
33,Jogging,76395819,-0.0537,3.9868,5.5542;
33,Jogging,76446819,-11.6211,7.6099,21.7749;
33,Jogging,76497819,-2.4243,1.9287,11.9287;
33,Jogging,76548819,6.5942,-7.4072,11.9360;
33,Jogging,76599819,-0.7617,-1.7065,6.1572;
33,Jogging,76650819,-0.8203,-11.5088,-0.1001;
33,Jogging,76701819,5.9985,-1.9922,20.3979;
33,Jogging,76752819,-1.8750,23.6182,37.8711;
33,Jogging,76803819,-0.0928,13.3521,12.6367;
33,Jogging,76854819,-6.1401,4.2139,14.0771;
33,Jogging,76905819,-2.2705,-0.4150,6.7236;
33,Jogging,76956819,-1.4526,-2.1338,2.4756;
33,Jogging,77007819,-0.9766,-9.0112,2.8076;
33,Jogging,77058819,21.1084,-4.9585,-1.2524;
33,Jogging,77109819,-7.4365,31.8115,39.9988;
33,Jogging,77160819,1.1182,5.9180,9.2480;
33,Jogging,77211819,-9.1211,5.6812,8.9917;
33,Jogging,77262819,-4.1943,5.0049,17.9199;
33,Jogging,77313819,-1.2451,0.5737,8.5059;
33,Jogging,77364819,5.8423,-2.8857,11.3232;
33,Jogging,77415819,-0.2344,-2.4927,5.2588;
33,Jogging,77466819,-1.3940,-15.3003,-1.0498;
33,Jogging,77517819,2.3169,5.7520,24.6558;
33,Jogging,77568819,-6.3574,24.4556,30.6982;
33,Jogging,77619819,-1.6431,6.4136,8.4741;
33,Jogging,77670819,-3.6938,0.8984,11.3232;
33,Jogging,77721819,-3.6475,-0.5151,3.2837;
33,Jogging,77772819,4.6948,-6.0254,0.3052;
33,Jogging,77823819,-1.1084,-3.6133,3.5132;
33,Jogging,77874819,-3.1396,4.1797,9.2871;
33,Jogging,77925819,-8.6572,19.6851,25.8301;
33,Jogging,77976819,1.1230,1.3184,6.0498;
33,Jogging,78027819,-1.7114,7.0166,22.7466;
33,Jogging,78078819,-5.5542,2.7954,13.0151;
33,Jogging,78129819,-2.1704,-1.2427,11.5601;
33,Jogging,78180819,9.3628,0.4785,12.0044;
33,Jogging,78231819,0.4370,-10.0732,3.4448;
33,Jogging,78282819,6.2988,-9.0381,6.4209;
33,Jogging,78333819,-3.4595,10.3345,31.3672;
33,Jogging,78384819,-2.8857,22.6270,27.4634;
33,Jogging,78435819,-6.8530,1.0620,10.6201;
33,Jogging,78486819,2.7881,1.4136,11.3403;
33,Jogging,78537819,-2.3047,2.8101,2.4463;
33,Jogging,78588819,5.5005,0.2930,-0.9448;
33,Jogging,78639819,-2.0996,-6.1304,-0.6934;
33,Jogging,78690819,3.5620,0.7153,6.6650;
33,Jogging,78741819,-10.9619,17.2876,31.4551;
33,Jogging,78792819,0.3223,6.7944,8.2446;
33,Jogging,78843819,-19.0918,6.9995,11.9922;
33,Jogging,78894819,-2.7661,3.1616,12.1802;
33,Jogging,78945819,-0.5347,-0.9619,10.5176;
33,Jogging,78996819,8.1592,-4.7388,12.6489;
33,Jogging,79047819,0.0708,-6.2573,3.9624;
33,Jogging,79098819,2.2974,-13.1226,3.8501;
33,Jogging,79149819,-6.1450,15.4590,39.9988;
33,Jogging,79200819,-4.1431,19.7388,19.9170;
33,Jogging,79251819,-2.4219,5.9326,11.1670;
33,Jogging,79302819,-4.7168,3.4033,9.2798;
33,Jogging,79353819,0.4517,-0.7397,3.8794;
33,Jogging,79404819,10.9790,-2.3096,-2.6196;
33,Jogging,79455819,-4.7461,-9.0942,3.4448;
33,Jogging,79506819,7.6855,1.2671,12.3218;
33,Jogging,79557819,-6.6577,18.8110,25.7739;
33,Jogging,79608819,-0.2954,6.8701,10.1953;
33,Jogging,79659819,-16.7090,8.6963,16.4819;
33,Jogging,79710819,-1.2866,3.1787,10.4785;
33,Jogging,79761819,-0.6592,-0.4883,11.4478;
33,Jogging,79812819,2.5415,-2.8491,9.2261;
33,Jogging,79863819,0.3418,-3.7036,4.0063;
33,Jogging,79914819,-4.1064,-12.6538,11.7041;
33,Jogging,79965819,-2.0190,5.5347,25.7129;
33,Jogging,80016819,-7.6562,22.7319,27.1484;
33,Jogging,80067819,-2.8271,8.0005,11.6406;
33,Jogging,80118819,3.6694,2.8345,7.6685;
33,Jogging,80169819,0.3540,1.4404,1.9751;
33,Jogging,80220819,6.4526,-1.2500,-1.8726;
33,Jogging,80271819,-8.3716,-13.7109,5.2881;
33,Jogging,80322819,7.1362,15.5591,29.3726;
33,Jogging,80373819,1.3086,11.6699,19.2261;
33,Jogging,80424819,-5.1245,11.0327,10.2319;
33,Jogging,80475819,-6.9873,8.1860,18.5596;
33,Jogging,80526819,-3.6670,4.5728,14.3115;
33,Jogging,80577819,-0.4370,-5.8130,12.8760;
33,Jogging,80628819,-2.2534,-3.3301,7.1436;
33,Jogging,80679819,-1.5234,-4.7949,5.0195;
33,Jogging,80730819,4.5728,-15.5273,10.1758;
33,Jogging,80781819,-0.2881,3.0322,27.3877;
33,Jogging,80832819,-16.6187,25.2783,27.6831;
33,Jogging,80883819,-3.8867,10.1660,7.5391;
33,Jogging,80934819,2.3242,2.8857,6.9238;
33,Jogging,80985819,3.5986,1.5283,2.5366;
33,Jogging,81036819,5.3784,-11.1377,3.2642;
33,Jogging,81087819,-6.7847,-4.6680,3.9062;
33,Jogging,81138819,0.4443,20.0439,28.6987;
33,Jogging,81189819,-1.0449,15.9326,17.2241;
33,Jogging,81240819,-4.3555,5.9399,11.4258;
33,Jogging,81291819,-5.6372,2.5806,15.2856;
33,Jogging,81342819,-5.9692,-0.1489,13.5327;
33,Jogging,81393819,-3.3862,-5.8252,11.4185;
33,Jogging,81444819,8.2495,-12.5806,5.8960;
33,Jogging,81495819,-0.4785,-6.3721,3.7744;
33,Jogging,81546819,-4.1260,3.6987,25.7959;
33,Jogging,81597819,4.7607,19.6802,23.5205;
33,Jogging,81648819,-5.4517,16.9263,17.4341;
33,Jogging,81699819,-4.3701,3.2422,10.9448;
33,Jogging,81750819,-3.2031,0.6958,7.4048;
33,Jogging,81801819,2.3096,0.7275,3.0835;
33,Jogging,81852819,-0.5615,-5.2100,2.5879;
33,Jogging,81903819,-1.2817,0.6934,1.6382;
33,Jogging,81954819,1.5552,24.3311,39.9988;
33,Jogging,82005819,-2.4683,11.8311,9.4482;
33,Jogging,82056819,-13.4253,8.8086,12.5732;
33,Jogging,82107819,-2.1362,5.5420,14.7925;
33,Jogging,82158819,-2.0142,2.1753,9.7119;
33,Jogging,82209819,1.5820,-2.9053,10.3906;
33,Jogging,82260819,3.3521,-5.7471,5.8594;
33,Jogging,82311819,4.1113,-19.6191,-0.0977;
33,Jogging,82362819,-3.7744,10.0732,34.4678;
33,Jogging,82413819,-2.3853,21.2646,25.1782;
33,Jogging,82464819,-1.1230,7.1948,9.7144;
33,Jogging,82515819,-3.0103,5.2246,9.6826;
33,Jogging,82566819,-1.8872,0.2783,5.1855;
33,Jogging,82617819,5.0635,-5.5664,3.9233;
33,Jogging,82668819,-5.1416,-6.0742,7.4170;
33,Jogging,82719819,7.0288,-0.8496,13.1299;
33,Jogging,82770819,-1.7041,23.6328,37.5635;
33,Jogging,82821819,-0.8472,7.2705,8.6792;
33,Jogging,82872819,-13.0835,5.2686,11.9189;
33,Jogging,82923819,-4.3774,2.5659,11.6992;
33,Jogging,82974819,-3.1714,0.3345,10.0928;
33,Jogging,83025819,13.7354,-3.9697,11.4453;
33,Jogging,83076819,-0.6641,-4.4141,3.4595;
33,Jogging,83127819,-0.9033,-4.8633,18.1226;
33,Jogging,83178819,0.1831,20.1392,35.1416;
33,Jogging,83229819,-6.7041,13.2007,16.0913;
33,Jogging,83280819,-4.5020,6.4795,12.3071;
33,Jogging,83331819,-2.5659,3.3252,4.2163;
33,Jogging,83382819,0.2441,1.2866,3.4082;
33,Jogging,83433819,1.5771,-3.1470,2.9541;
33,Jogging,83484819,-1.6406,-5.6909,4.5776;
33,Jogging,83535819,0.6787,9.0527,38.5107;
33,Jogging,83586819,-1.9287,11.0522,9.1309;
33,Jogging,83637819,-1.9336,5.9692,11.6797;
33,Jogging,83688819,-11.7065,7.8564,16.7578;
33,Jogging,83739819,-2.7393,2.6831,9.2456;
33,Jogging,83790819,4.6533,-5.1855,15.1050;
33,Jogging,83841819,-0.1880,-3.9600,5.1733;
33,Jogging,83892819,-1.5942,-10.6982,2.2119;
33,Jogging,83943819,3.7622,1.9238,19.9316;
33,Jogging,83994819,-2.0288,13.5156,25.7031;
33,Jogging,84045819,-2.4707,9.3408,14.3555;
33,Jogging,84096819,-4.4385,5.5225,10.1636;
33,Jogging,84147819,-0.3711,2.2827,5.7935;
33,Jogging,84198819,5.5273,-1.6797,1.2061;
33,Jogging,84249819,-4.4409,-12.2827,0.4834;
33,Jogging,84300819,10.4028,-7.4512,18.8403;
33,Jogging,84351819,3.0249,17.3901,23.1982;
33,Jogging,84402819,-1.2134,7.2070,13.1909;
33,Jogging,84453819,-13.3496,4.5557,13.1152;
33,Jogging,84504819,-5.1709,3.4888,14.8193;
33,Jogging,84555819,-2.7417,1.1548,10.9399;
33,Jogging,84606819,0.0537,1.6553,10.6982;
33,Jogging,84657819,-1.6211,-5.7104,4.3042;
33,Jogging,84708819,10.2271,-20.5322,2.1436;
33,Jogging,84759819,-5.4858,10.4004,36.6235;
33,Jogging,84810819,2.9175,25.9644,28.8306;
33,Jogging,84861819,-3.3252,6.7236,8.7842;
33,Jogging,84912819,-4.1797,0.3857,9.8437;
33,Jogging,84963819,-1.0010,-0.2319,3.3618;
33,Jogging,85014819,2.7271,-0.7910,-1.6650;
33,Jogging,85065819,-2.3267,-7.8003,0.5713;
33,Jogging,85116819,4.6533,0.2881,10.1318;
33,Jogging,85167819,-0.0977,23.0396,19.4482;
33,Jogging,85218819,-3.6499,5.0391,9.7363;
33,Jogging,85269819,-5.5151,4.2578,20.1221;
33,Jogging,85320819,-3.7207,1.0913,10.8105;
33,Jogging,85371819,7.6245,-9.0552,9.2944;
33,Jogging,85422819,0.0830,-2.9687,6.7432;
33,Jogging,85473819,-0.3540,-7.9468,2.2046;
33,Jogging,85524819,0.3662,-0.0806,19.6362;
33,Jogging,85575819,-0.2832,20.9009,35.2246;
33,Jogging,85626819,-2.9077,8.9160,14.5972;