33,Jogging,11363545,-3.2495,-0.6372,9.8022;
33,Jogging,11424839,2.3730,-3.0151,12.7734;
33,Jogging,11475843,2.8613,0.4956,11.7993;
33,Jogging,11526826,-2.3828,2.5391,13.9673;
33,Jogging,11577825,-4.0723,-0.5811,10.8203;
33,Jogging,11628825,-5.4028,-3.7500,16.5918;
33,Jogging,11679825,-3.4741,-3.6279,14.5947;
33,Jogging,11730825,7.5537,1.3989,12.7588;
33,Jogging,11781825,2.7490,-5.3760,9.2187;
33,Jogging,11832825,10.1099,-5.5054,9.8560;
33,Jogging,11883825,-3.3154,6.0645,17.6245;
33,Jogging,11934825,-3.7573,7.9492,14.9951;
33,Jogging,12036825,2.0288,-9.0210,13.2251;
33,Jogging,12087825,-1.8823,-6.6553,4.9634;
33,Jogging,12138825,3.9648,-0.3418,0.4858;
33,Jogging,12189825,-6.1084,5.4956,2.7393;
33,Jogging,12240825,3.6963,11.8945,26.1938;
33,Jogging,12291825,-1.2207,-0.9155,13.1348;
33,Jogging,12342825,-8.9819,-2.0825,18.3374;
33,Jogging,12393825,-12.1118,-6.6040,14.3872;
33,Jogging,12444825,9.5117,-9.0894,9.2627;
33,Jogging,12495825,-0.2759,-2.8906,5.1880;
33,Jogging,12546825,-0.0903,-4.9878,-4.0210;
33,Jogging,12597825,2.6318,-4.6191,14.5337;
33,Jogging,12648825,-1.7676,11.6406,30.4224;
33,Jogging,12699825,-2.4951,0.4614,18.9160;
33,Jogging,12750825,-1.5674,-5.6470,16.7163;
33,Jogging,12801825,-1.1768,-2.4878,7.7637;
33,Jogging,12852825,2.7148,1.3135,4.0063;
33,Jogging,12903825,-3.8159,-2.6270,-0.0269;
33,Jogging,12954825,-0.3784,-0.1074,0.3101;
33,Jogging,13005825,2.7930,0.3027,8.4668;
33,Jogging,13056825,-3.8501,8.1299,17.7954;
33,Jogging,13107825,-0.9009,3.8989,12.4341;
33,Jogging,13158825,-8.1885,0.2124,25.8008;
33,Jogging,13209825,-9.1724,-3.6890,10.1172;
33,Jogging,13260825,4.6631,-7.5513,8.3618;
33,Jogging,13311825,-2.3389,-3.3447,-0.0293;
33,Jogging,13362825,2.3291,-8.7769,0.5225;
33,Jogging,13413825,-0.3931,-1.4307,25.0952;
33,Jogging,13464825,-1.1353,17.2412,33.0103;
33,Jogging,13515825,-3.9404,1.4063,15.4956;
33,Jogging,13566825,-2.0923,-0.9277,12.2559;
33,Jogging,13617825,-4.5654,2.6343,4.7363;
33,Jogging,13668825,4.8511,-0.8374,-3.0420;
33,Jogging,13719825,-3.7231,-8.7256,3.4106;
33,Jogging,13770825,15.6323,-2.5586,17.2656;
33,Jogging,13821825,-15.1489,21.5015,39.9988;
33,Jogging,13872825,-2.0996,5.7324,5.0757;
33,Jogging,13923825,-4.1064,6.4502,19.1748;
33,Jogging,13974825,-0.4614,-1.2769,15.3125;
33,Jogging,14025825,15.1099,-9.5752,18.0127;
33,Jogging,14076825,-1.2085,-4.0674,5.6274;
33,Jogging,14127825,-0.5884,-5.3833,0.5347;
33,Jogging,14178825,1.1694,-9.5508,8.8452;
33,Jogging,14229825,3.0347,11.4063,36.1206;
33,Jogging,14280825,-8.4448,12.6172,32.8345;
33,Jogging,14331825,-2.0532,-1.3452,13.2056;
33,Jogging,14382825,-1.3062,0.6372,7.9126;
33,Jogging,14433825,0.9082,1.1719,5.1782;
33,Jogging,14484825,-1.6797,-4.9170,0.1904;
33,Jogging,14535825,-5.1465,-5.7593,3.8770;
33,Jogging,14586825,3.4863,3.5596,39.9988;
33,Jogging,14637825,-2.6855,14.0527,12.1484;
33,Jogging,14688825,-8.0908,3.4424,9.1211;
33,Jogging,14739834,-4.0796,0.8203,21.8799;
33,Jogging,14790825,-2.0679,-2.2534,8.5815;
33,Jogging,14841825,7.9541,-7.2974,14.5142;
33,Jogging,14892825,2.3437,-8.0762,3.8184;
33,Jogging,14943825,2.7661,-8.4985,0.5298;
33,Jogging,14994825,-2.5977,-1.1304,22.7881;
33,Jogging,15045825,-1.1353,18.5400,30.5127;
33,Jogging,15096825,-3.2886,3.6475,14.4458;
33,Jogging,15147825,-3.5815,-1.4258,13.6401;
33,Jogging,15198825,-2.0703,2.3853,4.7168;
33,Jogging,15249825,2.6953,2.2754,-1.1060;
33,Jogging,15300825,-0.0488,-9.6875,1.4722;
33,Jogging,15351825,10.2173,-10.9229,15.4761;
33,Jogging,15402825,-10.4297,12.3877,31.6724;
33,Jogging,15453825,-7.9614,10.4346,6.4917;
33,Jogging,15504825,-2.1313,6.3574,17.0801;
33,Jogging,15555825,-3.4595,-1.3452,15.1392;
33,Jogging,15606825,-11.2207,-2.8516,9.7290;
33,Jogging,15657825,11.5796,-12.7979,9.0454;
33,Jogging,15708825,-0.0757,-6.2305,2.5537;
33,Jogging,15759825,0.4370,-7.1631,8.0762;
33,Jogging,15810825,4.7144,20.4565,39.9988;
33,Jogging,15861825,-5.1294,13.5645,23.6890;
33,Jogging,15912825,-3.8989,-2.9663,15.1953;
33,Jogging,15963825,-3.0103,-1.0132,6.8481;
33,Jogging,16014825,2.8638,2.1069,1.5137;
33,Jogging,16065825,-3.4570,-9.9097,1.0059;
33,Jogging,16116825,8.5254,-15.4126,6.9214;
33,Jogging,16167825,-5.4077,19.3359,39.9988;
33,Jogging,16218825,-2.4023,11.1011,8.1567;
33,Jogging,16269825,-2.8052,9.9341,11.3745;
33,Jogging,16320825,-1.4453,1.5991,23.1543;
33,Jogging,16371825,-5.1733,-4.0601,14.2871;
33,Jogging,16422825,14.0698,-13.6304,11.8262;
33,Jogging,16473825,0.3149,-10.9277,2.8101;
33,Jogging,16524825,1.5527,-8.5937,-0.1489;
33,Jogging,16575825,-3.4937,1.3916,22.8516;
33,Jogging,16626825,-1.2329,19.7534,31.2427;
33,Jogging,16677825,-2.3071,3.1641,13.8599;
33,Jogging,16728825,-6.1865,-1.0010,11.7896;
33,Jogging,16779825,0.0806,1.5063,5.7690;
33,Jogging,16830825,0.7422,-6.4624,2.7271;
33,Jogging,16881825,-5.1245,-4.1821,3.2031;
33,Jogging,16932825,3.5278,7.2778,14.3896;
33,Jogging,16983825,-11.2061,19.4409,33.6304;
33,Jogging,17034825,1.1133,4.7949,4.2163;
33,Jogging,17085825,-6.7065,5.9644,24.2847;
33,Jogging,17136825,-4.3750,-1.6528,14.5728;
33,Jogging,17187825,19.6362,-9.0698,18.6548;
33,Jogging,17238825,-2.0825,-4.6973,6.2280;
33,Jogging,17289825,-0.7007,-11.1426,0.8447;
33,Jogging,17340825,3.6328,-7.7173,16.7383;
33,Jogging,17391825,4.0137,26.9751,39.9988;
33,Jogging,17442825,-3.6841,13.3325,17.7515;
33,Jogging,17493825,-9.4458,-0.7959,16.2598;
33,Jogging,17544825,0.6445,2.7856,6.4258;
33,Jogging,17595825,-1.2671,2.5928,4.3774;
33,Jogging,17646825,-0.4395,-4.1748,-1.2817;
33,Jogging,17697825,-11.2280,-11.8701,4.1846;
33,Jogging,17748825,9.3506,5.1978,39.9988;
33,Jogging,17799825,-8.0371,12.6489,12.1143;
33,Jogging,17850825,-7.9370,6.8213,12.9395;
33,Jogging,17901825,-2.7368,3.3276,17.7808;
33,Jogging,17952825,-3.2715,-1.0620,9.1382;
33,Jogging,18003825,-1.7773,-3.1738,7.3511;
33,Jogging,18054825,6.0229,-9.0063,5.7715;
33,Jogging,18105825,0.6714,-9.4995,-2.0312;
33,Jogging,18156825,-3.2397,1.7651,29.7192;
33,Jogging,18207825,2.7734,19.6069,30.6787;
33,Jogging,18258825,-3.4619,4.8950,15.2148;
33,Jogging,18309825,-5.3809,-0.2368,10.6885;
33,Jogging,18360825,-0.7495,-0.2344,3.9160;
33,Jogging,18411825,1.4600,-0.2026,1.7773;
33,Jogging,18462825,-0.4102,-12.1704,3.5425;
33,Jogging,18513825,13.7988,-2.0728,18.0615;
33,Jogging,18564825,-6.6821,14.4507,29.5752;
33,Jogging,18615825,-4.2725,9.4897,8.0713;
33,Jogging,18666825,-1.0596,3.2422,20.2368;
33,Jogging,18717825,-5.4126,-1.5967,14.2456;
33,Jogging,18768825,7.8101,-9.1528,12.4292;
33,Jogging,18819825,1.6943,-5.7275,6.0791;
33,Jogging,18870825,-0.7104,-5.7935,3.2935;
33,Jogging,18921825,1.9678,-7.0557,15.8472;
33,Jogging,18972825,3.4180,19.2822,39.9988;
33,Jogging,19023825,-5.7446,13.0933,16.6309;
33,Jogging,19074825,-4.9683,3.5498,14.2114;
33,Jogging,19125825,-1.9800,-2.4805,5.1562;
33,Jogging,19176825,2.3389,-0.4175,1.5845;
33,Jogging,19227825,-1.8188,-7.8076,-0.2686;
33,Jogging,19278825,-0.5420,-3.0664,-0.3491;
33,Jogging,19329825,2.2266,20.3174,39.9988;
33,Jogging,19380825,-0.2881,4.7974,5.7104;
33,Jogging,19431825,-14.4507,4.4434,11.0449;
33,Jogging,19482825,-2.7661,1.1743,17.7759;
33,Jogging,19533825,-0.8496,-2.1899,12.1753;
33,Jogging,19584825,12.8442,-8.0200,11.3940;
33,Jogging,19635825,-0.9399,-6.0840,4.6753;
33,Jogging,19686825,2.3511,-11.9238,4.1699;
33,Jogging,19737825,-5.2100,5.2441,28.0347;
33,Jogging,19788825,-5.2661,16.1841,27.1289;
33,Jogging,19839825,-6.3501,3.0811,10.2124;
33,Jogging,19890825,-0.8057,4.2358,8.8696;
33,Jogging,19941825,0.6641,1.1890,6.0840;
33,Jogging,19992825,1.4746,-12.0679,4.0625;
33,Jogging,20043825,-4.8047,-4.4312,1.3477;
33,Jogging,20094825,-3.2397,12.0581,27.3438;
33,Jogging,20145825,-4.1235,12.1851,14.7144;
33,Jogging,20196825,-3.4155,4.0674,5.8838;
33,Jogging,20247825,-2.8247,3.0469,24.4287;
33,Jogging,20298825,-3.4155,-0.3296,9.8364;
33,Jogging,20349825,12.1924,-5.7935,16.7847;
33,Jogging,20400825,1.2476,-5.2051,6.2427;
33,Jogging,20451825,-0.6494,-9.5337,4.8120;
33,Jogging,20502825,1.0278,-2.2827,15.8105;
33,Jogging,20553825,-8.7207,10.5762,30.8691;
33,Jogging,20604825,-7.1338,7.9785,15.1611;
33,Jogging,20655825,0.2881,5.2246,11.4063;
33,Jogging,20706825,-0.3149,2.6904,6.4526;
33,Jogging,20757825,1.5430,1.2695,3.5986;
33,Jogging,20808825,-3.5132,-3.4937,2.4731;
33,Jogging,20859825,-2.2827,-0.4370,2.4463;
33,Jogging,20910825,-1.3159,7.3462,29.2310;
33,Jogging,20961825,-1.8408,8.0835,15.5981;
33,Jogging,21012825,-0.7666,3.1519,13.0591;
33,Jogging,21063825,-6.2646,1.1816,16.7700;
33,Jogging,21114825,-1.6357,-3.1201,9.8584;
33,Jogging,21165825,5.1074,-2.7832,11.3843;
33,Jogging,21216825,1.5356,-5.8130,4.3726;
33,Jogging,21267825,0.4126,-8.8354,3.0981;
33,Jogging,21318825,-0.8716,-1.5820,18.8184;
33,Jogging,21369825,-5.3589,13.9966,31.5015;
33,Jogging,21420825,-2.6465,9.0967,13.8086;
33,Jogging,21471825,-1.4795,-0.1050,12.6978;
33,Jogging,21522825,-1.1279,2.9175,5.2856;
33,Jogging,21573825,2.9712,1.6479,1.9360;
33,Jogging,21624825,-6.6797,-8.2812,0.4810;
33,Jogging,21675825,-4.5557,-0.9717,7.2778;
33,Jogging,21726825,0.0391,10.0073,21.1450;
33,Jogging,21777825,-3.7109,9.1309,15.5127;
33,Jogging,21828826,-3.6792,2.3169,12.3169;
33,Jogging,21879825,-6.1694,0.7446,17.9541;
33,Jogging,21930825,-4.9072,-2.6611,8.3545;
33,Jogging,21981825,12.5977,-3.7109,16.3452;
33,Jogging,22032825,0.0928,-6.1865,4.9707;
33,Jogging,22083825,4.2676,-12.7246,3.1714;
33,Jogging,22134825,-0.8887,-2.4878,16.6650;
33,Jogging,22185825,-12.6392,9.8218,28.7256;
33,Jogging,22236825,-0.2783,9.1602,16.9043;
33,Jogging,22287825,-1.5918,5.1538,10.5835;
33,Jogging,22338825,-0.7544,2.6782,8.0396;
33,Jogging,22389825,2.9712,0.1270,5.2856;
33,Jogging,22440825,-4.0601,-7.0630,6.9482;
33,Jogging,22491825,-4.5776,-1.1328,3.7329;
33,Jogging,22542825,2.3682,6.5601,11.9702;
33,Jogging,22593825,-7.7344,9.3750,17.3242;
33,Jogging,22644825,-1.4209,5.0488,12.3438;
33,Jogging,22695825,-1.3550,3.3447,21.1255;
33,Jogging,22746825,-3.5840,-1.1621,14.5410;
33,Jogging,22797825,5.4810,-4.6216,11.1060;
33,Jogging,22848825,1.0474,-1.3281,8.7695;
33,Jogging,22899825,1.8091,-5.4492,3.8745;
33,Jogging,22950825,0.3735,-9.2358,2.7441;
33,Jogging,23001825,-4.1943,0.0195,25.1245;
33,Jogging,23052825,-7.9077,16.8311,26.7847;
33,Jogging,23103825,0.1855,0.9521,13.4253;
33,Jogging,23154825,-1.7139,1.5283,12.1216;
33,Jogging,23205825,0.3833,-0.1685,6.6089;
33,Jogging,23256825,0.9521,1.4136,4.1187;
33,Jogging,23307825,-4.1870,-9.2163,0.6519;
33,Jogging,23358825,-11.4819,-1.2476,1.1060;
33,Jogging,23409825,-4.2261,14.4092,28.6035;
33,Jogging,23460825,-7.6123,14.1455,10.3003;
33,Jogging,23511825,1.0425,4.0894,18.6792;
33,Jogging,23562825,-6.3208,-0.2344,21.0034;
33,Jogging,23613825,18.1714,-8.1494,18.6206;
33,Jogging,23664825,-2.8979,-1.0669,8.6621;
33,Jogging,23715825,4.7363,-4.7192,5.7422;
33,Jogging,23766825,0.2246,-8.0469,2.3755;
33,Jogging,23817825,-0.9155,0.0708,18.7817;
33,Jogging,23868825,-5.3906,8.2056,23.7036;
33,Jogging,23919825,-9.3359,4.6436,17.9321;
33,Jogging,23970825,1.3745,2.3364,13.2349;
33,Jogging,24021825,0.2661,0.7056,8.2593;
33,Jogging,24072825,0.4224,3.3545,3.1152;
33,Jogging,24123825,-5.5908,0.6592,-0.5835;
33,Jogging,24174825,-0.2051,-0.2954,1.5356;
33,Jogging,24225825,-1.2427,13.6084,39.9988;
33,Jogging,24276825,-0.0903,7.4097,12.9321;
33,Jogging,24327825,-3.6475,2.6587,16.7017;
33,Jogging,24378825,-4.0479,-2.2412,17.4780;
33,Jogging,24429825,15.6421,-3.0200,12.8491;
33,Jogging,24480825,0.5151,-0.3052,7.5146;
33,Jogging,24531825,2.1191,-7.6880,3.4692;
33,Jogging,24582825,-2.3437,-8.7671,13.3936;
33,Jogging,24633825,-6.1816,8.7964,33.4863;
33,Jogging,24684825,-4.9902,14.9487,21.1743;
33,Jogging,24735825,-2.9468,-1.0327,15.5249;
33,Jogging,24786825,0.3418,3.1860,7.6147;
33,Jogging,24837825,-2.0190,2.6733,1.3623;
33,Jogging,24888825,11.0449,1.3306,-1.5649;
33,Jogging,24939825,-1.7725,0.4858,-0.8350;
33,Jogging,24990825,-3.9233,5.1685,24.0479;
33,Jogging,25041825,-4.2993,9.4482,19.8193;
33,Jogging,25092825,-0.5444,2.8198,10.0415;
33,Jogging,25143825,-5.1880,1.3110,24.6118;
33,Jogging,25194825,5.1123,-1.5967,7.5317;
33,Jogging,25245825,-1.5796,-2.1973,10.9399;
33,Jogging,25296825,2.6489,-7.4048,5.1050;
33,Jogging,25347825,0.4004,-12.2168,1.0864;
33,Jogging,25398825,-1.3892,-4.0576,14.7827;
33,Jogging,25449825,-8.0078,10.0732,32.0874;
33,Jogging,25500825,-2.5342,8.3154,15.4004;
33,Jogging,25551825,0.2368,1.1646,15.1538;
33,Jogging,25602825,0.1733,0.7153,6.7944;
33,Jogging,25653825,-0.3003,4.1772,2.3047;
33,Jogging,25704825,0.1562,1.0132,-0.5420;
33,Jogging,25755825,-1.5454,-1.1914,-1.1743;
33,Jogging,25806825,-1.9360,5.6958,28.2397;
33,Jogging,25857825,-2.1899,10.6787,23.2715;
33,Jogging,25908825,-2.7246,1.8848,15.5859;
33,Jogging,25959825,-4.6240,-0.1074,19.0771;
33,Jogging,26010825,3.0225,0.3540,7.2217;
33,Jogging,26061825,-0.0708,-2.6929,8.2666;
33,Jogging,26112825,0.9277,-9.3237,3.4448;
33,Jogging,26163825,5.4224,-11.1938,6.6260;
33,Jogging,26214825,-5.0952,3.6426,19.7412;
33,Jogging,26265825,-5.0684,14.5044,31.0840;
33,Jogging,26316825,-3.5596,2.1118,13.8647;
33,Jogging,26367825,-0.7935,3.2690,12.7734;
33,Jogging,26418825,0.2148,2.1191,4.7803;
33,Jogging,26469825,4.6460,2.0361,1.5039;
33,Jogging,26520825,-8.6938,-9.8364,-1.9995;
33,Jogging,26571825,-2.2900,-0.9302,2.8003;
33,Jogging,26622825,-4.9976,10.8862,28.9185;
33,Jogging,26673825,1.4160,4.8682,8.2788;
33,Jogging,26724825,-4.9023,3.3740,20.2148;
33,Jogging,26775825,-2.5000,-0.2612,13.3667;
33,Jogging,26826825,14.9707,2.8687,15.7422;
33,Jogging,26877825,-1.3403,-2.4731,7.9272;
33,Jogging,26928825,-0.0317,-9.6533,2.0068;
33,Jogging,26979825,3.3374,-11.3599,4.4312;
33,Jogging,27030825,-6.7041,1.9238,26.7065;
33,Jogging,27081825,-2.9028,21.4697,35.4810;
33,Jogging,27132825,-4.7388,1.5894,13.6792;
33,Jogging,27183825,-2.4658,1.3599,13.9966;
33,Jogging,27234825,-1.1157,2.0215,5.5273;
33,Jogging,27285825,9.5117,0.7495,0.5884;
33,Jogging,27336825,-7.6685,-5.1709,-1.2134;
33,Jogging,27387825,-1.1230,-0.6860,1.6284;
33,Jogging,27438825,0.8887,3.3887,24.0869;
33,Jogging,27489825,-1.0522,6.3599,11.8652;
33,Jogging,27540825,-4.9878,4.5190,19.0356;
33,Jogging,27591825,-3.6816,0.8350,15.9082;
33,Jogging,27642825,9.3018,2.5195,11.4697;
33,Jogging,27693825,-3.3105,-0.4639,10.3320;
33,Jogging,27744825,3.1665,-7.6343,4.9512;
33,Jogging,27795825,3.0688,-14.3286,4.0894;
33,Jogging,27846825,-3.0322,-0.6567,16.0229;
33,Jogging,27897825,-7.0508,14.6143,35.3760;
33,Jogging,27948825,-9.1504,6.1841,13.8037;
33,Jogging,27999825,0.4150,3.8428,16.0962;
33,Jogging,28050825,2.1143,2.5342,5.8936;
33,Jogging,28101825,1.9507,3.0469,3.5596;
33,Jogging,28152825,1.9580,-4.6631,-1.3599;
33,Jogging,28203825,-4.0234,-3.4937,6.3428;
33,Jogging,28254825,-1.9189,3.1323,24.4238;
33,Jogging,28305825,-0.1611,10.9717,18.7354;
33,Jogging,28356825,-3.3179,3.2764,14.7070;
33,Jogging,28407825,-8.9185,0.1465,17.4268;
33,Jogging,28458825,-5.3687,0.6250,14.1797;
33,Jogging,28509825,16.6626,-5.7788,17.1680;
33,Jogging,28560825,-3.2007,-4.1919,4.9048;
33,Jogging,28611825,2.5562,-8.6548,1.5283;
33,Jogging,28662825,0.9131,-5.0317,21.2720;
33,Jogging,28713825,-3.0469,16.6333,30.3784;
33,Jogging,28764825,0.0977,10.0098,12.2559;
33,Jogging,28815825,-3.5303,-0.5200,18.1299;
33,Jogging,28866825,0.8618,0.6201,6.4209;
33,Jogging,28917825,-2.0654,1.8188,1.6455;
33,Jogging,28968825,1.1841,-5.8960,-0.3955;
33,Jogging,29019825,-6.6626,-7.3120,4.2334;
33,Jogging,29070825,-0.1367,3.1396,9.1211;
33,Jogging,29121825,-6.2085,19.9609,31.3330;
33,Jogging,29172825,-0.9766,1.0962,6.7969;
33,Jogging,29223825,-0.8789,3.6426,19.8926;
33,Jogging,29274825,-5.0415,0.3223,12.5708;
33,Jogging,29325825,6.9214,-3.5962,14.9756;
33,Jogging,29376825,-0.0757,-1.2183,9.2383;
33,Jogging,29427825,-3.1641,-10.0854,0.8008;
33,Jogging,29478825,-4.7217,-15.1758,7.0093;
33,Jogging,29529825,-2.8174,2.0459,18.0908;
33,Jogging,29580825,-10.2051,14.0283,30.4272;
33,Jogging,29631825,-0.9399,10.8008,16.3013;
33,Jogging,29682825,0.8057,5.3638,13.1299;
33,Jogging,29733825,0.2393,1.0083,5.9204;
33,Jogging,29784825,0.5835,-0.6592,4.9414;
33,Jogging,29835825,1.7993,-11.2988,3.3130;
33,Jogging,29886825,-2.5537,-3.3472,3.2129;
33,Jogging,29937825,-4.0234,5.1587,17.6147;
33,Jogging,29988825,3.6304,20.1440,23.8794;
33,Jogging,30039825,-2.5391,2.9834,19.3677;
33,Jogging,30090825,-2.9370,-8.1348,18.2397;
33,Jogging,30141825,1.8237,-0.1172,7.0776;
33,Jogging,30192825,2.1313,8.4985,9.9194;
33,Jogging,30243825,1.7529,-4.5361,6.7529;
33,Jogging,30294825,-0.0757,-13.9844,3.8550;
33,Jogging,30345825,-0.3296,-4.9268,18.6548;
33,Jogging,30396825,-8.2788,13.9380,36.4966;
33,Jogging,30447825,-12.4536,6.4600,18.2104;
33,Jogging,30498825,2.2095,5.0195,15.1660;
33,Jogging,30549825,-0.3174,3.5693,5.1270;
33,Jogging,30600825,-0.8984,3.9136,2.7173;
33,Jogging,30651825,7.5537,-1.0205,-3.1885;
33,Jogging,30702825,-8.5132,-6.3818,-6.7700;
33,Jogging,30753825,4.3237,0.2563,36.7725;
33,Jogging,30804825,0.7617,16.4038,25.9473;
33,Jogging,30855825,-1.2622,1.1890,11.7944;
33,Jogging,30906825,-9.0186,-3.9941,18.7817;
33,Jogging,30957825,13.1885,3.7207,13.6865;
33,Jogging,31008825,-7.6050,-1.4282,4.9414;
33,Jogging,31059825,0.9351,-5.7788,2.6123;
33,Jogging,31110825,4.2969,-10.6396,3.0811;
33,Jogging,31161825,-6.2402,-1.8579,18.6182;
33,Jogging,31212825,-5.0757,23.9722,39.9988;
33,Jogging,31263825,-0.6738,4.1968,11.2695;
33,Jogging,31314825,-1.8237,-0.2002,16.0059;
33,Jogging,31365825,1.0693,3.4229,3.9307;
33,Jogging,31416825,7.6782,2.2534,-1.6846;
33,Jogging,31467825,-1.8506,-6.2183,-1.3086;
33,Jogging,31518825,-2.7393,0.5103,7.3975;
33,Jogging,31569825,-3.6304,14.2749,21.4087;
33,Jogging,31620825,-4.4849,8.8892,7.1729;
33,Jogging,31671825,-3.9282,4.9902,22.6587;
33,Jogging,31722825,-2.9272,0.2832,14.6655;
33,Jogging,31773825,-2.0728,-0.1660,11.5112;
33,Jogging,31824825,1.9092,-4.6313,7.9712;
33,Jogging,31875825,0.7275,-8.7207,4.2187;
33,Jogging,31926825,4.0747,-11.6333,6.9946;
33,Jogging,31977825,-7.6514,9.0259,34.2065;
33,Jogging,32028825,-7.1338,21.1426,26.3721;
33,Jogging,32079825,-5.0757,4.1797,10.8374;
33,Jogging,32130825,-3.6377,-0.1514,8.8159;
33,Jogging,32181825,4.1650,-1.3843,4.6875;
33,Jogging,32232825,-3.4790,-6.8311,3.1177;
33,Jogging,32283825,-4.3726,-2.8052,4.1821;
33,Jogging,32334825,2.7246,1.2793,12.0166;
33,Jogging,32385825,-7.1411,17.8931,29.3652;
33,Jogging,32436825,-2.2290,4.2261,10.6567;
33,Jogging,32487825,-5.0684,1.6187,19.5996;
33,Jogging,32538825,8.4985,-3.7061,12.1899;
33,Jogging,32589825,-0.9375,0.4614,11.1963;
33,Jogging,32640825,1.0474,-4.2725,4.6826;
33,Jogging,32691825,-0.8813,-12.0532,1.3428;
33,Jogging,32742825,0.6299,-2.0532,15.1099;
33,Jogging,32793825,-9.6265,12.9639,30.2026;
33,Jogging,32844825,-2.9102,8.0127,14.3311;
33,Jogging,32895825,-1.1548,3.5059,13.0981;
33,Jogging,32946825,0.6665,1.2158,7.6294;
33,Jogging,32997825,1.5332,0.3027,4.1968;
33,Jogging,33048825,-1.2476,-4.8950,3.7231;
33,Jogging,33099825,-3.1104,-1.7432,3.2715;
33,Jogging,33150825,0.2563,3.5547,14.1309;
33,Jogging,33201825,-5.9912,14.7095,31.9922;
33,Jogging,33252825,1.6968,5.4883,9.4482;
33,Jogging,33303825,-4.3799,2.6050,19.2920;
33,Jogging,33354825,0.2954,-4.3506,10.4736;
33,Jogging,33405825,2.6172,-1.3013,11.6968;
33,Jogging,33456839,0.0928,-3.8281,4.9731;
33,Jogging,33507825,0.3687,-11.4502,1.3086;
33,Jogging,33558825,0.6006,-2.9199,18.0078;
33,Jogging,33609825,-7.4268,15.5151,30.7910;
33,Jogging,33660825,-4.6704,6.1475,10.8057;
33,Jogging,33711825,-2.5391,4.6582,11.9482;
33,Jogging,33762825,-0.7422,2.0996,6.9653;
33,Jogging,33813825,4.0527,0.0903,3.5864;
33,Jogging,33864825,-5.4468,-7.6709,3.7085;
33,Jogging,33915825,-4.4214,-1.6284,3.7354;
33,Jogging,33966825,2.7148,4.5557,14.5947;
33,Jogging,34017825,-7.8589,12.7832,31.4038;
33,Jogging,34068825,-2.9956,5.7886,13.1104;
33,Jogging,34119825,-3.9062,1.9922,16.7480;
33,Jogging,34170825,8.5132,-2.9102,12.6782;
33,Jogging,34221825,-1.5527,0.6860,12.6367;
33,Jogging,34272825,2.1191,-4.0039,4.7461;
33,Jogging,34323825,0.2246,-9.5044,0.0098;
33,Jogging,34374825,1.4233,-5.2344,17.0825;
33,Jogging,34425825,-4.5264,10.4053,27.4756;
33,Jogging,34476825,-6.2988,8.8892,13.2544;
33,Jogging,34527825,-2.8320,0.4419,13.9941;
33,Jogging,34578825,-0.3101,3.0054,9.1724;
33,Jogging,34629825,2.7295,-0.1074,5.1294;
33,Jogging,34680825,-5.4102,-0.5298,2.0117;
33,Jogging,34731825,-2.3755,0.2222,4.3018;
33,Jogging,34782825,5.5591,6.3599,20.8398;
33,Jogging,34833825,-5.0562,12.3950,23.9990;
33,Jogging,34884825,-3.9917,3.6401,13.4741;
33,Jogging,34935825,-7.4536,2.2974,17.2754;
33,Jogging,34986825,1.3330,-1.6748,8.3350;
33,Jogging,35037825,0.6836,-4.0942,11.0889;
33,Jogging,35088825,0.4858,-3.8379,4.5972;
33,Jogging,35139825,-0.2173,-11.8506,-0.5225;
33,Jogging,35190825,-1.2622,-4.4312,15.7690;
33,Jogging,35241825,-5.6738,18.6133,36.2109;
33,Jogging,35292825,-5.5591,5.9863,12.3389;
33,Jogging,35343825,-1.7725,0.2246,13.7842;
33,Jogging,35394825,0.1245,2.5220,5.9766;
33,Jogging,35445825,0.4980,1.2524,3.5229;
33,Jogging,35496825,-1.6382,-1.3086,1.3867;
33,Jogging,35547825,-2.0947,0.0171,3.4912;
33,Jogging,35598825,-0.0293,8.9697,32.1851;
33,Jogging,35649825,-1.0229,13.0127,17.4463;
33,Jogging,35700825,-4.5142,2.7686,15.5176;
33,Jogging,35751825,-6.5649,0.3076,17.7197;
33,Jogging,35802825,-0.6201,-1.6089,9.9609;
33,Jogging,35853825,9.6973,-3.1104,12.3193;
33,Jogging,35904825,-3.5767,-9.8071,1.4087;
33,Jogging,35955825,7.6733,-17.1655,-0.0195;
33,Jogging,36006825,-3.3228,0.9424,22.8931;
33,Jogging,36057825,-1.9800,18.5449,28.2764;
33,Jogging,36108825,-4.9023,9.3823,11.1670;
33,Jogging,36159825,-3.1299,3.5156,10.6689;
33,Jogging,36210825,0.0879,-0.4297,7.6685;
33,Jogging,36261825,3.8574,-6.5063,7.4268;
33,Jogging,36312825,-6.2427,-6.2622,6.8774;
33,Jogging,36363825,7.4585,2.8735,13.2544;
33,Jogging,36414825,-2.8589,7.1533,17.3706;
33,Jogging,36465825,-5.6006,8.7573,11.8726;
33,Jogging,36516825,-3.0908,3.9111,15.1514;
33,Jogging,36567825,-2.5513,1.0840,13.3179;
33,Jogging,36618825,3.0811,3.0566,14.9023;
33,Jogging,36669825,-0.3296,-2.0679,8.2324;
33,Jogging,36720825,0.1660,-8.0298,2.8687;
33,Jogging,36771825,6.3892,-18.4009,7.9565;
33,Jogging,36822825,-5.6299,1.3452,25.7422;
33,Jogging,36873825,-13.1592,20.2271,38.0396;
33,Jogging,36924825,-2.8760,6.8604,7.9224;
33,Jogging,36975825,-2.9517,1.4307,11.2939;
33,Jogging,37026825,1.9238,1.0547,7.3267;
33,Jogging,37077825,17.7808,-3.0273,7.6318;
33,Jogging,37128825,-9.1284,-11.8945,4.6606;
33,Jogging,37179825,-2.5342,3.0518,8.4814;
33,Jogging,37230825,-2.6440,12.3779,23.7061;
33,Jogging,37281825,0.4858,10.4883,8.2959;
33,Jogging,37332825,-3.4521,2.4292,18.4839;
33,Jogging,37383825,-2.9590,-1.4893,15.9766;
33,Jogging,37434825,7.7344,-5.9424,11.1743;
33,Jogging,37485825,-0.4614,-0.9595,6.8530;
33,Jogging,37536825,1.7383,-6.8335,4.0332;
33,Jogging,37587825,2.5366,-12.8101,8.0737;
33,Jogging,37638825,-5.2661,6.9116,25.9497;
33,Jogging,37689825,-13.3691,20.2539,38.3618;
33,Jogging,37740825,-4.0796,4.6362,10.1514;
33,Jogging,37791825,-1.0571,1.8359,10.1196;
33,Jogging,37842825,1.9482,1.9385,5.9326;
33,Jogging,37893825,23.7524,2.7197,4.7754;
33,Jogging,37944825,-11.8994,-16.2451,6.3184;
33,Jogging,37995825,-5.5444,7.9272,21.4600;
33,Jogging,38046825,0.6885,7.4268,17.3706;
33,Jogging,38097825,-2.5122,9.9878,12.4634;
33,Jogging,38148825,-8.4644,0.6250,18.3301;
33,Jogging,38199825,-2.8003,-1.8018,12.8149;
33,Jogging,38250825,13.6890,-1.4233,12.7441;
33,Jogging,38301825,-2.2192,-1.5234,7.4146;
33,Jogging,38352825,1.1523,-6.2549,4.5581;
33,Jogging,38403825,1.3257,-10.7227,10.0684;
33,Jogging,38454825,-8.8086,5.2466,32.9541;
33,Jogging,38505825,-2.6099,19.0747,29.0112;
33,Jogging,38556825,-6.4307,3.0640,10.5322;
33,Jogging,38607825,-0.4980,-1.6260,11.6504;
33,Jogging,38658825,0.2051,3.2300,4.0576;
33,Jogging,38709825,9.2236,2.2363,-0.3369;
33,Jogging,38760825,-4.3677,-1.7993,-2.0947;
33,Jogging,38811825,-2.3169,0.4810,5.8398;
33,Jogging,38862825,-4.9951,11.2305,23.6865;
33,Jogging,38913825,0.2295,2.3975,7.0996;
33,Jogging,38964825,-8.1592,2.7295,21.4502;
33,Jogging,39015825,-1.7944,-0.2075,10.9546;
33,Jogging,39066825,18.7939,-1.2793,18.3081;
33,Jogging,39117825,-1.5576,-0.3784,6.7822;
33,Jogging,39168825,0.7080,-7.5122,4.0063;
33,Jogging,39219825,7.0850,-18.5498,13.3472;
33,Jogging,39270825,-6.2305,3.7036,27.4854;
33,Jogging,39321825,-5.7568,20.4370,30.2246;
33,Jogging,39372825,-5.7178,5.6470,9.3579;
33,Jogging,39423825,-0.9204,0.4980,10.7910;
33,Jogging,39474825,1.3281,1.4014,6.2622;
33,Jogging,39525825,9.8071,-3.3838,4.5752;
33,Jogging,39576825,-6.3867,-7.5562,5.5640;
33,Jogging,39627825,-2.4146,2.0093,7.1851;
33,Jogging,39678825,-3.9868,10.8423,29.2847;
33,Jogging,39729825,4.4092,4.4507,8.3423;
33,Jogging,39780825,-8.2910,2.8418,17.4463;
33,Jogging,39831825,-1.8896,-0.5200,13.0591;
33,Jogging,39882825,19.6997,-1.1938,21.3159;
33,Jogging,39933825,-0.5933,-2.1265,6.7529;
33,Jogging,39984825,-0.3052,-9.1553,1.3037;
33,Jogging,40035825,3.8818,-10.8032,8.6523;
33,Jogging,40086825,-6.5112,7.3291,33.7134;
33,Jogging,40137825,-5.7788,20.8032,35.8472;
33,Jogging,40188825,-6.8164,-0.1636,13.7134;
33,Jogging,40239825,-1.3330,2.2754,11.3989;
33,Jogging,40290825,-0.1807,1.8457,6.2378;
33,Jogging,40341825,13.7329,0.6348,0.0806;
33,Jogging,40392825,-4.2749,-7.0215,-0.1953;
33,Jogging,40443825,-2.5781,0.2124,5.1831;
33,Jogging,40494825,-1.9238,7.7637,25.5981;
33,Jogging,40545825,-1.1353,5.9790,7.8296;
33,Jogging,40596825,-3.2031,4.2139,21.3159;
33,Jogging,40647825,-3.0493,-0.8301,15.2100;
33,Jogging,40698825,14.3188,3.5986,16.5601;
33,Jogging,40749825,-1.8140,-1.3794,9.4971;
33,Jogging,40800825,1.5063,-6.6089,3.3521;
33,Jogging,40851825,3.2153,-12.1045,3.5425;
33,Jogging,40902825,-4.0820,1.2866,21.9580;
33,Jogging,40953825,-6.1719,14.0283,28.5840;
33,Jogging,41004825,-5.2734,7.6929,14.2505;
33,Jogging,41055825,-0.7202,2.1973,12.9077;
33,Jogging,41106825,0.8350,1.6821,8.4082;
33,Jogging,41157825,1.0547,1.1987,2.6782;
33,Jogging,41208825,-3.5303,-1.1182,1.5039;
33,Jogging,41259825,-1.8848,0.5566,3.4473;
33,Jogging,41310825,2.1655,7.6196,30.2515;
33,Jogging,41361825,-4.0747,8.6621,19.2334;
33,Jogging,41412825,-0.2954,0.6543,8.8892;
33,Jogging,41463825,-7.4658,3.3228,21.8604;
33,Jogging,41514825,2.7979,-1.5161,9.5508;
33,Jogging,41565825,-2.6880,1.1597,10.3516;
33,Jogging,41616825,1.9971,-3.4766,5.3345;
33,Jogging,41667825,-0.1416,-10.4370,3.0347;
33,Jogging,41718825,-0.8838,-4.6973,20.4443;
33,Jogging,41769825,-5.2808,11.7798,29.4678;
33,Jogging,41820825,-8.1226,10.9912,14.5093;
33,Jogging,41871825,0.8252,-0.1440,12.7124;
33,Jogging,41922825,1.4282,3.3862,6.3110;
33,Jogging,41973825,1.3647,1.1523,0.7373;
33,Jogging,42024825,-4.5312,-0.3687,-0.9912;
33,Jogging,42075825,-0.6030,-1.5332,3.9648;
33,Jogging,42126825,-7.6709,8.8623,39.9988;
33,Jogging,42177825,7.3315,9.2749,10.6616;
33,Jogging,42228825,-7.9150,3.7769,16.6113;
33,Jogging,42279825,-3.0444,1.4453,14.0674;
33,Jogging,42330825,2.5659,-1.7944,6.7480;
33,Jogging,42381825,-0.1367,1.0645,9.0747;
33,Jogging,42432825,0.8374,-3.9404,3.8208;
33,Jogging,42483825,-1.1279,-11.0742,3.9746;
33,Jogging,42534825,1.4404,-2.8052,18.9355;
33,Jogging,42585825,-5.5908,15.9204,37.5464;
33,Jogging,42636825,-2.6196,9.9097,11.8726;
33,Jogging,42687825,-2.2998,0.4175,14.6313;
33,Jogging,42738825,1.2573,2.5708,6.1011;
33,Jogging,42789825,1.1694,1.7749,1.2622;
33,Jogging,42840825,-5.3223,-5.8691,0.5005;
33,Jogging,42891825,-1.9751,-1.2573,8.5181;
33,Jogging,42942825,3.3423,7.5000,19.0356;
33,Jogging,42993825,-1.7236,10.9204,18.9697;
33,Jogging,43044825,-5.9644,3.8623,14.6777;
33,Jogging,43095825,-4.9194,0.8398,14.6582;
33,Jogging,43146825,-2.7905,-0.7104,10.1343;
33,Jogging,43197825,5.4980,2.4683,11.9629;
33,Jogging,43248825,0.9131,-4.4043,7.3584;
33,Jogging,43299825,1.3623,-8.9331,2.6294;
33,Jogging,43350825,0.3320,-6.9482,12.2266;
33,Jogging,43401825,6.0425,17.1387,35.2026;
33,Jogging,43452825,-6.8628,19.3677,21.5308;
33,Jogging,43503825,-6.7627,4.0454,13.9966;
33,Jogging,43554825,-0.7422,-3.1543,9.5752;
33,Jogging,43605825,0.7568,1.0229,5.9595;
33,Jogging,43656825,2.8369,-1.8604,0.9082;
33,Jogging,43707825,-4.6753,-6.2500,4.2603;
33,Jogging,43758825,9.6826,0.2148,14.4409;
33,Jogging,43809825,-3.5059,16.3184,39.9988;
33,Jogging,43860825,-0.9839,6.1816,7.1899;
33,Jogging,43911825,-5.8984,3.3081,17.8906;
33,Jogging,43962825,-3.6353,0.9766,12.4756;
33,Jogging,44013825,-0.9204,-0.5542,7.0703;
33,Jogging,44064825,0.5591,0.3369,9.9219;
33,Jogging,44115825,-2.9956,-7.1606,3.2471;
33,Jogging,44166825,6.6602,-22.1606,2.3926;
33,Jogging,44217825,-0.9448,0.4956,17.9126;
33,Jogging,44268825,-11.3403,20.1318,34.6899;
33,Jogging,44319825,-0.5835,4.5923,9.1089;
33,Jogging,44370825,1.0083,5.0317,10.9082;
33,Jogging,44421825,1.2817,0.6226,5.9253;
33,Jogging,44472825,7.4585,-4.6191,3.8672;
33,Jogging,44523825,-10.3369,-14.2383,2.2339;
33,Jogging,44574825,3.0298,1.4722,12.2192;
33,Jogging,44625825,-2.3413,10.2612,26.0693;
33,Jogging,44676825,-7.9639,8.1128,7.2534;
33,Jogging,44727825,-2.5293,1.3354,17.4414;
33,Jogging,44778825,-1.7993,-2.6025,9.7412;
33,Jogging,44829825,1.0864,-2.3975,6.9189;
33,Jogging,44880825,1.3086,-0.2344,7.8394;
33,Jogging,44931825,2.7173,-5.8984,3.5742;
33,Jogging,44982825,-1.4087,-8.1714,11.5454;
33,Jogging,45033825,-8.6694,1.8774,37.6685;
33,Jogging,45084825,-13.9966,5.1099,18.2520;
33,Jogging,45135825,5.7520,1.9775,15.4883;
33,Jogging,45186825,0.0342,0.7861,12.3999;
33,Jogging,45237825,0.4004,1.9360,6.5576;
33,Jogging,45288825,1.0693,3.9868,0.8423;
33,Jogging,45339825,-4.1943,2.2095,1.2134;
33,Jogging,45390825,2.9858,1.8677,9.4092;
33,Jogging,45441825,-1.6724,6.8408,28.7207;
33,Jogging,45492825,1.3892,3.8965,10.7275;
33,Jogging,45543825,-5.3516,4.1724,18.7695;
33,Jogging,45594825,-4.5532,-0.8618,14.0405;
33,Jogging,45645825,3.8989,0.0488,12.3267;
33,Jogging,45696825,-7.1729,-2.2192,8.4253;
33,Jogging,45747825,3.6353,-5.0391,3.2520;
33,Jogging,45798825,1.4722,-7.7246,4.1553;
33,Jogging,45849825,-6.3208,-3.8721,18.2373;
33,Jogging,45900825,-2.9663,7.9175,22.5146;
33,Jogging,45951825,-7.4048,16.2207,20.4370;
33,Jogging,46002825,-0.3687,-5.2075,15.8423;
33,Jogging,46053825,2.4658,0.9253,12.0264;
33,Jogging,46104825,-1.8750,4.9878,2.0190;
33,Jogging,46155825,3.3203,0.2783,-2.9883;
33,Jogging,46206825,-3.7354,-1.0522,-3.3081;
33,Jogging,46257825,0.1953,1.2134,7.5562;
33,Jogging,46308825,-0.5713,14.2700,30.4272;
33,Jogging,46359825,-1.5747,3.2739,12.4292;
33,Jogging,46410832,-6.9946,0.7324,18.4399;
33,Jogging,46461825,-2.7588,-1.5967,10.5835;
33,Jogging,46512825,11.6040,1.6211,15.4175;
33,Jogging,46563825,-1.0815,-2.9712,5.8228;
33,Jogging,46614825,1.3257,-11.5015,3.0591;
33,Jogging,46665825,-0.3369,-9.0112,15.7251;
33,Jogging,46716825,-6.1475,8.4277,26.5137;
33,Jogging,46767825,-1.1182,19.4336,30.2026;
33,Jogging,46818825,-5.5029,5.3735,11.8481;
33,Jogging,46869825,0.8032,0.0513,10.4199;
33,Jogging,46920825,-0.7715,2.7759,3.6084;
33,Jogging,46971825,5.4272,1.0962,0.7031;
33,Jogging,47022825,-3.4106,-6.4990,0.7739;
33,Jogging,47073825,-5.0269,0.9399,12.7441;
33,Jogging,47124825,-2.5269,7.3877,24.1870;
33,Jogging,47175825,2.7051,2.4976,6.7896;
33,Jogging,47226825,-7.0996,3.9844,17.3657;
33,Jogging,47277825,-2.8320,1.3184,10.8032;
33,Jogging,47328825,4.3311,1.2720,12.7612;
33,Jogging,47379825,0.3101,-3.6646,8.1201;
33,Jogging,47430825,-2.5098,-11.8066,1.7407;
33,Jogging,47481825,4.4312,-10.2026,12.0288;
33,Jogging,47532825,-8.9111,6.4233,31.7114;
33,Jogging,47583825,-5.4565,19.1968,25.1367;
33,Jogging,47634825,-4.1968,4.3066,11.5308;
33,Jogging,47685825,-0.0220,2.6221,10.7104;
33,Jogging,47736825,1.2939,1.6479,6.1426;
33,Jogging,47787825,8.4839,-6.7480,6.4917;
33,Jogging,47838825,-7.6172,-10.6128,7.4072;
33,Jogging,47889825,1.9165,3.4399,13.2227;
33,Jogging,47940825,-0.9570,7.9639,19.1284;
33,Jogging,47991825,0.7959,4.5532,12.1289;
33,Jogging,48042825,-4.0063,5.7104,17.8687;
33,Jogging,48093825,-1.6284,-1.0010,12.2437;
33,Jogging,48144825,8.6475,-2.2632,12.3535;
33,Jogging,48195825,2.7686,0.7642,7.5586;
33,Jogging,48246825,0.9570,-6.2500,5.1538;
33,Jogging,48297825,-0.1465,-11.5479,10.8667;
33,Jogging,48348825,-5.0366,5.2588,28.4644;
33,Jogging,48399825,-5.3540,16.9702,29.7266;
33,Jogging,48450825,-6.8115,1.7944,11.0938;
33,Jogging,48501825,-0.2246,-0.1587,12.3950;
33,Jogging,48552825,1.0986,1.8115,5.4492;
33,Jogging,48603825,10.1318,1.7310,0.7300;
33,Jogging,48654825,-8.5645,-10.6616,2.4927;
33,Jogging,48705825,-1.1060,4.4287,13.4692;
33,Jogging,48756825,0.8594,20.2051,32.2046;
33,Jogging,48807825,-2.8101,5.0317,9.8389;
33,Jogging,48858825,-4.7095,2.6489,20.4565;
33,Jogging,48909825,-1.6968,-0.4980,11.3281;
33,Jogging,48960825,4.5435,-1.2280,11.1255;
33,Jogging,49011825,0.4834,-3.3936,5.7837;
33,Jogging,49062825,-0.1440,-11.6479,0.1050;
33,Jogging,49113825,-2.4316,-6.2256,22.2119;
33,Jogging,49164825,-5.5005,10.2490,23.2910;
33,Jogging,49215825,-5.3003,15.8252,17.7563;
33,Jogging,49266825,-6.1450,-0.4370,12.0850;
33,Jogging,49317825,0.7935,0.4565,9.0161;
33,Jogging,49368825,0.2808,1.9678,1.5552;
33,Jogging,49419825,-4.7095,0.9595,0.9375;
33,Jogging,49470825,-1.0278,0.3735,4.2334;
33,Jogging,49521825,-0.0146,6.9214,32.2144;
33,Jogging,49572825,2.6270,3.1421,15.6641;
33,Jogging,49623825,-5.3760,4.4995,12.1094;
33,Jogging,49674825,-1.8555,3.9478,18.1543;
33,Jogging,49725825,3.5864,-3.3984,9.4019;
33,Jogging,49776825,-0.5859,-0.4761,12.6001;
33,Jogging,49827825,-1.7700,-6.1621,3.6182;
33,Jogging,49878825,4.5679,-16.4941,-1.4795;
33,Jogging,49929825,-4.8486,1.0547,28.1982;
33,Jogging,49980825,-6.0547,20.1343,35.0317;
33,Jogging,50031825,-2.8955,10.8789,10.1611;
33,Jogging,50082825,-5.4663,4.4189,9.3164;
33,Jogging,50133825,2.1777,-1.4258,8.4424;
33,Jogging,50184825,7.4170,-2.6807,1.6626;
33,Jogging,50235825,-5.5273,-6.9287,4.3628;
33,Jogging,50286825,-6.8701,-0.5664,4.3408;
33,Jogging,50337825,-3.9697,8.8989,20.5591;
33,Jogging,50388825,5.6592,7.3364,7.7661;
33,Jogging,50439825,-7.3022,4.9658,13.0786;
33,Jogging,50490825,-2.8198,1.3477,15.7861;
33,Jogging,50541825,6.2085,-1.6455,8.1470;
33,Jogging,50592825,-0.4761,-1.1108,9.4214;
33,Jogging,50643825,1.5283,-6.1914,4.2261;
33,Jogging,50694825,0.2246,-7.9175,4.8242;
33,Jogging,50745825,-2.0898,1.0059,23.4814;
33,Jogging,50796825,-9.5703,16.7529,33.1445;
33,Jogging,50847825,-5.0220,3.7842,9.6631;
33,Jogging,50898825,1.9409,3.3643,11.6382;
33,Jogging,50949825,0.7739,2.4585,3.9941;
33,Jogging,51000825,1.5015,1.1353,-0.0537;
33,Jogging,51051825,-3.4302,-2.4902,-0.1685;
33,Jogging,51102825,-2.5464,-0.4126,6.4990;
33,Jogging,51153825,-2.8979,10.7422,21.7041;
33,Jogging,51204825,-1.3525,3.3984,10.5176;
33,Jogging,51255825,-3.5229,-0.6421,22.0898;
33,Jogging,51306825,4.9780,-0.1514,9.4946;
33,Jogging,51357825,-0.8667,3.6792,7.4316;
33,Jogging,51408825,2.3853,1.4648,8.6011;
33,Jogging,51459825,1.9946,-9.8169,5.6763;
33,Jogging,51510825,1.1157,-13.1226,8.7720;
33,Jogging,51561825,-7.9395,7.2607,29.3604;
33,Jogging,51612825,-1.8213,19.8438,27.0923;
33,Jogging,51663825,-5.1099,2.3437,11.3843;
33,Jogging,51714825,1.1133,0.9497,10.7446;
33,Jogging,51765825,-0.3687,3.1006,3.9600;
33,Jogging,51816825,2.9907,0.2686,-1.7847;
33,Jogging,51867825,-1.5698,-1.0693,-1.7334;
33,Jogging,51918825,-0.4541,0.8838,4.6582;
33,Jogging,51969825,-4.2090,17.5171,39.9316;
33,Jogging,52020825,-0.5713,4.0088,5.2075;
33,Jogging,52071825,-3.3911,6.2500,20.2588;
33,Jogging,52122825,5.9277,-5.8008,11.5527;
33,Jogging,52173825,0.0342,1.4771,12.3145;
33,Jogging,52224825,2.1753,-4.2310,5.4907;
33,Jogging,52275825,-1.6895,-10.6689,2.3437;
33,Jogging,52326825,1.8188,-3.4229,18.2813;
33,Jogging,52377825,-7.2534,13.2495,29.6729;
33,Jogging,52428825,-4.7412,9.8389,12.8564;
33,Jogging,52479825,-4.0356,4.6777,12.8882;
33,Jogging,52530825,0.1465,3.4717,8.2642;
33,Jogging,52581825,2.3828,0.3027,4.9927;
33,Jogging,52632825,0.0513,-3.1250,3.8574;
33,Jogging,52683825,-2.9126,-1.1157,4.0869;
33,Jogging,52734825,1.5747,4.1040,10.3003;
33,Jogging,52785825,-6.4746,17.8564,39.9988;
33,Jogging,52836825,0.8447,4.0137,7.8149;
33,Jogging,52887825,-12.4463,2.7026,20.8618;
33,Jogging,52938825,-4.0771,0.0244,11.3428;
33,Jogging,52989825,15.5054,-1.5625,15.8496;
33,Jogging,53040825,-1.1426,-3.2397,5.5029;
33,Jogging,53091825,-0.7373,-9.9609,0.1123;
33,Jogging,53142825,0.4590,-5.4175,19.9243;
33,Jogging,53193825,-3.7720,10.3394,29.9902;
33,Jogging,53244825,-5.6934,13.2837,16.4380;
33,Jogging,53295825,-6.2183,3.3740,11.2695;
33,Jogging,53346825,-0.5518,0.8203,8.2397;
33,Jogging,53397825,3.2715,-0.3735,3.0835;
33,Jogging,53448825,-2.2412,-4.2798,2.8442;
33,Jogging,53499843,-5.1343,-0.2563,1.5796;
33,Jogging,53550825,0.0732,5.4907,18.4790;
33,Jogging,53601825,1.3867,18.5962,25.0586;
33,Jogging,53652825,-2.2412,3.7744,13.1934;
33,Jogging,53703825,-4.6582,-0.5762,20.7446;
33,Jogging,53754825,-2.7368,-1.1914,10.6201;
33,Jogging,53805825,14.0088,2.4512,18.5498;
33,Jogging,53856825,-1.0962,-5.1343,7.8223;
33,Jogging,53907825,2.0093,-10.7031,2.5220;
33,Jogging,53958825,0.3687,-6.0620,7.3755;
33,Jogging,54009825,-6.9580,3.2227,34.6436;
33,Jogging,54060825,-11.6577,18.6060,26.4429;
33,Jogging,54111825,-2.1973,8.4888,11.7212;
33,Jogging,54162825,0.6958,1.6284,14.3921;
33,Jogging,54213825,2.0117,1.4575,8.9526;
33,Jogging,54264825,1.0791,-0.6372,0.9106;
33,Jogging,54315825,-3.3057,-4.1187,0.7324;
33,Jogging,54366825,-9.8584,-3.2959,8.9893;
33,Jogging,54417825,4.3872,10.0659,16.3501;
33,Jogging,54468825,-8.3154,7.7515,18.4570;
33,Jogging,54519825,-4.1016,3.5425,17.6514;
33,Jogging,54570825,-2.6318,0.3931,14.2480;
33,Jogging,54621825,4.5288,-0.4980,9.4897;
33,Jogging,54672825,-2.7417,0.0903,8.9502;
33,Jogging,54723825,2.0996,-4.6558,4.4800;
33,Jogging,54774825,2.3535,-7.0850,4.1602;
33,Jogging,54825825,-4.1895,-1.9019,20.2783;
33,Jogging,54876825,-3.7207,14.9170,27.2705;
33,Jogging,54927825,-2.8589,11.1304,14.8047;
33,Jogging,54978825,-6.0889,1.0181,13.6768;
33,Jogging,55029825,3.3789,1.5088,6.5942;
33,Jogging,55080825,4.7656,4.9072,1.5894;
33,Jogging,55131825,-4.4238,1.0303,-0.4199;
33,Jogging,55182825,-0.6299,-1.7651,2.3584;
33,Jogging,55233825,-3.4204,8.9209,39.9988;
33,Jogging,55284825,3.9038,6.5967,6.1694;
33,Jogging,55335825,-3.6963,6.2866,17.5244;
33,Jogging,55386825,-4.6387,1.6968,14.7046;
33,Jogging,55437825,-0.4126,-2.1924,9.9438;
33,Jogging,55488825,9.2871,-1.2036,11.7847;
33,Jogging,55539825,-0.2563,-4.5972,3.6084;
33,Jogging,55590825,0.9082,-8.0908,4.4360;
33,Jogging,55641825,-1.5063,0.9766,21.8896;
33,Jogging,55692825,-2.8760,14.4141,25.2979;
33,Jogging,55743825,-1.9336,8.6890,14.1187;
33,Jogging,55794825,-3.0884,-0.1538,14.0771;
33,Jogging,55845825,-0.4883,3.3447,5.9741;
33,Jogging,55896825,2.0972,0.3906,0.3247;
33,Jogging,55947825,-0.0317,-1.6870,-0.5444;
33,Jogging,55998825,7.6562,-3.6987,29.1040;
33,Jogging,56049825,-0.9595,6.1670,15.7153;
33,Jogging,56100839,-9.6045,11.3574,11.8872;
33,Jogging,56151825,-0.3467,3.7524,14.8437;
33,Jogging,56202825,-2.0361,-0.5493,12.9883;
33,Jogging,56253825,6.9507,3.9917,9.3506;
33,Jogging,56304825,-0.2588,-1.7139,8.1665;
33,Jogging,56355825,1.1450,-7.9126,4.0845;
33,Jogging,56406825,0.5615,-12.3535,6.1914;
33,Jogging,56457825,1.7383,11.1865,28.4131;
33,Jogging,56508825,-1.4038,21.5503,30.6201;
33,Jogging,56559825,-4.7510,4.7827,14.9902;
33,Jogging,56610825,-0.6104,-0.9863,11.6504;
33,Jogging,56661825,-1.1377,2.6978,4.4556;
33,Jogging,56712825,2.7368,-0.1367,1.4624;
33,Jogging,56763825,-3.1006,-6.4380,0.8228;
33,Jogging,56814825,14.6655,-7.8052,13.9526;
33,Jogging,56865825,1.8384,12.1558,36.9897;
33,Jogging,56916825,-0.7007,5.9888,12.0239;
33,Jogging,56967825,-5.0195,1.8286,12.5488;
33,Jogging,57018825,-4.1406,1.9897,15.1416;
33,Jogging,57069825,3.1177,-1.3184,6.9287;
33,Jogging,57120825,7.1387,0.4224,10.8521;
33,Jogging,57171825,-2.8735,-8.1787,0.9595;
33,Jogging,57222825,8.6914,-9.7485,12.7881;
33,Jogging,57273825,-2.9956,14.0063,39.9988;
33,Jogging,57324825,-6.2427,17.1851,16.7603;
33,Jogging,57375825,-2.9102,1.0156,10.7031;
33,Jogging,57426825,-0.5005,2.1216,8.8672;
33,Jogging,57477825,2.3950,-1.7603,6.7725;
33,Jogging,57528825,2.2754,-17.0825,8.2568;
33,Jogging,57579825,-7.6562,-5.5298,1.9897;
33,Jogging,57630825,1.0571,4.1064,14.3970;
33,Jogging,57681825,-12.6733,24.4702,31.7261;
33,Jogging,57732825,2.6611,1.7480,11.3208;
33,Jogging,57783825,-5.1709,1.3086,18.6890;
33,Jogging,57834825,-0.7056,-2.5391,9.7095;
33,Jogging,57885825,5.5420,-2.0728,12.3706;
33,Jogging,57936825,1.8530,-0.8325,6.2427;
33,Jogging,57987825,2.0459,-5.3638,3.8086;
33,Jogging,58038825,-2.1631,-5.8667,9.7070;
33,Jogging,58089825,-8.8477,2.7197,29.5239;
33,Jogging,58140825,-4.7461,14.6265,21.2061;
33,Jogging,58191825,1.5845,4.5264,11.9165;
33,Jogging,58242825,1.7700,0.8813,12.4390;
33,Jogging,58293825,1.9556,0.3369,6.9067;
33,Jogging,58344825,4.2749,-0.2148,0.9033;
33,Jogging,58395825,-3.8306,-2.9272,5.1270;
33,Jogging,58446825,7.7979,2.8174,19.4238;
33,Jogging,58497825,-1.0645,5.3809,21.0767;
33,Jogging,58548825,-3.4497,1.6040,13.3667;
33,Jogging,58599825,-13.3887,2.0972,12.3657;
33,Jogging,58650825,-4.8706,6.1279,11.1499;
33,Jogging,58701825,15.0439,5.1733,23.2495;
33,Jogging,58752825,3.3618,-2.6172,10.1807;
33,Jogging,58803825,3.2886,-9.0015,5.9180;
33,Jogging,58854825,-1.5576,-10.6128,18.1152;
33,Jogging,58905825,-3.5278,2.8125,22.1460;
33,Jogging,58956825,-9.8730,18.7622,25.7495;
33,Jogging,59007825,-8.1641,6.2598,10.6323;
33,Jogging,59058825,5.9277,3.3618,12.5366;
33,Jogging,59109825,1.8140,3.2300,5.0732;
33,Jogging,59160825,-0.4639,2.9224,0.8667;
33,Jogging,59211825,-2.4536,-1.8237,0.2563;
33,Jogging,59262825,-1.5356,0.5127,6.9189;
33,Jogging,59313825,3.9160,5.6445,12.7686;
33,Jogging,59364825,-0.2466,8.3179,15.7788;
33,Jogging,59415825,-16.9678,2.9761,13.0713;
33,Jogging,59466825,-1.3208,2.4512,12.4292;
33,Jogging,59517825,4.0088,-0.2319,8.4131;
33,Jogging,59568825,0.8301,0.9375,10.7495;
33,Jogging,59619825,0.5249,-6.9043,5.3149;
33,Jogging,59670825,5.2002,-14.8071,6.7041;
33,Jogging,59721825,-2.7344,1.0620,24.3433;
33,Jogging,59772825,-6.2378,19.7681,30.5469;
33,Jogging,59823825,-3.2983,7.8076,8.8672;
33,Jogging,59874825,-1.2915,2.6099,11.2158;
33,Jogging,59925825,2.4268,1.2939,7.6733;
33,Jogging,59976821,4.4580,-0.5054,1.5674;
33,Jogging,60027825,-7.9175,-9.0234,4.6533;
33,Jogging,60078825,0.3223,-2.9492,11.1108;
33,Jogging,60129825,2.2998,6.5063,24.0454;
33,Jogging,60180825,0.1978,5.1587,12.7783;
33,Jogging,60231825,-5.2637,3.3838,16.1401;
33,Jogging,60282825,-3.3838,1.3477,12.5513;
33,Jogging,60333825,1.0889,-1.7651,7.7295;
33,Jogging,60384825,7.9565,3.9502,14.0356;
33,Jogging,60435825,1.6187,-6.3818,5.3711;
33,Jogging,60486825,0.9619,-10.7178,7.1313;
33,Jogging,60537825,-1.0205,5.5762,25.0757;
33,Jogging,60588825,-3.6938,19.5776,26.9165;
33,Jogging,60639825,-5.8374,4.5605,12.5220;
33,Jogging,60690825,-0.7593,-0.5420,10.6226;
33,Jogging,60741825,0.3003,2.1777,5.7251;
33,Jogging,60792825,1.6260,-0.1587,3.1738;
33,Jogging,60843825,-3.9160,-11.5723,5.2197;
33,Jogging,60894825,20.5103,-2.6514,6.0474;
33,Jogging,60945825,-4.5166,16.2231,34.3286;
33,Jogging,60996825,-2.0361,11.3672,13.9038;
33,Jogging,61047825,-3.4668,4.8364,11.7529;
33,Jogging,61098825,-3.1226,2.7856,19.1675;
33,Jogging,61149825,-2.8076,-2.4438,10.0757;
33,Jogging,61200825,2.8784,-2.1973,12.1265;
33,Jogging,61251825,-0.9326,-3.6279,3.6230;
33,Jogging,61302825,3.9185,-12.1313,1.8579;
33,Jogging,61353825,-2.6221,-1.6895,19.2358;
33,Jogging,61404825,-1.1792,11.4819,22.5488;
33,Jogging,61455825,-5.5273,15.4761,18.1812;
33,Jogging,61506825,-5.8228,3.1177,10.5103;
33,Jogging,61557825,1.9873,0.4077,10.4663;
33,Jogging,61608825,0.8765,0.6592,5.8740;
33,Jogging,61659825,-1.5308,-10.3198,3.3130;
33,Jogging,61710825,-3.9062,-0.1831,3.2129;
33,Jogging,61761825,1.9165,6.4648,11.0913;
33,Jogging,61812825,-3.9185,17.6270,29.8486;
33,Jogging,61863825,0.2344,4.9097,7.1411;
33,Jogging,61914825,-6.0522,5.2295,21.0791;
33,Jogging,61965825,-2.5806,1.5015,11.0547;
33,Jogging,62016825,4.7070,2.2705,7.7466;
33,Jogging,62067825,-1.2378,-1.7896,9.7290;
33,Jogging,62118825,-1.8066,-12.7197,1.5454;
33,Jogging,62169825,4.6484,-9.5898,8.2471;
33,Jogging,62220825,-7.8564,5.8862,30.3955;
33,Jogging,62271825,-3.2495,22.6001,26.8481;
33,Jogging,62322825,-6.6626,5.3125,10.7617;
33,Jogging,62373825,1.1548,1.2158,12.6978;
33,Jogging,62424825,2.4829,2.5171,6.6919;
33,Jogging,62475825,4.2749,-0.2222,2.5146;
33,Jogging,62526825,-7.3804,-9.6802,1.0425;
33,Jogging,62577825,-11.0962,5.4712,4.5508;
33,Jogging,62628825,0.9473,8.5693,18.5498;
33,Jogging,62679825,-5.2563,7.5366,10.3467;
33,Jogging,62730825,-3.1641,2.5488,16.1060;
33,Jogging,62781825,-2.0239,0.6445,13.2300;
33,Jogging,62832825,2.6318,-2.3437,4.5166;
33,Jogging,62883825,2.4170,-0.8887,10.0317;
33,Jogging,62934825,0.2588,-7.5684,3.8062;
33,Jogging,62985825,2.1851,-12.5757,9.7266;
33,Jogging,63036825,-6.5308,5.9033,26.0083;
33,Jogging,63087825,-4.7559,22.4414,28.5376;
33,Jogging,63138825,-5.4761,4.7461,9.9658;
33,Jogging,63189825,-1.0474,1.2085,12.1313;
33,Jogging,63240825,0.2808,1.9995,5.0854;
33,Jogging,63291825,12.2217,-0.0854,-0.7764;
33,Jogging,63342825,-8.1274,-8.5132,6.3477;
33,Jogging,63393825,5.2148,2.1338,11.4038;
33,Jogging,63444825,-2.4536,10.9351,25.9106;
33,Jogging,63495825,-4.2187,3.6353,10.8252;
33,Jogging,63546825,-3.5034,4.9561,18.6353;
33,Jogging,63597825,-2.0239,2.0825,12.6782;
33,Jogging,63648825,-0.1050,-1.9287,9.5239;
33,Jogging,63699825,5.7129,3.7549,13.6401;
33,Jogging,63750825,1.1450,-7.4683,4.1479;
33,Jogging,63801825,4.4189,-10.7593,7.2144;
33,Jogging,63852825,-3.2837,1.0059,20.5615;
33,Jogging,63903825,-3.1030,11.1182,22.2607;
33,Jogging,63954825,-1.8311,10.1758,10.6738;
33,Jogging,64005825,-3.3887,3.3936,9.4214;
33,Jogging,64056825,2.2656,0.5273,11.3818;
33,Jogging,64107825,4.5898,-0.5518,6.5308;
33,Jogging,64158825,-8.5327,-14.8608,7.9761;
33,Jogging,64209825,-2.0117,3.4253,2.4780;
33,Jogging,64260825,-4.7461,5.6226,8.7061;
33,Jogging,64311825,-4.6826,11.0547,18.4351;
33,Jogging,64362825,-1.0889,3.7061,14.8437;
33,Jogging,64413825,-4.1675,3.0103,19.1870;
33,Jogging,64464825,-1.4136,-1.2256,10.5566;
33,Jogging,64515825,7.9492,2.2168,13.7720;
33,Jogging,64566825,0.0171,-1.2158,8.6035;
33,Jogging,64617825,2.1387,-8.6768,3.4033;
33,Jogging,64668825,0.2026,-8.8257,11.3257;
33,Jogging,64719825,-7.5171,5.7373,29.1187;
33,Jogging,64770825,-6.0132,19.8608,29.7046;
33,Jogging,64821825,-5.6470,3.2007,9.3628;
33,Jogging,64872825,0.5615,2.2803,10.5591;
33,Jogging,64923825,0.8643,1.6699,5.4639;
33,Jogging,64974825,2.1118,1.0620,2.5122;
33,Jogging,65025825,-7.9663,-11.5527,0.4834;
33,Jogging,65076825,-3.9795,2.2974,7.0679;
33,Jogging,65127825,6.1035,14.5239,19.4214;
33,Jogging,65178825,-2.2876,4.5825,9.2017;
33,Jogging,65229825,-6.7529,2.6489,18.9038;
33,Jogging,65280825,-0.1001,0.1611,12.6587;
33,Jogging,65331825,11.8115,-0.2808,10.9937;
33,Jogging,65382825,-2.2119,0.1050,7.3608;
33,Jogging,65433825,1.3330,-5.5469,5.1514;
33,Jogging,65484825,1.0083,-12.8711,14.0332;
33,Jogging,65535825,-4.5850,9.0137,24.0918;
33,Jogging,65586825,-2.4390,22.5977,27.0337;
33,Jogging,65637825,-3.4180,2.6758,9.5898;
33,Jogging,65688825,0.4517,0.9277,7.9785;
33,Jogging,65739825,0.4712,1.5356,2.6660;
33,Jogging,65790825,1.9849,-4.0747,1.7822;
33,Jogging,65841825,-8.7305,-9.0527,6.6479;
33,Jogging,65892825,0.8032,8.9429,31.6699;
33,Jogging,65943825,-7.9150,15.6421,19.0674;
33,Jogging,65994825,-2.0117,5.9937,9.7803;
33,Jogging,66045825,-2.7686,4.5166,18.9478;
33,Jogging,66096825,2.5073,-1.8506,10.4785;
33,Jogging,66147825,3.8940,0.9448,10.0317;
33,Jogging,66198825,-1.4233,-2.3853,7.7539;
33,Jogging,66249825,-2.6318,-11.7139,3.7866;
33,Jogging,66300825,3.1128,-6.9556,17.3755;
33,Jogging,66351825,-12.3193,9.6484,34.6216;
33,Jogging,66402825,-2.2974,14.8853,15.0195;
33,Jogging,66453825,0.3809,4.9951,11.8799;
33,Jogging,66504825,1.0327,2.6611,8.2129;
33,Jogging,66555825,-1.5405,2.6562,2.9175;
33,Jogging,66606825,4.8389,-0.6665,-0.6982;
33,Jogging,66657825,-6.6040,-7.9932,7.7344;
33,Jogging,66708825,6.5308,6.8628,19.3774;
33,Jogging,66759825,-7.7515,13.0835,22.1167;
33,Jogging,66810825,-4.1284,4.7974,11.4233;
33,Jogging,66861825,-3.8330,4.7241,18.4302;
33,Jogging,66912825,2.1387,-1.1255,10.2100;
33,Jogging,66963825,2.0581,4.4458,10.4736;
33,Jogging,67014825,0.7593,-2.3828,7.6245;
33,Jogging,67065825,1.5063,-10.6177,4.1821;
33,Jogging,67116825,-0.2832,-5.7153,16.2891;
33,Jogging,67167825,-5.1416,14.4824,31.8677;
33,Jogging,67218825,-6.1060,17.2168,15.3198;
33,Jogging,67269825,-2.0898,-3.2471,12.4902;
33,Jogging,67320825,2.0264,2.2754,6.8604;
33,Jogging,67371825,-0.1562,1.9360,1.0889;
33,Jogging,67422825,-4.3848,-0.9790,2.8027;
33,Jogging,67473825,-5.4346,-5.4346,8.2617;
33,Jogging,67524825,3.5278,4.2627,18.3521;
33,Jogging,67575825,-6.0986,16.8921,27.5586;
33,Jogging,67626825,-2.9663,5.1709,12.9810;
33,Jogging,67677825,-4.1187,4.5972,17.9492;
33,Jogging,67728825,2.4316,-2.0654,9.0771;
33,Jogging,67779825,-1.0303,4.7290,11.8335;
33,Jogging,67830825,0.3955,-2.8589,5.6396;
33,Jogging,67881825,0.7959,-11.2183,2.4268;
33,Jogging,67932825,0.6836,-5.3271,18.6426;
33,Jogging,67983825,-7.9004,16.0474,33.6279;
33,Jogging,68034825,-3.3813,14.8462,13.6670;
33,Jogging,68085825,-5.0464,2.6538,12.3145;
33,Jogging,68136825,1.6113,-0.3149,11.3721;
33,Jogging,68187825,1.1182,1.3232,6.2354;
33,Jogging,68238825,1.1670,-2.4292,-0.3516;
33,Jogging,68289825,-2.9175,0.7227,3.2520;
33,Jogging,68340825,2.6855,11.3989,39.5776;
33,Jogging,68391825,-0.8936,12.7612,15.9741;
33,Jogging,68442825,-7.1899,1.7529,11.8774;
33,Jogging,68493825,-6.0229,-0.0952,16.6187;
33,Jogging,68544825,-0.9546,0.4077,10.6836;
33,Jogging,68595825,6.1084,1.6919,14.1284;
33,Jogging,68646825,-1.5503,-5.2441,6.0034;
33,Jogging,68697825,1.2085,-14.0771,0.6665;
33,Jogging,68748825,0.3467,-2.7466,17.4146;
33,Jogging,68799825,-8.4741,14.0430,33.3032;
33,Jogging,68850825,-0.6177,17.3218,13.9160;
33,Jogging,68901825,-5.9131,4.8657,10.6738;
33,Jogging,68952825,-0.8252,-1.3599,10.9912;
33,Jogging,69003825,4.0454,-0.0806,5.1929;
33,Jogging,69054825,-2.4219,0.0366,4.8877;
33,Jogging,69105825,-2.9248,-0.5786,4.3823;
33,Jogging,69156825,-0.6055,6.4429,27.2754;
33,Jogging,69207825,0.2539,10.5273,21.9263;
33,Jogging,69258825,-1.4404,5.3784,13.0127;
33,Jogging,69309825,-6.3184,4.5605,15.4565;
33,Jogging,69360825,-3.1177,1.7090,9.6533;
33,Jogging,69411825,8.9233,4.3799,15.6860;
33,Jogging,69462825,-0.5176,-4.3945,7.1582;
33,Jogging,69513825,1.6162,-13.3813,3.7280;
33,Jogging,69564825,-0.6030,-4.7119,18.2104;
33,Jogging,69615825,-7.1094,11.3232,31.1011;
33,Jogging,69666825,-1.6821,16.6724,13.3813;
33,Jogging,69717825,-6.6406,3.2104,11.0596;
33,Jogging,69768825,2.6685,-0.2783,9.8486;
33,Jogging,69819825,-0.7959,1.3354,5.6934;
33,Jogging,69870825,3.8818,-5.3638,2.9077;
33,Jogging,69921825,-5.6274,-9.0381,10.1074;
33,Jogging,69972825,4.2505,7.0923,11.9556;
33,Jogging,70023825,-3.1787,9.5361,17.9834;
33,Jogging,70074825,-2.9517,6.9336,16.0034;
33,Jogging,70125825,-2.8125,3.8477,19.0991;
33,Jogging,70176825,2.9370,1.1768,11.9531;
33,Jogging,70227825,0.1147,0.7422,10.0903;
33,Jogging,70278825,0.1001,0.2441,8.6914;
33,Jogging,70329825,1.6968,-6.1060,4.5850;
33,Jogging,70380825,0.7788,-11.0254,2.6270;
33,Jogging,70431825,-1.5283,-1.5356,18.2202;
33,Jogging,70482825,-6.3550,17.1704,30.4736;
33,Jogging,70533825,-6.0156,9.5923,10.9692;
33,Jogging,70584825,3.6035,-2.7759,17.9053;
33,Jogging,70635825,1.8555,1.9727,7.7808;
33,Jogging,70686825,-4.4360,2.9468,1.7920;
33,Jogging,70737825,-0.6738,-0.5957,-1.2231;
33,Jogging,70788825,-1.8896,-0.5322,-0.1880;
33,Jogging,70839825,3.2446,12.6758,39.9988;
33,Jogging,70890825,-5.3760,10.3833,15.0049;
33,Jogging,70941841,-2.2314,3.8452,16.2671;
33,Jogging,70992825,-7.5537,0.9229,15.0244;
33,Jogging,71043825,-1.8896,0.4639,8.3789;
33,Jogging,71094825,6.8652,6.3257,16.1914;
33,Jogging,71145825,0.6494,-5.0073,6.3867;
33,Jogging,71196825,3.3374,-13.4253,4.7681;
33,Jogging,71247825,-1.1987,-0.0879,19.8682;
33,Jogging,71298825,-7.9077,17.4365,31.7188;
33,Jogging,71349825,-6.0449,7.5122,10.8740;
