33,Standing,5559416,-3.6353,-3.2275,10.2563;
33,Standing,5620843,-3.6133,-3.2666,10.2783;
33,Standing,5671847,-3.5400,-3.3008,10.2832;
33,Standing,5722831,-3.6206,-3.4131,10.3564;
33,Standing,5773829,-3.5718,-3.2422,10.2856;
33,Standing,5824829,-3.5937,-3.3276,10.3125;
33,Standing,5875829,-3.5254,-3.3252,10.3198;
33,Standing,5926829,-3.4277,-3.2446,10.3564;
33,Standing,5977829,-3.4131,-3.2104,10.3296;
33,Standing,6028829,-3.5156,-3.1201,10.3052;
33,Standing,6079829,-3.4790,-3.2471,10.4077;
33,Standing,6130829,-3.4863,-3.4009,10.3418;
33,Standing,6181829,-3.3740,-3.4619,10.2173;
33,Standing,6232829,-3.3423,-3.4961,10.3198;
33,Standing,6283829,-3.3813,-3.4082,10.2441;
33,Standing,6334829,-3.5132,-3.5669,10.1807;
33,Standing,6385829,-3.4180,-3.6182,10.1587;
33,Standing,6436829,-3.4448,-3.5620,10.1978;
33,Standing,6487829,-3.3594,-3.3398,10.3247;
33,Standing,6538829,-3.3276,-3.3105,10.3027;
33,Standing,6589829,-3.4155,-3.3740,10.3735;
33,Standing,6640829,-3.3130,-3.5181,10.2856;
33,Standing,6691829,-3.3789,-3.5864,10.2661;
33,Standing,6742829,-3.4058,-3.5156,10.2368;
33,Standing,6793829,-3.4888,-3.4375,10.2588;
33,Standing,6844829,-3.4741,-3.3789,10.3271;
33,Standing,6895829,-3.4009,-3.3521,10.3223;
33,Standing,6946829,-3.2959,-3.2959,10.3906;
33,Standing,6997829,-3.4253,-3.3911,10.2808;
33,Standing,7048829,-3.5278,-3.5376,10.3076;
33,Standing,7099829,-3.4717,-3.4912,10.3003;
33,Standing,7150829,-3.4424,-3.4058,10.3491;
33,Standing,7201829,-3.4302,-3.2959,10.3174;
33,Standing,7252829,-3.4497,-3.2812,10.3979;
33,Standing,7303829,-3.4644,-3.4180,10.2661;
33,Standing,7354829,-3.5474,-3.2153,10.2441;
33,Standing,7405829,-3.6377,-3.2056,10.2271;
33,Standing,7456829,-3.6621,-3.2202,10.1855;
33,Standing,7507829,-3.6255,-3.0518,10.3687;
33,Standing,7558829,-3.5596,-3.0371,10.3540;
33,Standing,7609829,-3.5522,-3.3276,10.2710;
33,Standing,7660829,-3.5669,-3.2397,10.2734;
33,Standing,7711829,-3.7720,-3.2056,10.2124;
33,Standing,7762829,-3.8379,-3.4106,10.2075;
33,Standing,7813829,-3.7085,-3.3594,10.2808;
33,Standing,7864829,-3.5962,-3.4326,10.2881;
33,Standing,7915829,-3.5767,-3.3911,10.1782;
33,Standing,7966829,-3.6377,-3.1616,10.2490;
33,Standing,8017829,-3.6279,-3.2080,10.3345;
33,Standing,8068829,-3.6279,-3.4717,10.2344;
33,Standing,8119829,-3.5156,-3.6792,10.2417;
33,Standing,8170829,-3.3862,-3.6182,10.2222;
33,Standing,8221829,-3.3887,-3.4937,10.2173;
33,Standing,8272829,-3.4351,-3.3765,10.1660;
33,Standing,8323829,-3.5767,-3.2593,10.2710;
33,Standing,8374829,-3.5498,-3.2764,10.2686;
33,Standing,8425829,-3.5498,-3.4912,10.2075;
33,Standing,8476829,-3.3276,-3.6670,10.0757;
33,Standing,8527829,-3.3594,-3.4595,10.3320;
33,Standing,8578829,-3.3740,-3.3057,10.4053;
33,Standing,8629829,-3.2495,-3.2056,10.4688;
33,Standing,8680829,-3.2617,-3.4473,10.4199;
33,Standing,8731829,-3.2275,-3.5352,10.3052;
33,Standing,8782829,-3.1396,-3.3789,10.3491;
33,Standing,8833829,-3.0591,-3.4302,10.3735;
33,Standing,8884829,-3.1030,-3.4229,10.4395;
33,Standing,8935829,-3.0981,-3.4253,10.4004;
33,Standing,8986829,-3.1665,-3.5327,10.3442;
33,Standing,9037829,-2.9419,-3.5303,10.3784;
33,Standing,9088829,-2.9590,-3.5205,10.3784;
33,Standing,9139829,-2.9199,-3.6475,10.4175;
33,Standing,9190829,-2.9492,-3.6792,10.4761;
33,Standing,9241829,-2.8491,-3.6597,10.2710;
33,Standing,9292829,-2.7881,-3.5767,10.5078;
33,Standing,9343829,-2.8076,-3.4814,10.5981;
33,Standing,9394829,-2.7783,-3.4277,10.4736;
33,Standing,9445829,-2.6196,-3.6206,10.4761;
33,Standing,9496829,-2.5806,-3.6597,10.4834;
33,Standing,9547829,-2.5220,-3.5913,10.5518;
33,Standing,9598829,-2.3999,-3.5889,10.6543;
33,Standing,9649829,-2.4365,-3.5010,10.6860;
33,Standing,9700829,-2.4097,-3.4790,10.6934;
33,Standing,9751829,-2.1533,-3.5571,10.6470;
33,Standing,9802829,-2.3340,-3.6377,10.4419;
33,Standing,9853829,-1.9653,-3.9478,10.4907;
33,Standing,9904829,-1.8701,-3.8940,10.6470;
33,Standing,9955829,-1.7822,-3.9038,10.5298;
33,Standing,10006829,-1.6235,-3.8257,10.6396;
33,Standing,10057829,-1.6138,-3.8208,10.6543;
33,Standing,10108829,-1.6064,-3.5352,10.8984;
33,Standing,10159829,-1.5405,-3.6157,10.8423;
33,Standing,10210830,-1.4429,-3.8281,10.8813;
33,Standing,10261829,-1.3696,-3.9966,10.4419;
33,Standing,10312829,-1.3257,-4.0967,10.4517;
33,Standing,10363829,-1.4258,-4.0527,10.7153;
33,Standing,10414829,-1.1841,-3.7939,10.7935;
33,Standing,10465829,-1.1353,-4.0088,10.7642;
33,Standing,10516829,-0.9106,-4.0869,10.6616;
33,Standing,10567829,-1.4404,-4.1528,10.5859;
33,Standing,10618829,-1.2671,-4.2993,10.4639;
33,Standing,10669829,-1.1890,-4.6216,10.4492;
33,Standing,10720829,-0.8667,-4.3066,10.4004;
33,Standing,10771829,-0.4639,-3.4961,11.0254;
33,Standing,10822829,-1.1279,-3.6328,10.8496;
33,Standing,10873829,-1.4380,-4.7559,10.2637;
33,Standing,10924829,-0.9131,-4.7876,10.2686;
33,Standing,10975829,-1.1035,-4.2896,10.4053;
33,Standing,11026829,-1.1670,-4.0015,10.6934;
33,Standing,11077829,-1.0010,-3.8208,10.3174;
33,Standing,11128829,-1.2280,-4.0283,10.7178;
33,Standing,11179829,-0.8667,-4.2944,10.8862;
33,Standing,11230829,-1.0132,-4.2212,10.6494;
33,Standing,11281829,-1.1743,-4.0503,10.5054;
33,Standing,11332829,-0.9766,-3.8379,10.7178;
33,Standing,11383829,-1.1426,-3.9966,10.5859;
33,Standing,11434829,-1.0669,-3.9380,10.6982;
33,Standing,11485829,-1.4063,-3.9502,10.5762;
33,Standing,11536829,-1.1841,-3.9917,10.8447;
33,Standing,11587829,-1.0986,-3.7646,10.8936;
33,Standing,11638829,-1.2476,-3.6816,10.6982;
33,Standing,11689829,-1.5479,-3.6572,10.6641;
33,Standing,11740829,-1.4795,-3.7451,10.8301;
33,Standing,11791829,-1.3623,-3.5571,10.9546;
33,Standing,11842829,-1.5820,-3.6084,10.7837;
33,Standing,11893829,-1.5942,-3.6255,10.8008;
33,Standing,11944829,-1.6650,-3.4375,10.8252;
33,Standing,11995829,-1.8481,-3.0420,11.0815;
33,Standing,12046829,-1.7456,-3.7793,10.7593;
33,Standing,12097829,-1.8799,-3.7964,10.3076;
33,Standing,12148829,-2.2974,-3.4424,10.5688;
33,Standing,12199829,-1.8628,-3.5034,10.8032;
33,Standing,12250829,-1.8701,-3.5547,10.7837;
33,Standing,12301829,-2.1216,-3.5278,10.6470;
33,Standing,12352829,-2.2485,-3.4717,10.5981;
33,Standing,12403829,-2.2534,-3.3887,10.7104;
33,Standing,12454829,-2.2729,-3.2446,10.7349;
33,Standing,12505829,-2.2632,-3.2886,10.6519;
33,Standing,12556829,-2.2705,-3.3008,10.8057;
33,Standing,12607829,-2.3242,-3.4839,10.7153;
33,Standing,12658829,-2.4194,-3.4277,10.5908;
33,Standing,12709829,-2.5195,-3.2446,10.5762;
33,Standing,12760829,-2.4731,-3.2446,10.8008;
33,Standing,12811829,-2.5244,-3.3154,10.6274;
33,Standing,12862829,-2.5317,-3.3203,10.5518;
33,Standing,12913829,-2.4634,-3.2324,10.6909;
33,Standing,12964829,-2.5562,-3.1641,10.7349;
33,Standing,13015829,-2.5244,-3.1641,10.7104;
33,Standing,13066829,-2.5928,-3.0811,10.6763;
33,Standing,13117829,-2.5879,-3.0835,10.6982;
33,Standing,13168829,-2.6123,-3.1079,10.6616;
33,Standing,13219829,-2.6270,-3.1860,10.6128;
33,Standing,13270829,-2.6025,-3.1299,10.6543;
33,Standing,13321829,-2.6001,-3.1982,10.7129;
33,Standing,13372829,-2.5854,-3.1055,10.6860;
33,Standing,13423829,-2.6782,-3.0981,10.6641;
33,Standing,13474829,-2.6978,-3.1860,10.6909;
33,Standing,13525829,-2.6904,-3.2153,10.6396;
33,Standing,13576829,-2.6978,-3.2275,10.6543;
33,Standing,13627829,-2.6978,-3.1689,10.6543;
33,Standing,13678829,-2.7148,-3.0371,10.6567;
33,Standing,13729829,-2.7612,-3.0981,10.6226;
33,Standing,13780829,-2.6929,-3.2275,10.6421;
33,Standing,13831829,-2.7588,-3.2959,10.6152;
33,Standing,13882829,-2.6904,-3.1470,10.6860;
33,Standing,13933829,-2.8174,-3.1177,10.6592;
33,Standing,13984829,-2.7759,-3.0811,10.5835;
33,Standing,14035829,-2.7319,-3.1104,10.7178;
33,Standing,14086829,-2.7856,-3.0640,10.7642;
33,Standing,14137829,-2.6562,-2.9199,10.8228;
33,Standing,14188829,-2.7368,-3.0811,10.6348;
33,Standing,14239829,-2.9224,-3.4033,10.4614;
33,Standing,14290829,-2.6318,-3.3789,10.5298;
33,Standing,14341829,-2.4756,-3.2397,10.6909;
33,Standing,14392829,-2.4878,-3.3032,10.7666;
33,Standing,14443829,-2.5757,-3.3545,10.6470;
33,Standing,14494829,-2.6489,-3.1934,10.6274;
33,Standing,14545829,-2.7197,-3.0420,10.6714;
33,Standing,14596829,-2.7173,-3.0396,10.7227;
33,Standing,14647829,-2.6074,-3.1665,10.6982;
33,Standing,14698829,-2.5732,-3.2495,10.6323;
33,Standing,14749829,-2.7271,-3.1836,10.6152;
33,Standing,14800829,-2.8149,-2.8857,10.7617;
33,Standing,14851829,-2.6929,-2.8882,10.8130;
33,Standing,14902829,-2.7295,-3.0981,10.7031;
33,Standing,14953829,-2.7271,-3.2251,10.7275;
33,Standing,15004829,-2.7441,-3.0835,10.6177;
33,Standing,15055829,-2.8833,-2.8101,10.7056;
33,Standing,15106829,-2.8760,-2.7515,10.7422;
33,Standing,15157829,-2.8174,-2.7710,10.7349;
33,Standing,15208829,-2.7759,-2.8540,10.7837;
33,Standing,15259829,-2.7856,-2.9150,10.7031;
33,Standing,15310829,-2.8687,-2.9712,10.7104;
33,Standing,15361829,-2.8076,-2.9395,10.7983;
33,Standing,15412829,-2.8027,-2.8223,10.7397;
33,Standing,15463829,-2.7905,-2.9102,10.6982;
33,Standing,15514829,-2.8101,-2.8687,10.6787;
33,Standing,15565829,-2.7490,-2.9517,10.7666;
33,Standing,15616829,-2.7612,-2.9419,10.6714;
33,Standing,15667829,-2.8027,-2.9370,10.6348;
33,Standing,15718829,-2.7905,-3.0176,10.5884;
33,Standing,15769829,-2.8467,-2.9370,10.7471;
33,Standing,15820829,-2.7026,-2.8906,10.7129;
33,Standing,15871829,-2.8125,-2.9565,10.6567;
33,Standing,15922829,-2.7954,-3.0640,10.6250;
33,Standing,15973829,-2.8052,-3.0176,10.6250;
33,Standing,16024829,-2.7808,-2.9053,10.7275;
33,Standing,16075829,-2.8101,-2.9395,10.7202;
33,Standing,16126829,-2.7832,-2.9224,10.6812;
33,Standing,16177829,-2.7588,-3.0078,10.6641;
33,Standing,16228829,-2.8076,-2.9834,10.7422;
33,Standing,17279034,-0.0012,-0.0012,-0.0012;
33,Standing,17329839,-2.7832,-3.0981,10.7056;
33,Standing,17380829,-2.7905,-2.9785,10.6592;
33,Standing,17431829,-2.7734,-3.0151,10.6396;
33,Standing,17482829,-2.8638,-3.0859,10.7202;
33,Standing,17533829,-2.8052,-3.0762,10.6763;
33,Standing,17584829,-2.7759,-3.1177,10.6274;
33,Standing,17635829,-2.8076,-3.0908,10.5737;
33,Standing,17686829,-2.6660,-3.0298,10.7104;
33,Standing,17737829,-2.7661,-2.8345,10.7251;
33,Standing,17788829,-2.8711,-2.8882,10.7593;
33,Standing,17839829,-2.8247,-2.9468,10.6396;
33,Standing,17890829,-2.8467,-2.9810,10.6665;
33,Standing,17941829,-2.8394,-3.0640,10.6323;
33,Standing,17992829,-2.7271,-2.9907,10.7080;
33,Standing,18043829,-2.8052,-3.0640,10.6445;
33,Standing,18094829,-2.8296,-3.0273,10.6689;
33,Standing,18145829,-2.8101,-3.0908,10.6982;
33,Standing,18196829,-2.7734,-3.0005,10.6616;
33,Standing,18247829,-2.8296,-2.8931,10.7349;
33,Standing,18298829,-2.7954,-3.0493,10.6616;
33,Standing,18349829,-2.7930,-3.1079,10.5981;
33,Standing,18400829,-2.7319,-3.1323,10.5859;
33,Standing,18451829,-2.8052,-3.1152,10.6396;
33,Standing,18502829,-2.8198,-3.0713,10.6177;
33,Standing,18553829,-2.6489,-3.1763,10.7104;
33,Standing,18604829,-2.7393,-3.1177,10.7422;
33,Standing,18655829,-2.7197,-3.1274,10.6494;
33,Standing,18706829,-2.7588,-3.0688,10.6714;
33,Standing,18757829,-2.7222,-3.1445,10.7031;
33,Standing,18808829,-2.7588,-3.1226,10.6226;
33,Standing,18859829,-2.7466,-3.0859,10.6714;
33,Standing,18910829,-2.7490,-3.0518,10.6812;
33,Standing,18961829,-2.7368,-3.1396,10.6152;
33,Standing,19012829,-2.7246,-3.0859,10.6396;
33,Standing,19063829,-2.7393,-3.0811,10.6909;
33,Standing,19114829,-2.7881,-3.1104,10.6909;
33,Standing,19165829,-2.8101,-3.0615,10.7349;
33,Standing,19216829,-2.8101,-3.0078,10.6616;
33,Standing,19267829,-2.8003,-3.1592,10.6567;
33,Standing,19318829,-2.7466,-3.2275,10.6323;
33,Standing,19369829,-2.7075,-3.1470,10.5615;
33,Standing,19420829,-2.7539,-3.1274,10.6421;
33,Standing,19471829,-2.7588,-3.0518,10.6494;
33,Standing,19522829,-2.7808,-3.1274,10.6445;
33,Standing,19573829,-2.6831,-3.1250,10.6543;
33,Standing,19624829,-2.7344,-3.1616,10.6982;
33,Standing,19675829,-2.7271,-3.1201,10.6689;
33,Standing,19726829,-2.7271,-3.1665,10.7153;
33,Standing,19777829,-2.8394,-3.1006,10.5884;
33,Standing,19828829,-2.8198,-3.1006,10.6445;
33,Standing,19879829,-2.7441,-3.0762,10.6128;
33,Standing,19930829,-2.6978,-3.0981,10.6812;
33,Standing,19981829,-2.8101,-3.1641,10.6567;
33,Standing,20032829,-2.7783,-3.1128,10.6421;
33,Standing,20083829,-2.7344,-3.1421,10.7495;
33,Standing,20134829,-2.7637,-3.0908,10.6885;
33,Standing,20185829,-2.7686,-3.0884,10.6641;
33,Standing,20236829,-2.7344,-3.1006,10.6860;
33,Standing,20287829,-2.7563,-3.1030,10.7031;
33,Standing,20338829,-2.7661,-3.1152,10.6958;
33,Standing,20389829,-2.7319,-3.1055,10.6812;
33,Standing,20440829,-2.7856,-3.0933,10.7568;
33,Standing,20491829,-2.7637,-3.0688,10.6689;
33,Standing,20542829,-2.7319,-3.0371,10.6665;
33,Standing,20593829,-2.7051,-3.0518,10.6470;
33,Standing,20644829,-2.8198,-3.0469,10.7129;
33,Standing,20695829,-2.7734,-3.0396,10.6519;
33,Standing,20746829,-2.7441,-3.0933,10.7593;
33,Standing,20797829,-2.7612,-3.0933,10.7080;
33,Standing,20848829,-2.7539,-3.1348,10.7080;
33,Standing,20899829,-2.7271,-3.1665,10.5396;
33,Standing,20950829,-2.7563,-3.1177,10.6641;
33,Standing,21001829,-2.7539,-3.0518,10.6885;
33,Standing,21052829,-2.7539,-3.0884,10.6299;
33,Standing,21103829,-2.6978,-3.0469,10.6250;
33,Standing,21154829,-2.7051,-3.0542,10.6201;
33,Standing,21205829,-2.7124,-3.1372,10.6934;
33,Standing,21256829,-2.7417,-3.1323,10.6812;
33,Standing,21307829,-2.6782,-3.1445,10.6592;
33,Standing,21358829,-2.7588,-3.0933,10.6152;
33,Standing,21409829,-2.7686,-3.1030,10.6201;
33,Standing,21460829,-2.7734,-3.0786,10.7178;
33,Standing,21511829,-2.7271,-3.0273,10.6641;
33,Standing,21562829,-2.6636,-3.1519,10.6909;
33,Standing,21613829,-2.7393,-3.0762,10.5884;
33,Standing,21664829,-2.7832,-3.1396,10.6348;
33,Standing,21715829,-2.7417,-3.1152,10.6885;
33,Standing,21766829,-2.7344,-3.1299,10.5566;
33,Standing,21817829,-2.7246,-3.1885,10.6689;
33,Standing,21868830,-2.7295,-3.1128,10.6372;
33,Standing,21919829,-2.6270,-3.0151,10.6250;
33,Standing,21970829,-2.7490,-3.0908,10.7715;
33,Standing,22021829,-2.7222,-3.1396,10.6763;
33,Standing,22072829,-2.6978,-3.0908,10.5933;
33,Standing,22123829,-2.6709,-3.0737,10.7495;
33,Standing,22174829,-2.7539,-3.0396,10.6519;
33,Standing,22225829,-2.7271,-3.1079,10.7886;
33,Standing,22276829,-2.7075,-3.0908,10.7031;
33,Standing,22327829,-2.6831,-3.1055,10.7446;
33,Standing,22378829,-2.6270,-3.0859,10.6250;
33,Standing,22429829,-2.5732,-3.1323,10.6396;
33,Standing,22480829,-2.7393,-3.1274,10.6592;
33,Standing,22531829,-2.7344,-3.1226,10.7104;
33,Standing,22582829,-2.7271,-2.9858,10.6665;
33,Standing,22633829,-2.7222,-3.0273,10.7422;
33,Standing,22684829,-2.7490,-3.1934,10.6128;
33,Standing,22735829,-2.7246,-3.1177,10.6543;
33,Standing,22786829,-2.7271,-3.0518,10.7080;
33,Standing,22837829,-2.7246,-3.1152,10.6421;
33,Standing,22888829,-2.7441,-3.1396,10.6494;
33,Standing,22939829,-2.7051,-3.2251,10.6689;
33,Standing,22990829,-2.7515,-3.0762,10.6909;
33,Standing,23041829,-2.7441,-3.1567,10.7129;
33,Standing,23092829,-2.8027,-3.0908,10.6909;
33,Standing,23143829,-2.7441,-3.1323,10.6567;
33,Standing,23194829,-2.7686,-3.1470,10.7178;
33,Standing,23245829,-2.8052,-3.0420,10.6689;
33,Standing,23296829,-2.8247,-3.0518,10.7373;
33,Standing,23347829,-2.7173,-3.0518,10.5737;
33,Standing,23398829,-2.7393,-3.1226,10.6543;
33,Standing,23449829,-2.7271,-3.2178,10.6299;
33,Standing,23500829,-2.7979,-3.1177,10.7373;
33,Standing,23551829,-2.7002,-3.0420,10.6934;
33,Standing,23602829,-2.7515,-3.1714,10.6519;
33,Standing,23653829,-2.7100,-3.0908,10.7056;
33,Standing,23704829,-2.7661,-3.0469,10.7178;
33,Standing,23755829,-2.7515,-3.0957,10.7373;
33,Standing,23806829,-2.7979,-3.0688,10.6470;
33,Standing,23857829,-2.7588,-3.0518,10.7031;
33,Standing,23908829,-2.7393,-3.1006,10.6177;
33,Standing,23959829,-2.7515,-3.1445,10.6592;
33,Standing,24010829,-2.7734,-3.1396,10.6470;
33,Standing,24061829,-2.7905,-3.0713,10.6543;
33,Standing,24112829,-2.7881,-3.0859,10.6616;
33,Standing,24163829,-2.8735,-3.1079,10.6128;
33,Standing,24214829,-2.7466,-3.1152,10.6543;
33,Standing,24265829,-2.8247,-3.1177,10.6372;
33,Standing,24316829,-2.7881,-3.0640,10.5835;
33,Standing,24367829,-2.7515,-3.0298,10.5933;
33,Standing,24418829,-2.8320,-3.1152,10.6128;
33,Standing,24469829,-2.7246,-3.1714,10.6616;
33,Standing,24520829,-2.7808,-3.0640,10.6152;
33,Standing,24571829,-2.8833,-3.0591,10.6445;
33,Standing,24622829,-2.7979,-3.0420,10.6543;
33,Standing,24673829,-2.7710,-2.9468,10.7251;
33,Standing,24724829,-2.7979,-3.0835,10.6348;
33,Standing,24775829,-2.6978,-3.2935,10.6201;
33,Standing,24826829,-2.7466,-3.1226,10.6494;
33,Standing,24877829,-2.8174,-3.0591,10.6274;
33,Standing,24928829,-2.6831,-2.9810,10.6226;
33,Standing,24979829,-2.7905,-3.1396,10.6519;
33,Standing,25030829,-2.7441,-3.2349,10.5347;
33,Standing,25081829,-2.7295,-3.2544,10.5762;
33,Standing,25132829,-2.7197,-2.9834,10.7324;
33,Standing,25183829,-2.7441,-3.0029,10.7422;
33,Standing,25234829,-2.8027,-3.1934,10.5420;
33,Standing,25285829,-2.7466,-3.1323,10.6274;
33,Standing,25336829,-2.6953,-2.9736,10.7031;
33,Standing,25387829,-2.8003,-3.1421,10.6079;
33,Standing,25438829,-2.7515,-3.0981,10.7202;
33,Standing,25489829,-2.7271,-3.0469,10.6494;
33,Standing,25540829,-2.7637,-3.0737,10.6421;
33,Standing,25591829,-2.7393,-3.1323,10.6323;
33,Standing,25642829,-2.7222,-3.0713,10.6323;
33,Standing,25693829,-2.7905,-3.0884,10.6885;
33,Standing,25744829,-2.8296,-2.9736,10.7104;
33,Standing,25795829,-2.7661,-3.0542,10.6641;
33,Standing,25846829,-2.8296,-3.0029,10.7495;
33,Standing,25897829,-2.7197,-3.1128,10.7349;
33,Standing,25948829,-2.6953,-3.0225,10.6177;
33,Standing,25999829,-2.8442,-3.0469,10.5688;
33,Standing,26050829,-2.7344,-2.9443,10.7178;
33,Standing,26101829,-2.8540,-2.9712,10.6885;
33,Standing,26152829,-2.7734,-3.0273,10.5518;
33,Standing,26203829,-2.7905,-2.8516,10.7568;
33,Standing,26254829,-2.8711,-2.8711,10.6909;
33,Standing,26305829,-2.8027,-2.8882,10.6836;
33,Standing,26356829,-2.7441,-2.9419,10.7422;
33,Standing,26407829,-2.7783,-3.0542,10.7227;
33,Standing,26458829,-2.8491,-3.0054,10.6201;
33,Standing,26509829,-2.8296,-2.8906,10.7861;
33,Standing,26560829,-2.8394,-2.9199,10.7764;
33,Standing,26611829,-2.7661,-2.9687,10.7104;
33,Standing,26662829,-2.8442,-2.9980,10.7129;
33,Standing,26713829,-2.7612,-2.9321,10.7129;
33,Standing,26764829,-2.8223,-2.8906,10.6836;
33,Standing,26815829,-2.8247,-2.9443,10.6445;
33,Standing,26866829,-2.7881,-2.9297,10.6860;
33,Standing,26917829,-2.7539,-3.0005,10.7373;
33,Standing,26968829,-2.8442,-2.9492,10.6885;
33,Standing,27019829,-2.8589,-2.8955,10.7031;
33,Standing,27070829,-2.7612,-2.9395,10.7471;
33,Standing,27121829,-2.7905,-2.9370,10.7178;
33,Standing,27172829,-2.8564,-2.9980,10.6567;
33,Standing,27223829,-2.7930,-2.9297,10.6689;
33,Standing,27274829,-2.8125,-2.8564,10.7422;
33,Standing,27325829,-2.8149,-3.0298,10.6714;
33,Standing,27376829,-2.7881,-3.0127,10.6763;
33,Standing,27427829,-2.7881,-2.9907,10.7544;
33,Standing,27478829,-2.8174,-2.9126,10.7275;
33,Standing,27529829,-2.8540,-2.9419,10.7959;
33,Standing,27580829,-2.7759,-3.0054,10.6836;
33,Standing,27631829,-2.7466,-2.9395,10.7275;
33,Standing,27682829,-2.8125,-2.9956,10.6079;
33,Standing,27733829,-2.8101,-2.9907,10.7056;
33,Standing,27784829,-2.8223,-2.9614,10.7129;
33,Standing,27835829,-2.8442,-2.9883,10.6934;
33,Standing,27886829,-2.7979,-2.9492,10.6396;
33,Standing,27937829,-2.8442,-2.9980,10.7007;
33,Standing,27988829,-2.7856,-3.0103,10.6128;
33,Standing,28039829,-2.8198,-2.9126,10.6982;
33,Standing,28090829,-2.8271,-2.9248,10.7056;
33,Standing,28141829,-2.7905,-2.9102,10.7300;
33,Standing,28192829,-2.7954,-2.9321,10.7568;
33,Standing,28243829,-2.8125,-2.8735,10.6519;
33,Standing,28294829,-2.7710,-2.9419,10.6641;
33,Standing,28345829,-2.8198,-2.8540,10.7324;
33,Standing,28396829,-2.7783,-2.8809,10.6567;
33,Standing,28447829,-2.7588,-2.9199,10.7593;
33,Standing,28498829,-2.8369,-2.8711,10.7129;
33,Standing,28549829,-2.7417,-2.9639,10.7642;
33,Standing,28600829,-2.7808,-2.8223,10.6934;
33,Standing,28651829,-2.6611,-2.9419,10.7349;
33,Standing,28702829,-2.7148,-2.9077,10.8716;
33,Standing,28753829,-2.7759,-2.9102,10.7520;
33,Standing,28804829,-2.7051,-2.8271,10.7544;
33,Standing,28855829,-2.9004,-2.8491,10.7129;
33,Standing,28906829,-2.8442,-2.7930,10.7275;
33,Standing,28957843,-2.7368,-2.7881,10.7324;
33,Standing,29008829,-2.7490,-2.8613,10.7642;
33,Standing,29059829,-2.8442,-2.8931,10.7690;
33,Standing,29110829,-2.7881,-2.8345,10.7715;
33,Standing,29161829,-2.7832,-2.7954,10.7153;
33,Standing,29212829,-2.7759,-2.8223,10.8008;
33,Standing,29263829,-2.7759,-2.8687,10.7153;
33,Standing,29314829,-2.7734,-2.8662,10.7617;
33,Standing,29365829,-2.7783,-2.8638,10.7251;
33,Standing,29416829,-2.8296,-2.8174,10.7568;
33,Standing,29467829,-2.7075,-2.8979,10.7422;
33,Standing,29518829,-2.8076,-2.8687,10.7422;
33,Standing,29569829,-2.7539,-2.7539,10.6885;
33,Standing,29620829,-2.7930,-2.8174,10.7056;
33,Standing,29671829,-2.7051,-2.8442,10.8301;
33,Standing,29722829,-2.7368,-2.9199,10.6543;
33,Standing,29773829,-2.7075,-2.8833,10.7666;
33,Standing,29824829,-2.8052,-2.7637,10.7373;
33,Standing,29875829,-2.7246,-2.8174,10.7520;
33,Standing,29926829,-2.7710,-2.8564,10.7520;
33,Standing,29977829,-2.7661,-2.8638,10.7642;
33,Standing,30028829,-2.7661,-2.9028,10.7202;
33,Standing,30079829,-2.7295,-3.0054,10.7959;
33,Standing,30130829,-2.7393,-2.9541,10.7739;
33,Standing,30181829,-2.7539,-2.7954,10.6909;
33,Standing,30232829,-2.7710,-2.9102,10.6885;
33,Standing,30283829,-2.6953,-2.9956,10.7520;
33,Standing,30334829,-2.7295,-2.9102,10.7471;
33,Standing,30385829,-2.7661,-2.8564,10.7202;
33,Standing,30436829,-2.7100,-2.8882,10.7935;
33,Standing,30487829,-2.7490,-2.9199,10.6152;
33,Standing,30538829,-2.6807,-2.9272,10.7251;
33,Standing,30589829,-2.6587,-2.8613,10.7764;
33,Standing,30640829,-2.7417,-2.9443,10.7275;
33,Standing,30691829,-2.7686,-2.9150,10.7642;
33,Standing,30742829,-2.7466,-2.8516,10.7642;
33,Standing,30793829,-2.7246,-2.9321,10.7178;
33,Standing,30844829,-2.6758,-2.9712,10.7739;
33,Standing,30895829,-2.7100,-2.9102,10.6860;
33,Standing,30946829,-2.7490,-2.9028,10.7373;
33,Standing,30997829,-2.7124,-2.9053,10.7129;
33,Standing,31048829,-2.7661,-2.9004,10.6470;
33,Standing,31099829,-2.6904,-2.9834,10.7227;
33,Standing,31150829,-2.7612,-2.9199,10.7178;
33,Standing,31201829,-2.7979,-2.8247,10.7007;
33,Standing,31252829,-2.7466,-2.8125,10.7275;
33,Standing,31303829,-2.7344,-2.8735,10.7373;
33,Standing,31354829,-2.7026,-2.9053,10.7349;
33,Standing,31405829,-2.7612,-2.8979,10.6982;
33,Standing,31456829,-2.7783,-2.9028,10.7349;
33,Standing,31507829,-2.7783,-2.8442,10.6909;
33,Standing,31558830,-2.8101,-2.8979,10.6934;
33,Standing,31609829,-2.7710,-2.9419,10.6958;
33,Standing,31660829,-2.7344,-2.9810,10.7104;
33,Standing,31711829,-2.7661,-2.9590,10.6714;
33,Standing,31762829,-2.7808,-2.8955,10.7007;
33,Standing,31813829,-2.7905,-2.8955,10.7129;
33,Standing,31864829,-2.7368,-2.9102,10.7178;
33,Standing,31915829,-2.7515,-2.9102,10.7178;
33,Standing,31966829,-2.7197,-2.9419,10.6738;
33,Standing,32017829,-2.6611,-3.0835,10.6689;
33,Standing,32068829,-2.6855,-3.0200,10.6470;
33,Standing,32119829,-2.7344,-3.0322,10.7227;
33,Standing,32170829,-2.7734,-3.0078,10.6763;
33,Standing,32221829,-2.8223,-3.0078,10.7471;
33,Standing,32272829,-2.8467,-2.8540,10.6909;
33,Standing,32323829,-2.7856,-2.8540,10.7349;
33,Standing,32374829,-2.7515,-2.9077,10.7422;
33,Standing,32425829,-2.7905,-3.0737,10.7471;
33,Standing,32476829,-2.8540,-3.0981,10.5542;
33,Standing,32527829,-2.8198,-3.0615,10.6104;
33,Standing,32578829,-2.8687,-2.9492,10.6323;
33,Standing,32629829,-2.8442,-2.9028,10.6934;
33,Standing,32680829,-2.8271,-3.0127,10.7056;
33,Standing,32731829,-2.8833,-3.0151,10.5615;
33,Standing,32782829,-2.9077,-2.9004,10.6519;
33,Standing,32833816,-2.9980,-2.8711,10.7104;
33,Standing,32884830,-2.9736,-2.9712,10.6543;
33,Standing,32935829,-2.8809,-3.0444,10.6470;
33,Standing,32986829,-2.9517,-3.1567,10.5664;
33,Standing,33037829,-2.9126,-3.0591,10.6030;
33,Standing,33088829,-2.9736,-2.9785,10.6738;
33,Standing,33139829,-2.8906,-3.0762,10.6812;
33,Standing,33190829,-2.9175,-3.0103,10.6250;
33,Standing,33241829,-2.9175,-3.0273,10.5493;
33,Standing,33292829,-2.9126,-3.1128,10.6689;
33,Standing,33343829,-2.8735,-3.0713,10.6128;
33,Standing,33394829,-2.9419,-3.0396,10.6323;
33,Standing,33445829,-2.8735,-3.0176,10.6567;
33,Standing,33496829,-2.8564,-3.1787,10.6641;
33,Standing,33547829,-2.9053,-3.2324,10.5615;
33,Standing,33598829,-2.8857,-3.0347,10.5249;
33,Standing,33649829,-2.9102,-3.0933,10.6689;
33,Standing,33700829,-2.8979,-3.1348,10.6763;
33,Standing,33751829,-2.8540,-3.2129,10.5737;
33,Standing,33802829,-2.8516,-3.1323,10.5957;
33,Standing,33853829,-2.8906,-3.1421,10.5859;
33,Standing,33904829,-2.8906,-3.1201,10.5884;
33,Standing,33955829,-2.8687,-3.1128,10.5371;
33,Standing,34006829,-2.9395,-3.2129,10.4883;
33,Standing,34057829,-2.8027,-3.2471,10.5640;
33,Standing,34108829,-2.8394,-3.2861,10.5762;
33,Standing,34159829,-2.9175,-3.2690,10.4272;
33,Standing,34210829,-2.8271,-3.1885,10.5835;
33,Standing,34261829,-2.8296,-3.2666,10.5591;
33,Standing,34312829,-2.8857,-3.1689,10.6128;
33,Standing,34363829,-2.8687,-3.2275,10.6763;
33,Standing,34414829,-2.8687,-3.1836,10.6030;
33,Standing,34465829,-2.8418,-3.1958,10.5786;
33,Standing,34516829,-2.8418,-3.1909,10.5811;
33,Standing,34567829,-2.8516,-3.2617,10.6567;
33,Standing,34618829,-2.7832,-3.2178,10.6177;
33,Standing,34669829,-2.8149,-3.1348,10.6616;
33,Standing,34720829,-2.7905,-3.1836,10.5322;
33,Standing,34771829,-2.8296,-3.2007,10.6421;
33,Standing,34822829,-2.8467,-3.1885,10.6006;
33,Standing,34873829,-2.8198,-3.3008,10.6226;
33,Standing,34924829,-2.8345,-3.1860,10.5493;
33,Standing,34975829,-2.7979,-3.1982,10.6128;
33,Standing,35026829,-2.8516,-3.1787,10.5981;
33,Standing,35077829,-2.9028,-3.2349,10.5713;
33,Standing,35128829,-2.8174,-3.3325,10.5933;
33,Standing,35179829,-2.8003,-3.2764,10.5444;
33,Standing,35230829,-2.9077,-3.1396,10.5469;
33,Standing,35281829,-2.8125,-3.1470,10.6104;
33,Standing,35332829,-2.8735,-3.2031,10.6421;
33,Standing,35383829,-2.7466,-3.1738,10.5566;
33,Standing,35434829,-2.8833,-3.2178,10.6567;
33,Standing,35485829,-2.8418,-3.2178,10.5713;
33,Standing,35536829,-2.8589,-3.2104,10.6396;
33,Standing,35587829,-2.7979,-3.1226,10.6396;
33,Standing,35638829,-2.8638,-3.1616,10.6201;
33,Standing,35689829,-2.8613,-3.2300,10.6128;
33,Standing,35740829,-2.8027,-3.1836,10.5933;
33,Standing,35791829,-2.9028,-3.1519,10.6299;
33,Standing,35842829,-2.8394,-3.1787,10.6665;
33,Standing,35893829,-2.8882,-3.1714,10.6616;
33,Standing,35944829,-2.8101,-3.1152,10.6372;
33,Standing,35995829,-2.8613,-3.2031,10.5688;
33,Standing,36046829,-2.8979,-3.1641,10.5737;
33,Standing,36097829,-2.8589,-3.1982,10.6030;
33,Standing,36148829,-2.8369,-3.1641,10.6592;
33,Standing,36199829,-2.8857,-3.2104,10.5322;
33,Standing,36250829,-2.8320,-3.1958,10.6250;
33,Standing,36301829,-2.8125,-3.1958,10.5981;
33,Standing,36352829,-2.8687,-3.1958,10.5786;
33,Standing,36403829,-2.8540,-3.0933,10.6323;
33,Standing,36454829,-2.8174,-3.2031,10.6055;
33,Standing,36505829,-2.8125,-3.2056,10.6421;
33,Standing,36556829,-2.8491,-3.0859,10.6592;
33,Standing,36607829,-2.8149,-3.1836,10.5542;
33,Standing,36658829,-2.7539,-3.2959,10.5542;
33,Standing,36709829,-2.8857,-3.2202,10.6055;
33,Standing,36760829,-2.8247,-3.1763,10.5981;
33,Standing,36811829,-2.8052,-3.2837,10.5957;
33,Standing,36862829,-2.7954,-3.2129,10.6543;
33,Standing,36913829,-2.8687,-3.1372,10.5371;
33,Standing,36964829,-2.8223,-3.2080,10.5884;
33,Standing,37015829,-2.7832,-3.2886,10.5444;
33,Standing,37066829,-2.8540,-3.2349,10.5566;
33,Standing,37117829,-2.8491,-3.2495,10.5273;
33,Standing,37168829,-2.8589,-3.0957,10.6763;
33,Standing,37219829,-2.8809,-3.0493,10.6860;
33,Standing,37270829,-3.0200,-3.0493,10.5078;
33,Standing,37321829,-2.6733,-3.2788,10.6030;
33,Standing,37372829,-2.9370,-3.5742,10.3906;
33,Standing,37423829,-2.7441,-3.3667,10.4956;
33,Standing,37474829,-2.6978,-2.9102,10.7910;
33,Standing,37525829,-3.0371,-2.9785,10.6836;
33,Standing,37576829,-2.7563,-3.2129,10.5322;
33,Standing,37627829,-2.8174,-2.9468,10.6860;
33,Standing,37678829,-2.8882,-3.0005,10.6543;
33,Standing,37729829,-2.8418,-3.0469,10.7275;
33,Standing,37780829,-2.7856,-3.0542,10.6470;
33,Standing,37831829,-2.8198,-3.1177,10.6909;
33,Standing,37882829,-2.8369,-3.0737,10.5908;
33,Standing,37933829,-2.8345,-3.0200,10.7104;
33,Standing,37984829,-2.8247,-2.9834,10.6543;
33,Standing,38035829,-2.8247,-3.0737,10.7007;
33,Standing,38086829,-2.9443,-3.0322,10.5981;
33,Standing,38137829,-2.8735,-2.9932,10.7153;
33,Standing,38188829,-2.8760,-2.9736,10.6494;
33,Standing,38239829,-2.8613,-2.9541,10.6982;
33,Standing,38290829,-2.9028,-2.9199,10.6592;
33,Standing,38341829,-2.8711,-2.9663,10.6104;
33,Standing,38392829,-2.8784,-2.9883,10.6494;
33,Standing,38443829,-2.8931,-2.9492,10.6641;
33,Standing,38494829,-2.8760,-3.1055,10.6763;
33,Standing,38545829,-2.8320,-3.0664,10.6812;
33,Standing,38596829,-2.8418,-2.9419,10.6396;
33,Standing,38647829,-2.9028,-2.9858,10.6689;
33,Standing,38698829,-2.8857,-2.9785,10.6616;
33,Standing,38749829,-2.7832,-3.0615,10.6787;
33,Standing,39799979,-0.0012,-0.0012,-0.0012;
33,Standing,39850841,-2.8174,-3.0273,10.6909;
33,Standing,39901829,-2.7563,-3.1543,10.6958;
33,Standing,39952830,-2.8027,-3.0859,10.6934;
33,Standing,40003829,-2.7954,-3.0566,10.6836;
33,Standing,40054829,-2.7563,-3.1006,10.6177;
33,Standing,40105829,-2.8467,-3.1128,10.5957;
33,Standing,40156829,-2.8467,-3.0762,10.6421;
33,Standing,40207829,-2.8394,-3.0127,10.6177;
33,Standing,40258829,-2.8711,-3.0225,10.6836;
33,Standing,40309829,-2.8174,-3.0225,10.6152;
33,Standing,40360829,-2.8857,-3.1299,10.5859;
33,Standing,40411829,-2.9395,-3.0078,10.6030;
33,Standing,40462829,-2.9614,-2.9980,10.5566;
33,Standing,40513829,-2.7759,-3.0811,10.6616;
33,Standing,40564829,-2.8394,-3.1128,10.6323;
33,Standing,40615829,-2.8857,-3.1128,10.5933;
33,Standing,40666829,-2.8613,-3.0273,10.6763;
33,Standing,40717829,-2.9346,-3.0469,10.6689;
33,Standing,40768829,-2.9126,-3.0542,10.6738;
33,Standing,40819829,-2.8857,-3.0176,10.5811;
33,Standing,40870829,-2.9565,-2.8613,10.6104;
33,Standing,40921829,-2.9248,-3.0688,10.5884;
33,Standing,40972829,-2.8662,-3.0151,10.5688;
33,Standing,41023829,-2.8809,-2.9492,10.7129;
33,Standing,41074829,-2.9443,-2.9883,10.6543;
33,Standing,41125829,-2.8979,-2.9810,10.6250;
33,Standing,41176829,-2.8589,-3.0737,10.7056;
33,Standing,41227843,-2.8979,-2.9370,10.6152;
33,Standing,41278829,-2.8687,-2.9639,10.7007;
33,Standing,41329829,-2.9077,-3.0396,10.5957;
33,Standing,41380829,-2.9077,-3.0591,10.6885;
33,Standing,41431829,-2.8540,-3.0811,10.6812;
33,Standing,41482829,-2.9077,-3.0103,10.6079;
33,Standing,41533829,-2.8418,-3.0469,10.6348;
33,Standing,41584829,-2.9150,-2.9785,10.6079;
33,Standing,41635829,-2.9370,-3.0640,10.6641;
33,Standing,41686829,-2.9639,-2.9736,10.6689;
33,Standing,41737829,-2.8442,-3.0786,10.6152;
33,Standing,41788829,-2.8613,-3.0591,10.6079;
33,Standing,41839829,-2.9102,-3.0347,10.6958;
33,Standing,41890829,-2.8345,-3.0908,10.6274;
33,Standing,41941829,-2.8784,-3.0591,10.6274;
33,Standing,41992829,-2.7490,-3.0005,10.6592;
33,Standing,42043829,-2.8271,-3.1128,10.6616;
33,Standing,42094829,-2.9395,-3.1445,10.5591;
33,Standing,42145829,-2.8955,-3.0420,10.6714;
33,Standing,42196829,-2.8687,-3.0664,10.6592;
33,Standing,42247829,-2.8296,-3.1543,10.6470;
33,Standing,42298829,-2.8271,-3.2227,10.6104;
33,Standing,42349829,-2.8052,-3.1299,10.7471;
33,Standing,42400829,-2.8442,-3.0469,10.6763;
33,Standing,42451829,-2.8662,-3.0933,10.6909;
33,Standing,42502829,-2.8149,-3.0981,10.6714;
33,Standing,42553829,-2.7783,-3.0835,10.6323;
33,Standing,42604829,-2.8857,-3.1299,10.5591;
33,Standing,42655829,-2.8174,-2.9907,10.7080;
33,Standing,42706829,-2.8320,-2.9663,10.6982;
33,Standing,42757829,-2.8687,-3.1836,10.4956;
33,Standing,42808829,-2.8833,-3.0884,10.6909;
33,Standing,42859829,-2.8174,-3.0078,10.7129;
33,Standing,42910829,-2.8906,-3.0103,10.5469;
33,Standing,42961829,-2.8198,-3.0884,10.5762;
33,Standing,43012829,-2.8491,-3.0737,10.6812;
33,Standing,43063829,-2.8906,-3.1006,10.6934;
33,Standing,43114829,-2.9004,-3.0444,10.6665;
33,Standing,43165829,-2.8516,-3.0664,10.6665;
33,Standing,43216829,-2.8467,-3.0615,10.6030;
33,Standing,43267829,-2.8882,-3.0664,10.5762;
33,Standing,43318829,-2.8345,-3.1030,10.6519;
33,Standing,43369829,-2.9102,-3.0542,10.5591;
33,Standing,43420829,-2.8760,-3.0176,10.6226;
33,Standing,43471829,-2.8198,-3.0688,10.5713;
33,Standing,43522829,-2.8540,-3.0566,10.6519;
33,Standing,43573829,-2.8516,-3.0591,10.5688;
33,Standing,43624829,-2.9541,-3.0322,10.6348;
33,Standing,43675829,-2.9053,-3.0396,10.6787;
33,Standing,43726829,-2.8320,-3.0933,10.6396;
33,Standing,43777829,-2.9175,-3.0664,10.6299;
33,Standing,43828829,-2.8369,-3.0176,10.6787;
33,Standing,43879829,-2.8784,-3.0371,10.6250;
33,Standing,43930829,-2.8271,-3.0835,10.6299;
33,Standing,43981829,-2.8638,-3.0420,10.5420;
33,Standing,44032829,-2.9028,-3.0249,10.6494;
33,Standing,44083829,-2.8833,-3.0420,10.6201;
33,Standing,44134829,-2.8906,-3.0664,10.6250;
33,Standing,44185829,-2.8271,-3.0029,10.6958;
33,Standing,44236829,-2.7759,-3.0566,10.6323;
33,Standing,44287829,-2.9053,-3.0273,10.6909;
33,Standing,44338829,-2.8809,-3.0298,10.7056;
33,Standing,44389829,-2.8418,-3.0273,10.6812;
33,Standing,44440829,-2.8955,-2.9639,10.6714;
33,Standing,44491829,-2.8247,-3.0249,10.6567;
33,Standing,44542829,-2.8882,-3.0786,10.6445;
33,Standing,44593829,-2.8467,-2.9980,10.6982;
33,Standing,44644829,-2.8979,-2.9419,10.6616;
33,Standing,44695829,-2.8271,-2.9932,10.6567;
33,Standing,44746829,-2.8516,-2.9736,10.6909;
33,Standing,44797829,-2.8320,-3.0615,10.7129;
33,Standing,44848829,-2.8760,-3.0591,10.6836;
33,Standing,44899829,-2.8320,-3.0029,10.5493;
33,Standing,44950829,-2.8735,-3.0029,10.5786;
33,Standing,45001829,-2.8418,-3.0249,10.6885;
33,Standing,45052829,-2.8760,-3.0737,10.5908;
33,Standing,45103829,-2.8882,-3.0493,10.5957;
33,Standing,45154829,-2.8809,-2.9590,10.6104;
33,Standing,45205829,-2.8711,-2.9810,10.6836;
33,Standing,45256829,-2.8955,-2.9712,10.6323;
33,Standing,45307829,-2.8784,-3.0884,10.6958;
33,Standing,45358829,-2.8320,-3.0127,10.6372;
33,Standing,45409829,-2.8760,-2.9810,10.6494;
33,Standing,45460829,-2.8735,-3.0151,10.6592;
33,Standing,45511829,-2.9590,-2.9370,10.6006;
33,Standing,45562829,-2.8320,-3.0713,10.6201;
33,Standing,45613829,-2.8296,-3.0054,10.6641;
33,Standing,45664829,-2.8882,-3.0078,10.6665;
33,Standing,45715829,-2.8711,-3.0127,10.6934;
33,Standing,45766829,-2.9102,-3.0298,10.5981;
33,Standing,45817829,-2.8735,-3.0151,10.6299;
33,Standing,45868829,-2.8564,-2.9956,10.6152;
33,Standing,45919829,-2.8442,-3.0786,10.6519;
33,Standing,45970829,-2.9614,-2.9297,10.6152;
33,Standing,46021829,-2.7734,-3.0078,10.6030;
33,Standing,46072829,-2.8467,-3.0225,10.5713;
33,Standing,46123829,-2.8296,-5.6274,-0.3149;
33,Standing,46174829,-2.8223,-3.0420,10.6128;
33,Standing,46225829,-2.9028,-2.9858,10.7104;
33,Standing,46276829,-2.8076,-3.0566,10.6470;
33,Standing,46327829,-2.9395,-3.0371,10.6665;
33,Standing,46378829,-2.8223,-3.0176,10.6567;
33,Standing,46429829,-2.8467,-2.9517,10.6299;
33,Standing,46480829,-2.9028,-3.0200,10.6616;
33,Standing,46531829,-2.8809,-2.9932,10.7056;
33,Standing,46582829,-2.8052,-3.0225,10.6226;
33,Standing,46633829,-2.8369,-3.0713,10.6567;
33,Standing,46684829,-2.8345,-3.0151,10.6934;
33,Standing,46735829,-2.8320,-3.0225,10.6616;
33,Standing,46786829,-2.9126,-2.9907,10.7007;
33,Standing,46837829,-2.8369,-2.9785,10.6616;
33,Standing,46888829,-2.8052,-3.0103,10.6543;
33,Standing,46939829,-2.8052,-3.1665,10.5908;
33,Standing,46990829,-2.7637,-3.0981,10.6592;
33,Standing,47041829,-2.8589,-2.9858,10.6323;
33,Standing,47092829,-2.8003,-2.9443,10.6714;
33,Standing,47143829,-2.8760,-2.9541,10.6860;
33,Standing,47194829,-2.8540,-2.9370,10.8179;
33,Standing,47245829,-2.7954,-2.8955,10.6885;
33,Standing,47296829,-2.6904,-2.9443,10.7471;
33,Standing,47347829,-2.8052,-3.1299,10.6396;
33,Standing,47398829,-2.8320,-3.0200,10.6030;
33,Standing,47449829,-2.8296,-3.0444,10.6567;
33,Standing,47500829,-2.8223,-2.9297,10.7129;
33,Standing,47551829,-2.8809,-2.9590,10.7275;
33,Standing,47602829,-2.8149,-2.9272,10.7275;
33,Standing,47653829,-2.8296,-2.9858,10.7422;
33,Standing,47704829,-2.8711,-2.9614,10.6641;
33,Standing,47755830,-2.8296,-3.0078,10.6250;
33,Standing,47806829,-2.8125,-2.9028,10.6543;
33,Standing,47857829,-2.8027,-3.0005,10.7568;
33,Standing,47908829,-2.8516,-3.0054,10.6934;
33,Standing,47959829,-2.8955,-2.9590,10.6958;
33,Standing,48010829,-2.8442,-2.9712,10.7251;
33,Standing,48061829,-2.8540,-2.8809,10.6519;
33,Standing,48112829,-2.7930,-2.9712,10.5762;
33,Standing,48163829,-2.8882,-3.0713,10.6616;
33,Standing,48214829,-2.8247,-2.9712,10.6519;
33,Standing,48265829,-2.9150,-2.8979,10.6250;
33,Standing,48316829,-2.9272,-2.8809,10.6714;
33,Standing,48367201,-0.0012,-0.0012,-0.0012;
33,Standing,48417838,-2.8931,-2.9053,10.6128;
33,Standing,48468829,-2.8882,-2.8784,10.6079;
33,Standing,48519829,-2.9199,-2.9150,10.6470;
33,Standing,48570829,-2.8833,-2.8931,10.5908;
33,Standing,48621829,-2.9053,-2.9297,10.6714;
33,Standing,48672829,-2.9346,-3.0127,10.6836;
33,Standing,48723829,-2.9224,-2.8296,10.6519;
33,Standing,48774829,-2.8467,-2.8491,10.6177;
33,Standing,48825829,-2.9395,-2.9370,10.6519;
33,Standing,48876829,-2.9297,-2.9736,10.6201;
33,Standing,48927829,-2.8662,-2.9614,10.5957;
33,Standing,48978829,-2.9126,-2.8784,10.6738;
33,Standing,49029829,-2.8564,-2.8760,10.6348;
33,Standing,49080829,-2.8467,-2.8320,10.6665;
33,Standing,49131829,-2.8760,-2.9346,10.6982;
33,Standing,49182829,-2.9858,-2.9395,10.7202;
33,Standing,49233829,-2.9395,-2.8613,10.6812;
33,Standing,49284829,-2.8809,-2.9004,10.7031;
33,Standing,49335829,-2.8955,-2.8955,10.7300;
33,Standing,49386829,-2.9517,-2.9297,10.6934;
33,Standing,49437829,-2.8857,-2.9150,10.7007;
33,Standing,49488829,-2.9297,-2.9565,10.6982;
33,Standing,49539829,-2.9126,-2.9077,10.7446;
33,Standing,49590829,-2.9468,-2.8662,10.6982;
33,Standing,49641829,-2.9126,-2.9663,10.6689;
33,Standing,49692829,-2.8491,-3.0005,10.6934;
33,Standing,49743829,-2.8345,-2.9663,10.7056;
33,Standing,49794829,-2.8369,-2.9565,10.6689;
33,Standing,49845829,-2.9004,-2.9077,10.5542;
33,Standing,49896829,-2.9297,-2.9395,10.6250;
33,Standing,49947829,-2.8882,-2.9761,10.6421;
33,Standing,49998829,-2.8687,-2.9248,10.6445;
33,Standing,50049829,-2.9468,-2.8564,10.6714;
33,Standing,50100829,-2.9102,-2.9224,10.7007;
33,Standing,50151829,-2.8955,-2.8979,10.6567;
33,Standing,50202829,-2.8638,-2.9590,10.6201;
33,Standing,50253829,-2.8467,-2.9785,10.6982;
33,Standing,50304829,-2.8467,-2.9468,10.7300;
33,Standing,50355829,-2.8662,-2.9053,10.6494;
33,Standing,50406829,-2.9370,-2.9419,10.6909;
33,Standing,50457829,-2.8613,-2.9712,10.6763;
33,Standing,50508829,-2.8906,-2.9395,10.6860;
33,Standing,50559829,-2.8906,-2.9321,10.6616;
33,Standing,50610829,-2.8784,-2.9199,10.6714;
33,Standing,50661829,-2.9321,-2.8979,10.7422;
33,Standing,50712829,-2.8955,-2.8979,10.7373;
33,Standing,50763829,-2.9346,-2.9419,10.6104;
33,Standing,50814829,-2.8052,-2.9102,10.7275;
33,Standing,50865829,-2.8564,-2.9346,10.6714;
33,Standing,50916829,-2.8442,-2.9663,10.7349;
33,Standing,50967829,-2.9004,-2.9199,10.6689;
33,Standing,51018829,-2.8687,-3.0054,10.7471;
33,Standing,51069829,-2.8711,-2.9053,10.5933;
33,Standing,51120829,-2.8906,-2.9785,10.6909;
33,Standing,51171829,-2.8687,-2.9956,10.7031;
33,Standing,51222829,-2.8467,-2.9053,10.7129;
33,Standing,51273829,-2.8418,-2.8809,10.6250;
33,Standing,51324829,-2.8687,-2.9761,10.6958;
33,Standing,51375829,-2.8589,-2.9565,10.6494;
33,Standing,51426829,-2.9199,-2.9102,10.7129;
33,Standing,51477829,-2.8320,-2.9272,10.6763;
33,Standing,51528829,-2.8809,-2.9297,10.7544;
33,Standing,51579829,-2.7856,-2.9712,10.6812;
33,Standing,51630829,-2.8320,-2.9639,10.6250;
33,Standing,51681829,-2.8857,-2.9297,10.6494;
33,Standing,51732829,-2.8198,-2.8735,10.6372;
33,Standing,51783829,-2.8564,-2.9321,10.6714;
33,Standing,51834829,-2.8662,-2.9248,10.6763;
33,Standing,51885829,-2.8174,-3.0762,10.6201;
33,Standing,51936829,-2.9175,-2.9541,10.6738;
33,Standing,51987829,-2.8052,-2.9492,10.7593;
33,Standing,52038829,-2.8052,-3.0151,10.6396;
33,Standing,52089829,-2.8833,-2.9687,10.6689;
33,Standing,52140829,-2.8735,-2.9761,10.6860;
33,Standing,52191829,-2.8467,-2.9736,10.7202;
33,Standing,52242829,-2.8223,-2.9590,10.6592;
33,Standing,52293829,-2.8442,-2.9639,10.6714;
33,Standing,52344829,-2.8369,-2.9761,10.7202;
33,Standing,52395829,-2.8442,-3.0273,10.6714;
33,Standing,52446829,-2.8564,-2.9858,10.6665;
33,Standing,52497829,-2.8394,-2.9565,10.6543;
33,Standing,52548829,-2.8345,-2.9712,10.6519;
33,Standing,52599829,-2.8418,-2.9492,10.7129;
33,Standing,52650829,-2.7808,-2.9663,10.6958;
33,Standing,52701829,-2.8198,-2.9541,10.7446;
33,Standing,52752829,-2.7954,-2.9687,10.7251;
33,Standing,52803829,-2.8589,-2.9834,10.7324;
33,Standing,52854829,-2.8003,-2.9370,10.6567;
33,Standing,52905829,-2.8174,-2.9199,10.6885;
33,Standing,52956829,-2.7905,-2.9883,10.6274;
33,Standing,53007829,-2.7979,-3.0420,10.7764;
33,Standing,53058829,-2.8662,-2.9102,10.6299;
33,Standing,53109829,-2.8320,-2.9150,10.7666;
33,Standing,53160829,-2.9077,-2.9053,10.6470;
33,Standing,53211829,-2.8394,-2.9590,10.6982;
33,Standing,53262829,-2.8662,-2.9028,10.6689;
33,Standing,53313829,-2.8491,-2.9297,10.6909;
33,Standing,53364829,-2.8052,-2.8955,10.6738;
33,Standing,53415829,-2.8540,-2.9541,10.6934;
33,Standing,53466829,-2.8296,-2.9199,10.6958;
33,Standing,53517829,-2.8442,-2.9419,10.6665;
33,Standing,53568829,-2.8271,-2.9614,10.6836;
33,Standing,53619829,-2.7832,-2.9370,10.6543;
33,Standing,53670829,-2.8149,-2.9297,10.7739;
33,Standing,53721829,-2.8540,-2.9492,10.6348;
33,Standing,53772829,-2.8296,-2.9297,10.6299;
33,Standing,53823829,-2.8369,-2.9639,10.6860;
33,Standing,53874829,-2.8394,-2.9272,10.6812;
33,Standing,53925829,-2.8638,-2.9443,10.6934;
33,Standing,53976829,-2.8882,-2.9370,10.7056;
33,Standing,54027829,-2.8394,-2.8931,10.7104;
33,Standing,54078829,-2.8760,-2.9468,10.7129;
33,Standing,54129829,-2.9102,-2.9028,10.6763;
33,Standing,54180816,-2.8833,-2.9761,10.7690;
33,Standing,54231829,-2.8467,-2.9590,10.7251;
33,Standing,54282829,-2.9077,-2.9102,10.6250;
33,Standing,54333829,-2.8638,-2.9761,10.7031;
33,Standing,54384829,-2.9004,-2.9663,10.6909;
33,Standing,54435829,-2.8784,-2.9297,10.6494;
33,Standing,54486829,-2.8711,-3.0029,10.6470;
33,Standing,54537829,-2.8613,-2.9956,10.6152;
33,Standing,54588829,-2.8174,-3.0249,10.6860;
33,Standing,54639829,-2.8247,-2.9443,10.6689;
33,Standing,54690829,-2.8979,-2.9541,10.6396;
33,Standing,54741829,-2.8638,-2.9272,10.6592;
33,Standing,54792829,-2.8442,-3.0005,10.6909;
33,Standing,54843829,-2.8052,-2.9956,10.7568;
33,Standing,54894829,-2.8491,-3.0127,10.6250;
33,Standing,54945829,-2.8394,-2.9102,10.6714;
33,Standing,54996829,-2.8540,-2.9712,10.6323;
33,Standing,55047829,-2.8174,-2.9785,10.6201;
33,Standing,55098829,-2.8760,-2.9297,10.7178;
33,Standing,55149829,-2.8467,-2.9150,10.7178;
33,Standing,55200829,-2.8564,-2.9102,10.6860;
33,Standing,55251829,-2.8296,-2.9272,10.6934;
33,Standing,55302829,-2.8516,-3.0127,10.5664;
33,Standing,55353829,-2.8271,-2.9297,10.7129;
33,Standing,55404829,-2.8125,-2.9419,10.7056;
33,Standing,55455829,-2.8467,-2.9590,10.7056;
33,Standing,55506829,-2.8247,-3.0078,10.6030;
33,Standing,55557829,-2.8467,-2.9126,10.7178;
33,Standing,55608829,-2.8613,-2.9492,10.7300;
33,Standing,55659829,-2.8857,-2.8467,10.6787;
33,Standing,55710829,-2.8271,-2.9468,10.6665;
33,Standing,55761829,-2.8735,-2.9028,10.6763;
33,Standing,55812829,-2.8369,-2.8711,10.7080;
33,Standing,55863829,-2.8979,-2.9712,10.7349;
33,Standing,55914829,-2.8955,-2.9517,10.6909;
33,Standing,55965829,-2.8540,-2.9443,10.6665;
33,Standing,56016829,-2.8467,-2.9565,10.7056;
33,Standing,56067829,-2.8540,-2.9590,10.6860;
33,Standing,56118829,-2.8857,-2.9028,10.6519;
33,Standing,56169829,-2.8906,-2.9541,10.7178;
33,Standing,56220829,-2.8516,-2.9028,10.6616;
33,Standing,56271829,-2.8369,-2.9761,10.6543;
33,Standing,56322829,-2.8564,-2.9639,10.6543;
33,Standing,56373829,-2.8198,-2.9321,10.6982;
33,Standing,56424829,-2.7979,-2.9761,10.6543;
33,Standing,56475829,-2.8320,-2.9785,10.6299;
33,Standing,56526829,-2.8198,-3.0298,10.6396;
33,Standing,56577829,-2.8125,-2.9492,10.7471;
33,Standing,56628829,-2.8931,-2.9346,10.7227;
33,Standing,56679829,-2.8369,-2.9150,10.6567;
33,Standing,56730829,-2.8857,-2.9687,10.6421;
33,Standing,56781829,-2.7856,-2.9565,10.6396;
33,Standing,56832829,-2.8857,-2.9590,10.6982;
33,Standing,56883829,-2.8931,-2.9663,10.7129;
33,Standing,56934829,-2.8174,-3.0054,10.6470;
33,Standing,56985829,-2.8735,-2.9736,10.6421;
33,Standing,57036829,-2.8638,-2.9883,10.6592;
33,Standing,57087829,-2.8174,-2.9858,10.7129;
33,Standing,57138829,-2.8467,-2.9614,10.6689;
33,Standing,57189829,-2.8638,-2.9687,10.6494;
33,Standing,57240829,-2.8687,-2.9370,10.6470;
33,Standing,57291829,-2.8906,-2.8809,10.6616;
33,Standing,57342829,-2.8223,-2.9321,10.7788;
33,Standing,57393838,-2.8564,-2.9687,10.7422;
33,Standing,57444829,-2.8076,-2.9590,10.6689;
33,Standing,57495829,-2.8516,-2.9492,10.7129;
33,Standing,57546829,-2.7856,-2.9639,10.6128;
33,Standing,57597829,-2.7905,-3.0298,10.6421;
33,Standing,57648829,-2.8442,-2.9321,10.6396;
33,Standing,57699829,-2.7808,-2.9614,10.7251;
33,Standing,57750829,-2.8784,-2.9248,10.6787;
33,Standing,57801829,-2.8345,-2.9419,10.7813;
33,Standing,57852829,-2.8369,-2.9590,10.6909;
33,Standing,57903829,-2.9004,-2.8955,10.6860;
33,Standing,57954829,-2.8735,-2.9248,10.7129;
33,Standing,58005829,-2.8809,-2.9980,10.6494;
33,Standing,58056829,-2.8662,-2.9565,10.6665;
33,Standing,58107829,-2.8442,-2.9077,10.6860;
33,Standing,58158829,-2.8613,-2.9395,10.6763;
33,Standing,58209829,-2.8101,-2.9956,10.6958;
33,Standing,58260829,-2.8906,-2.8955,10.6763;
33,Standing,58311829,-2.7856,-2.8760,10.7715;
33,Standing,58362829,-2.9053,-2.9565,10.6641;
33,Standing,58413829,-2.8345,-3.0249,10.6738;
33,Standing,58464829,-2.8809,-2.9321,10.6641;
33,Standing,58515829,-2.8760,-2.8979,10.6445;
33,Standing,58566829,-2.9346,-2.9517,10.6128;
33,Standing,58617829,-2.8369,-2.9663,10.6738;
33,Standing,58668829,-2.7661,-2.9248,10.6982;
33,Standing,58719829,-2.8540,-2.9395,10.6934;
33,Standing,58770829,-2.8491,-2.9687,10.7129;
33,Standing,58821829,-2.8174,-3.0322,10.6592;
33,Standing,58872829,-2.8369,-2.8564,10.7666;
33,Standing,58923829,-2.8491,-2.9419,10.5859;
33,Standing,58974829,-2.8320,-2.9346,10.6299;
33,Standing,59025829,-2.8442,-2.9541,10.6665;
33,Standing,59076829,-2.8516,-2.9199,10.6714;
33,Standing,59127829,-2.8027,-2.9736,10.6250;
33,Standing,59178829,-2.9053,-3.0396,10.6250;
33,Standing,59229829,-2.7832,-2.9687,10.6470;
33,Standing,59280829,-2.8467,-2.9932,10.6714;
33,Standing,59331829,-2.8247,-2.9443,10.6323;
33,Standing,59382829,-2.8638,-3.0176,10.6519;
33,Standing,59433829,-2.8296,-2.9834,10.6836;
33,Standing,59484829,-2.7979,-2.9810,10.6299;
33,Standing,59535829,-2.8198,-2.9736,10.6689;
33,Standing,59586829,-2.8174,-2.9517,10.5908;
33,Standing,59637829,-2.8369,-2.9810,10.7544;
33,Standing,59688829,-2.8467,-2.9712,10.6494;
33,Standing,59739829,-2.7832,-2.9590,10.6812;
33,Standing,59790829,-2.8003,-2.9858,10.6714;
33,Standing,59841829,-2.8345,-2.9395,10.6470;
33,Standing,59892829,-2.8857,-2.9175,10.6836;
33,Standing,59943829,-2.8516,-2.9663,10.6665;
33,Standing,59994829,-2.8467,-3.0396,10.7227;
33,Standing,60045829,-2.8223,-2.9932,10.6787;
33,Standing,60096829,-2.8418,-2.9883,10.7568;
33,Standing,60147829,-2.9224,-2.9126,10.6982;
33,Standing,60198829,-2.8271,-2.9370,10.6812;
33,Standing,60249829,-2.7881,-2.9883,10.6616;
33,Standing,60300829,-2.8003,-2.9272,10.6396;
33,Standing,60351829,-2.8369,-2.8882,10.7349;
33,Standing,60402829,-2.8955,-2.9541,10.6421;
33,Standing,60453829,-2.9102,-2.9614,10.6860;
33,Standing,60504829,-2.8320,-2.9810,10.6641;
33,Standing,60555829,-2.8809,-2.9663,10.6519;
33,Standing,60606829,-2.8687,-2.9639,10.7397;
33,Standing,60657829,-2.8809,-2.9126,10.7251;
33,Standing,60708829,-2.8809,-2.9932,10.6201;
33,Standing,60759829,-2.9126,-2.9639,10.6372;
33,Standing,60810829,-2.8149,-2.9590,10.6714;
33,Standing,60861829,-2.9443,-2.9419,10.7104;
33,Standing,60912829,-2.8589,-2.9248,10.7031;
33,Standing,60963829,-2.8857,-2.9590,10.6909;
33,Standing,61014829,-2.8882,-2.9321,10.7227;
33,Standing,61065829,-2.8906,-2.9785,10.6396;
33,Standing,61116829,-2.8247,-2.9639,10.6958;
33,Standing,61167829,-2.8442,-2.9224,10.6763;
33,Standing,61218829,-2.8809,-2.9395,10.6616;
33,Standing,61269837,-2.9028,-2.9492,10.5859;
33,Standing,61320829,-2.8613,-2.9858,10.6543;
33,Standing,61371829,-2.8882,-2.9639,10.6909;
33,Standing,61422829,-2.9224,-2.9224,10.6885;
33,Standing,61473829,-2.8369,-3.0737,10.7178;
33,Standing,61524829,-2.8735,-2.9785,10.6445;
33,Standing,61575829,-2.8687,-2.9785,10.5908;
33,Standing,61626829,-2.9028,-3.0127,10.6470;
33,Standing,61677829,-2.7832,-3.0566,10.7056;
33,Standing,61728829,-2.8687,-2.9736,10.7129;
33,Standing,61779829,-2.8516,-2.8589,10.6494;
33,Standing,61830829,-2.9102,-2.9810,10.6787;
33,Standing,61881829,-2.8540,-2.9932,10.7153;
33,Standing,61932829,-2.9004,-2.9272,10.6421;
33,Standing,61983829,-2.8223,-3.0298,10.6396;
33,Standing,62034829,-2.8418,-2.9590,10.6152;
33,Standing,62085829,-2.7612,-2.9590,10.6714;
33,Standing,62136829,-2.9004,-3.0518,10.6128;
33,Standing,62187829,-2.8760,-2.8955,10.5859;
33,Standing,62238829,-2.8784,-2.9053,10.7202;
33,Standing,62289829,-2.8809,-2.9321,10.6665;
33,Standing,62340829,-2.8320,-2.9443,10.6714;
33,Standing,62391829,-2.8833,-2.9687,10.6812;
33,Standing,62442829,-2.8833,-2.9883,10.6079;
33,Standing,62493829,-2.8979,-2.9980,10.6909;
33,Standing,62544829,-2.8662,-2.9443,10.6177;
33,Standing,62595829,-2.8857,-2.8931,10.7275;
33,Standing,62646829,-2.8784,-2.9932,10.7031;
33,Standing,62697829,-2.8857,-2.9858,10.6592;
33,Standing,62748829,-2.8760,-2.9883,10.6689;
33,Standing,62799829,-2.9150,-2.9785,10.6567;
33,Standing,62850829,-2.9272,-2.8760,10.6323;
33,Standing,62901829,-2.8345,-2.9834,10.6323;
33,Standing,62952829,-2.8979,-3.0225,10.6494;
33,Standing,63003829,-2.8613,-3.0078,10.6519;
33,Standing,63054829,-2.8687,-2.9395,10.5981;
33,Standing,63105829,-2.8589,-2.9468,10.6885;
33,Standing,63156829,-2.8394,-2.9761,10.6152;
33,Standing,63207829,-2.8320,-2.9736,10.6055;
33,Standing,63258829,-2.8833,-2.9248,10.6543;
33,Standing,63309829,-2.8882,-2.9956,10.5786;
33,Standing,63360829,-2.9175,-2.9614,10.6543;
33,Standing,63411829,-2.8418,-3.0469,10.6494;
33,Standing,63462829,-2.9028,-2.9761,10.6494;
33,Standing,63513829,-2.9492,-2.9053,10.6055;
33,Standing,63564829,-2.8540,-3.0371,10.6030;
33,Standing,63615829,-2.9102,-2.9956,10.6836;
33,Standing,63666829,-2.7954,-3.0420,10.6982;
33,Standing,63717829,-2.7832,-3.0396,10.6934;
33,Standing,63768829,-2.9028,-3.0200,10.6226;
33,Standing,63819829,-2.8613,-3.0151,10.6177;
33,Standing,63870830,-2.8394,-3.0591,10.6055;
33,Standing,63921829,-2.8247,-3.0444,10.6226;
33,Standing,63972829,-2.8564,-3.0127,10.6519;
33,Standing,64023829,-2.8662,-3.0078,10.6494;
33,Standing,64074829,-2.8833,-2.8931,10.6055;
33,Standing,64125829,-2.8320,-2.9541,10.6030;
33,Standing,64176829,-2.9053,-2.9834,10.5518;
33,Standing,64227829,-2.8516,-2.9590,10.7275;
33,Standing,64278829,-2.8955,-2.9932,10.7056;
33,Standing,64329829,-2.8052,-3.0298,10.6860;
33,Standing,64380829,-2.9028,-2.9883,10.5518;
33,Standing,64431829,-2.8345,-2.9956,10.6323;
33,Standing,64482829,-2.8540,-3.0518,10.6616;
33,Standing,64533829,-2.8882,-2.9761,10.6274;
33,Standing,64584829,-2.8662,-2.9224,10.7275;
33,Standing,64635829,-2.8491,-2.9736,10.7324;
33,Standing,64686829,-2.9126,-2.9907,10.6836;
33,Standing,64737829,-2.8149,-2.9565,10.6421;
33,Standing,64788829,-2.8979,-2.9077,10.7007;
33,Standing,64839829,-2.9224,-2.9102,10.7031;
33,Standing,64890829,-2.9224,-2.9883,10.6055;
33,Standing,64941829,-2.8687,-2.9517,10.7031;
33,Standing,64992829,-2.8906,-2.9102,10.6812;
33,Standing,65043829,-2.8882,-2.9370,10.6738;
33,Standing,65094829,-2.8760,-2.9175,10.7446;
33,Standing,65145815,-2.8320,-2.9321,10.6250;
33,Standing,65196829,-2.9102,-2.9858,10.7373;
33,Standing,65247829,-2.8809,-2.9297,10.6177;
33,Standing,65298829,-2.8882,-2.8491,10.6567;
33,Standing,65349829,-2.9102,-2.8833,10.7373;