33,Standing,11027273,-3.1079,-3.1860,10.4883;
33,Standing,11088835,-3.0518,-3.1934,10.5200;
33,Standing,11139839,-3.0737,-3.2129,10.5713;
33,Standing,11190822,-3.0591,-3.2153,10.4517;
33,Standing,11241821,-3.1616,-3.1812,10.4712;
33,Standing,11292821,-3.0933,-3.1812,10.6250;
33,Standing,11343821,-3.0225,-3.2007,10.5347;
33,Standing,11394821,-3.0933,-3.2446,10.4858;
33,Standing,11445821,-3.0835,-3.1519,10.5200;
33,Standing,11496821,-3.1128,-3.1738,10.4028;
33,Standing,11547821,-3.1128,-3.1396,10.4907;
33,Standing,11598821,-3.1201,-3.1689,10.5737;
33,Standing,11649821,-3.0908,-3.1616,10.5078;
33,Standing,11700821,-3.1128,-3.1494,10.5518;
33,Standing,11751821,-3.1006,-3.1934,10.5347;
33,Standing,11802821,-3.1177,-3.2373,10.4639;
33,Standing,11853821,-3.1299,-3.2471,10.4272;
33,Standing,11904821,-3.1079,-3.1641,10.5151;
33,Standing,11955821,-3.1104,-3.2397,10.4370;
33,Standing,12006821,-3.1958,-3.2300,10.4858;
33,Standing,12057821,-3.1177,-3.2397,10.4468;
33,Standing,12108821,-3.0957,-3.1714,10.5444;
33,Standing,12159821,-3.0493,-3.2446,10.5322;
33,Standing,12210821,-3.0054,-3.1836,10.4956;
33,Standing,12261821,-3.0615,-3.1812,10.5273;
33,Standing,12312821,-3.0444,-3.2129,10.5151;
33,Standing,12363821,-3.0933,-3.2275,10.4541;
33,Standing,12414821,-3.0225,-3.2886,10.5444;
33,Standing,12465821,-3.1177,-3.2178,10.4932;
33,Standing,12516821,-3.0444,-3.2935,10.5200;
33,Standing,12567821,-3.0640,-3.3960,10.3442;
33,Standing,12618821,-3.0566,-3.3398,10.4419;
33,Standing,12669821,-3.0469,-3.3301,10.4980;
33,Standing,12720821,-3.0664,-3.3521,10.5322;
33,Standing,12771821,-3.0322,-3.3276,10.3735;
33,Standing,12822821,-3.0981,-3.3813,10.3491;
33,Standing,12873821,-3.0396,-3.3545,10.5176;
33,Standing,12924821,-3.0591,-3.2642,10.5103;
33,Standing,12975821,-2.9956,-3.2837,10.5078;
33,Standing,13026821,-3.0713,-3.3228,10.4907;
33,Standing,13077821,-2.7344,-3.2080,10.5566;
33,Standing,13128821,-2.1069,-3.6597,10.5127;
33,Standing,13179821,-3.4009,-3.3130,10.4370;
33,Standing,13230821,-3.5669,-2.8223,10.5688;
33,Standing,13281821,-2.6611,-3.7427,10.2930;
33,Standing,13332821,-3.1299,-3.2056,10.4834;
33,Standing,13383821,-3.0322,-3.2446,10.6104;
33,Standing,13434829,-2.9614,-3.1934,10.4980;
33,Standing,13485821,-3.1860,-3.0591,10.5859;
33,Standing,13536821,-2.9687,-3.2617,10.5371;
33,Standing,13587821,-2.9932,-3.0859,10.5762;
33,Standing,13638821,-3.0078,-3.3228,10.4810;
33,Standing,13689821,-2.9663,-3.3276,10.4834;
33,Standing,13740821,-3.0396,-3.3350,10.4590;
33,Standing,13791821,-2.9956,-3.4131,10.4395;
33,Standing,13842821,-3.0884,-3.2666,10.5371;
33,Standing,13893821,-3.1006,-3.1177,10.4980;
33,Standing,13944821,-2.9224,-3.1738,10.6372;
33,Standing,13995821,-2.8809,-3.2764,10.6201;
33,Standing,14046821,-2.9248,-3.2349,10.5591;
33,Standing,14097821,-2.8076,-3.2983,10.5469;
33,Standing,14148821,-3.0054,-3.3472,10.4834;
33,Standing,14199821,-2.9468,-3.2788,10.4932;
33,Standing,14250821,-3.0225,-3.4595,10.4004;
33,Standing,14301821,-2.9443,-3.4790,10.4517;
33,Standing,14352821,-2.9272,-3.5034,10.4517;
33,Standing,14403821,-2.9517,-3.5449,10.3101;
33,Standing,14454821,-2.8833,-3.5425,10.4956;
33,Standing,14505821,-2.8564,-3.4692,10.4517;
33,Standing,14556821,-2.8540,-3.4033,10.5542;
33,Standing,14607821,-3.0469,-3.4766,10.4199;
33,Standing,14658821,-2.9224,-3.2568,10.5640;
33,Standing,14709821,-2.8149,-3.1006,10.6396;
33,Standing,14760821,-2.9150,-3.2959,10.5396;
33,Standing,14811821,-2.8491,-3.5645,10.4468;
33,Standing,14862821,-2.8735,-3.5034,10.4419;
33,Standing,14913821,-2.9102,-3.3911,10.4688;
33,Standing,14964821,-2.9199,-3.3594,10.5225;
33,Standing,15015821,-2.8979,-3.4253,10.4175;
33,Standing,15066821,-2.8662,-3.3618,10.3833;
33,Standing,15117821,-2.9883,-3.2568,10.5322;
33,Standing,15168821,-3.0029,-3.1982,10.4907;
33,Standing,15219821,-2.8638,-3.6401,10.3979;
33,Standing,15270821,-2.9370,-3.1519,10.5908;
33,Standing,15321821,-3.0737,-3.2959,10.6787;
33,Standing,15372821,-3.2251,-3.0640,10.2930;
33,Standing,15423821,-3.0347,-3.1470,10.4956;
33,Standing,15474821,-3.0103,-3.1201,10.6030;
33,Standing,15525821,-3.0664,-3.2690,10.4175;
33,Standing,15576821,-3.0811,-3.2861,10.4565;
33,Standing,15627821,-3.1006,-2.8687,10.5713;
33,Standing,15678821,-3.1372,-2.7759,10.7837;
33,Standing,15729821,-3.0029,-2.7710,10.6812;
33,Standing,15780821,-3.0518,-2.9419,10.5566;
33,Standing,15831821,-2.9712,-3.0322,10.6226;
33,Standing,15882821,-3.0005,-2.8662,10.7275;
33,Standing,15933821,-3.0737,-2.7368,10.6445;
33,Standing,15984821,-3.0005,-2.8369,10.6689;
33,Standing,16035821,-3.0249,-2.8906,10.6641;
33,Standing,16086821,-2.9468,-2.8394,10.6641;
33,Standing,16137821,-3.0078,-2.8662,10.6421;
33,Standing,16188821,-3.0127,-3.0029,10.6909;
33,Standing,16239821,-2.9663,-2.9443,10.6665;
33,Standing,16290821,-2.9785,-2.9028,10.7349;
33,Standing,16341821,-2.9590,-2.7612,10.5469;
33,Standing,16392821,-2.9492,-2.7393,10.7495;
33,Standing,16443821,-3.0298,-2.7588,10.6152;
33,Standing,16494821,-2.8784,-3.0298,10.5225;
33,Standing,16545821,-2.8735,-2.9614,10.5908;
33,Standing,16596821,-3.0713,-2.7612,10.7080;
33,Standing,16647821,-2.9785,-2.3950,10.8716;
33,Standing,16698821,-2.9907,-2.5073,10.8740;
33,Standing,16749821,-3.0249,-3.0420,10.5908;
33,Standing,16800821,-2.8442,-3.3472,10.4858;
33,Standing,16851821,-2.9883,-2.7686,10.7129;
33,Standing,16902821,-2.9199,-2.6489,10.8032;
33,Standing,16953821,-2.8369,-2.8271,10.6201;
33,Standing,17004821,-3.0249,-2.8003,10.6616;
33,Standing,17055821,-2.8027,-2.5464,10.8130;
33,Standing,17106821,-2.9736,-2.5146,10.8276;
33,Standing,17157821,-2.8784,-2.6514,10.7813;
33,Standing,17208821,-2.9663,-2.6685,10.7275;
33,Standing,17259821,-2.8052,-2.7319,10.7520;
33,Standing,17310821,-2.8271,-2.7222,10.7837;
33,Standing,17361821,-2.8345,-2.4585,10.8838;
33,Standing,17412821,-2.8540,-2.4536,10.7935;
33,Standing,17463821,-2.8906,-2.6685,10.7568;
33,Standing,17514821,-2.8784,-2.6489,10.7178;
33,Standing,17565821,-2.8931,-2.5635,10.8228;
33,Standing,17616821,-2.9370,-2.4243,10.8447;
33,Standing,17667821,-2.8687,-2.4829,10.8032;
33,Standing,17718821,-2.8931,-2.4707,10.7739;
33,Standing,17769821,-2.8955,-2.7441,10.7690;
33,Standing,17820821,-2.9810,-2.7808,10.7153;
33,Standing,17871821,-2.9395,-2.4487,10.7910;
33,Standing,17922821,-2.9370,-1.9580,11.0254;
33,Standing,17973821,-2.9199,-2.2778,10.8740;
33,Standing,18024821,-3.0103,-2.6270,10.7495;
33,Standing,18075821,-2.9883,-2.5049,10.7764;
33,Standing,18126821,-2.8955,-2.3730,10.8374;
33,Standing,18177821,-2.9883,-2.3291,10.7983;
33,Standing,18228821,-2.9297,-2.5269,10.7178;
33,Standing,18279821,-2.9443,-2.5073,10.8228;
33,Standing,18330821,-2.9858,-2.4707,10.8105;
33,Standing,18381821,-2.9663,-2.3975,10.7983;
33,Standing,18432821,-2.9663,-2.4927,10.8862;
33,Standing,18483821,-2.8979,-2.6025,10.7422;
33,Standing,18534821,-3.0127,-2.5317,10.8105;
33,Standing,18585821,-2.9663,-2.5244,10.7495;
33,Standing,18636821,-2.9419,-2.5220,10.7031;
33,Standing,18687821,-2.9443,-2.6074,10.8325;
33,Standing,18738821,-2.9565,-2.6147,10.7349;
33,Standing,18789821,-3.0029,-2.4756,10.7300;
33,Standing,18840821,-2.9517,-2.5586,10.7788;
33,Standing,18891821,-2.9053,-2.5342,10.7227;
33,Standing,18942821,-2.9053,-2.5415,10.8105;
33,Standing,18993821,-2.9468,-2.5586,10.7324;
33,Standing,19044821,-2.8857,-2.5146,10.7129;
33,Standing,19095821,-2.9321,-2.5879,10.7373;
33,Standing,19146821,-2.9590,-2.5439,10.7715;
33,Standing,19197821,-2.9370,-2.5659,10.8350;
33,Standing,19248821,-2.9321,-2.4902,10.7666;
33,Standing,19299821,-2.9517,-2.5049,10.7788;
33,Standing,19350821,-2.9321,-2.5293,10.7324;
33,Standing,19401821,-2.9492,-2.6318,10.7031;
33,Standing,19452821,-2.9053,-2.6074,10.7739;
33,Standing,19503821,-2.9492,-2.5366,10.8057;
33,Standing,19554821,-2.8809,-2.5293,10.8813;
33,Standing,19605821,-2.9346,-2.5903,10.6934;
33,Standing,19656821,-2.9150,-2.5439,10.8521;
33,Standing,19707821,-2.9443,-2.5781,10.8398;
33,Standing,19758821,-2.9102,-2.5610,10.8350;
33,Standing,19809821,-2.9468,-2.5317,10.7617;
33,Standing,19860821,-2.9639,-2.5122,10.7983;
33,Standing,19911834,-2.9785,-2.6123,10.7617;
33,Standing,19962821,-2.9102,-2.6416,10.6909;
33,Standing,20013821,-2.9712,-2.5757,10.7959;
33,Standing,20064821,-2.9810,-2.5879,10.8301;
33,Standing,20115821,-2.9590,-2.6343,10.7007;
33,Standing,20166821,-2.8857,-2.5684,10.8032;
33,Standing,20217821,-2.9761,-2.5781,10.7642;
33,Standing,20268821,-2.9419,-2.6074,10.7202;
33,Standing,20319821,-2.9517,-2.6489,10.8154;
33,Standing,20370821,-2.9687,-2.6123,10.7983;
33,Standing,20421821,-2.9907,-2.5317,10.8081;
33,Standing,20472821,-3.0591,-2.6050,10.7813;
33,Standing,20523821,-2.9443,-2.6001,10.7910;
33,Standing,20574821,-2.9517,-2.5684,10.8716;
33,Standing,20625821,-2.9541,-2.6001,10.7642;
33,Standing,20676821,-2.9150,-2.6758,10.7227;
33,Standing,20727821,-2.9443,-2.5757,10.7446;
33,Standing,20778821,-2.9297,-2.6294,10.7275;
33,Standing,20829821,-2.9883,-2.5586,10.7910;
33,Standing,20880821,-2.9810,-2.6440,10.7031;
33,Standing,20931821,-2.9785,-2.6367,10.7300;
33,Standing,20982821,-3.0005,-2.6196,10.7104;
33,Standing,21033821,-3.0005,-2.6147,10.7520;
33,Standing,21084821,-2.9370,-2.6465,10.7495;
33,Standing,21135821,-2.9321,-2.6270,10.7520;
33,Standing,21186821,-2.9565,-2.6270,10.7861;
33,Standing,21237821,-2.9858,-2.5903,10.7349;
33,Standing,21288821,-2.9419,-2.6611,10.7520;
33,Standing,21339821,-2.9248,-2.6709,10.6519;
33,Standing,21390821,-2.9492,-2.5806,10.7495;
33,Standing,21441821,-2.9468,-2.6343,10.7617;
33,Standing,21492821,-3.0127,-2.6416,10.7129;
33,Standing,21543821,-2.9834,-2.6636,10.6982;
33,Standing,21594821,-3.0371,-2.6221,10.7544;
33,Standing,21645821,-2.9614,-2.7002,10.7227;
33,Standing,21696821,-2.9346,-2.6196,10.7666;
33,Standing,21747821,-3.0176,-2.6318,10.7764;
33,Standing,21798821,-3.0005,-2.5928,10.7104;
33,Standing,21849821,-2.9980,-2.6636,10.7422;
33,Standing,21900821,-2.9565,-2.6025,10.7202;
33,Standing,21951821,-2.9297,-2.7026,10.6934;
33,Standing,22002821,-2.9053,-2.7124,10.6226;
33,Standing,22053821,-2.8809,-2.5952,10.8032;
33,Standing,22104821,-2.9077,-2.6147,10.7349;
33,Standing,22155821,-2.9883,-2.6465,10.7446;
33,Standing,22206821,-2.9224,-2.7222,10.7690;
33,Standing,22257821,-2.8882,-2.6660,10.7227;
33,Standing,22308821,-2.9956,-2.6733,10.7202;
33,Standing,22359821,-3.0298,-2.6562,10.7251;
33,Standing,22410821,-2.9150,-2.6782,10.7715;
33,Standing,22461821,-2.9419,-2.7100,10.7275;
33,Standing,22512821,-2.9077,-2.6953,10.7397;
33,Standing,22563821,-2.9443,-2.7173,10.7910;
33,Standing,22614821,-2.9858,-2.6611,10.7275;
33,Standing,22665821,-2.9175,-2.6807,10.7373;
33,Standing,22716821,-2.9199,-2.7222,10.7495;
33,Standing,22767821,-2.9565,-2.7197,10.7251;
33,Standing,22818821,-2.9150,-2.7246,10.7959;
33,Standing,22869821,-2.9272,-2.7002,10.7300;
33,Standing,22920821,-2.8735,-2.7539,10.7715;
33,Standing,22971821,-2.8955,-2.7002,10.7495;
33,Standing,23022821,-2.8589,-2.7026,10.7544;
33,Standing,23073821,-2.9077,-2.7075,10.7275;
33,Standing,23124821,-2.9175,-2.7246,10.7324;
33,Standing,23175821,-2.9272,-2.7051,10.7861;
33,Standing,23226821,-2.8638,-2.7490,10.6714;
33,Standing,23277821,-2.8735,-2.7148,10.7227;
33,Standing,23328821,-2.8467,-2.7612,10.7544;
33,Standing,23379821,-2.9102,-2.7197,10.8081;
33,Standing,23430821,-2.8760,-2.7051,10.7861;
33,Standing,23481821,-2.8613,-2.7124,10.7349;
33,Standing,23532821,-2.9053,-2.7197,10.7910;
33,Standing,23583821,-2.8564,-2.7344,10.7251;
33,Standing,23634821,-2.8418,-2.7051,10.7666;
33,Standing,23685821,-2.8394,-2.7271,10.6958;
33,Standing,23736821,-2.8833,-2.7466,10.7153;
33,Standing,23787821,-2.9297,-2.7612,10.6836;
33,Standing,23838821,-2.8955,-2.8003,10.7446;
33,Standing,23889821,-2.9150,-2.8101,10.7446;
33,Standing,23940821,-2.9272,-2.7539,10.8691;
33,Standing,23991821,-2.8589,-2.7588,10.7251;
33,Standing,24042821,-2.9150,-2.6685,10.7397;
33,Standing,24093821,-2.8491,-2.7075,10.8032;
33,Standing,24144821,-2.9175,-2.7344,10.7544;
33,Standing,24195821,-2.9126,-2.6953,10.7227;
33,Standing,24246821,-2.9346,-2.6196,10.8203;
33,Standing,24297821,-2.9248,-2.6953,10.8008;
33,Standing,24348821,-2.9687,-2.7124,10.8423;
33,Standing,24399821,-2.8809,-2.7344,10.6885;
33,Standing,24450821,-2.8760,-2.6709,10.8130;
33,Standing,24501821,-2.9541,-2.5513,10.7324;
33,Standing,24552821,-2.9175,-2.6465,10.6836;
33,Standing,24603821,-2.9028,-2.6587,10.7178;
33,Standing,24654821,-2.8979,-2.7197,10.7983;
33,Standing,24705821,-2.8613,-2.7515,10.7251;
33,Standing,24756821,-2.8931,-2.7026,10.7690;
33,Standing,24807821,-2.9883,-2.6465,10.8105;
33,Standing,24858821,-2.9785,-2.6440,10.6860;
33,Standing,24909821,-2.9468,-2.6416,10.7813;
33,Standing,24960821,-2.9175,-2.7051,10.7861;
33,Standing,25011821,-2.9468,-2.7368,10.7275;
33,Standing,25062821,-2.9980,-2.6660,10.7178;
33,Standing,25113821,-2.8955,-2.6416,10.7349;
33,Standing,25164821,-2.9541,-2.6172,10.7764;
33,Standing,25215821,-2.9712,-2.7173,10.7227;
33,Standing,25266821,-2.9346,-2.7466,10.7666;
33,Standing,25317821,-2.9858,-2.6147,10.7886;
33,Standing,25368821,-2.8979,-2.6880,10.8569;
33,Standing,25419821,-2.9858,-2.7563,10.6787;
33,Standing,25470821,-2.9224,-2.6733,10.6836;
33,Standing,25521821,-2.9395,-2.6440,10.7324;
33,Standing,25572821,-2.9370,-2.6392,10.7251;
33,Standing,25623821,-2.8955,-2.6270,10.7861;
33,Standing,25674821,-3.0005,-2.6807,10.7251;
33,Standing,25725821,-2.9883,-2.7466,10.7397;
33,Standing,25776821,-2.9663,-2.7173,10.7178;
33,Standing,25827821,-2.9565,-2.7197,10.6641;
33,Standing,25878821,-2.9199,-2.7271,10.6763;
33,Standing,25929821,-3.0249,-2.7441,10.7227;
33,Standing,25980821,-2.9419,-2.7588,10.7349;
33,Standing,26031821,-2.9102,-2.7661,10.7153;
33,Standing,26082821,-2.9687,-2.7466,10.6958;
33,Standing,26133821,-2.9834,-2.7222,10.6934;
33,Standing,26184821,-2.9102,-2.7759,10.7349;
33,Standing,26235821,-2.9224,-2.7832,10.6470;
33,Standing,26286821,-2.9883,-2.7563,10.7227;
33,Standing,26337821,-2.9321,-2.7515,10.7446;
33,Standing,26388821,-2.9785,-2.6782,10.7056;
33,Standing,26439821,-2.9370,-2.7686,10.6323;
33,Standing,26490821,-2.9077,-2.7930,10.6470;
33,Standing,26541821,-2.8833,-2.7466,10.7910;
33,Standing,26592821,-2.8833,-2.8296,10.7300;
33,Standing,26643821,-2.8857,-2.7466,10.7520;
33,Standing,26694821,-2.8857,-2.7979,10.7349;
33,Standing,26745821,-2.9102,-2.8784,10.6812;
33,Standing,26796821,-2.9224,-2.7295,10.7300;
33,Standing,26847821,-2.9346,-2.7515,10.6958;
33,Standing,26898821,-2.9297,-2.7612,10.7446;
33,Standing,26949821,-2.9785,-2.7563,10.6665;
33,Standing,27000821,-2.9053,-2.7539,10.6860;
33,Standing,27051821,-2.9834,-2.7271,10.7324;
33,Standing,27102821,-2.9102,-2.7319,10.5908;
33,Standing,27153821,-2.9468,-2.7002,10.6958;
33,Standing,27204821,-2.9321,-2.7734,10.6226;
33,Standing,27255821,-3.0151,-2.7612,10.7324;
33,Standing,27306821,-2.9102,-2.6978,10.6812;
33,Standing,27357821,-2.8931,-2.7295,10.6396;
33,Standing,27408821,-2.8638,-2.7173,10.6934;
33,Standing,27459821,-3.0029,-2.6929,10.7031;
33,Standing,27510821,-2.9785,-2.7661,10.6641;
33,Standing,27561821,-2.9395,-2.7368,10.7153;
33,Standing,27612821,-2.9565,-2.7686,10.7178;
33,Standing,27663821,-2.9395,-2.7808,10.7056;
33,Standing,27714821,-2.9175,-2.7539,10.7275;
33,Standing,27765821,-2.9492,-2.7979,10.6909;
33,Standing,27816821,-2.8809,-2.7588,10.6274;
33,Standing,27867821,-2.9395,-2.7368,10.6323;
33,Standing,27918821,-2.9614,-2.6953,10.7031;
33,Standing,27969821,-2.9736,-2.7441,10.6519;
33,Standing,28020821,-2.9712,-2.7246,10.6665;
33,Standing,28071821,-3.0078,-2.7612,10.7251;
33,Standing,28122821,-2.9541,-2.7026,10.7202;
33,Standing,28173821,-3.0322,-2.8027,10.7129;
33,Standing,28224821,-2.8589,-2.7734,10.7251;
33,Standing,28275821,-2.9687,-2.7100,10.7056;
33,Standing,28326821,-2.9834,-2.7124,10.6519;
33,Standing,28377821,-2.8955,-2.7686,10.7178;
33,Standing,28428821,-2.9590,-2.6831,10.8154;
33,Standing,28479821,-2.9785,-2.7075,10.6958;
33,Standing,28530821,-2.9956,-2.7100,10.6421;
33,Standing,28581821,-2.9907,-2.7222,10.6909;
33,Standing,28632821,-2.9395,-2.8198,10.6860;
33,Standing,28683821,-2.9663,-2.6831,10.6909;
33,Standing,28734821,-2.9419,-2.7417,10.6641;
33,Standing,28785821,-2.9810,-2.7686,10.6689;
33,Standing,28836821,-2.9761,-2.7368,10.7080;
33,Standing,28887821,-2.9736,-2.7026,10.7275;
33,Standing,28938821,-2.9736,-2.7783,10.6201;
33,Standing,28989821,-2.9468,-2.7881,10.7910;
33,Standing,29040821,-2.9370,-2.7124,10.7324;
33,Standing,29091821,-2.9956,-2.7148,10.7153;
33,Standing,29142821,-2.9834,-2.7881,10.7593;
33,Standing,29193821,-2.9663,-2.7637,10.7593;
33,Standing,29244821,-2.9492,-2.7832,10.7739;
33,Standing,29295821,-2.9614,-2.7686,10.7837;
33,Standing,29346821,-2.9297,-2.7222,10.7666;
33,Standing,29397821,-2.9663,-2.8027,10.6763;
33,Standing,29448821,-2.9614,-2.7979,10.6812;
33,Standing,29499821,-2.9639,-2.6904,10.6738;
33,Standing,29550821,-2.9590,-2.7197,10.7495;
33,Standing,29601821,-2.9492,-2.8101,10.6763;
33,Standing,29652821,-2.9150,-2.7490,10.6641;
33,Standing,29703821,-2.9761,-2.7783,10.7349;
33,Standing,29754821,-2.9541,-2.6953,10.6714;
33,Standing,29805821,-2.9761,-2.7856,10.6763;
33,Standing,29856821,-2.9956,-2.7539,10.7349;
33,Standing,29907821,-2.9517,-2.7344,10.6055;
33,Standing,29958821,-3.0078,-2.7588,10.7520;
33,Standing,30009821,-2.9004,-2.7515,10.7837;
33,Standing,30060821,-3.0151,-2.7808,10.7349;
33,Standing,30111821,-3.0103,-2.7686,10.7446;
33,Standing,30162821,-2.9175,-2.6978,10.7251;
33,Standing,30213821,-2.9810,-2.7466,10.8179;
33,Standing,30264821,-3.0151,-2.7173,10.6299;
33,Standing,30315821,-2.9517,-2.7295,10.6714;
33,Standing,30366821,-2.9810,-2.6953,10.6445;
33,Standing,30417821,-2.9614,-2.7856,10.6689;
33,Standing,30468821,-3.0542,-2.7051,10.6592;
33,Standing,30519821,-2.9492,-2.7295,10.6689;
33,Standing,30570821,-3.0127,-2.7197,10.7544;
33,Standing,30621821,-3.0273,-2.6953,10.7251;
33,Standing,30672821,-2.9810,-2.7686,10.6958;
33,Standing,30723821,-3.0176,-2.7100,10.6519;
33,Standing,30774821,-3.0371,-2.6953,10.7031;
33,Standing,30825821,-2.9761,-2.7686,10.6738;
33,Standing,30876821,-2.9590,-2.6514,10.7764;
33,Standing,30927821,-3.0176,-2.6929,10.7397;
33,Standing,30978821,-2.9858,-2.6587,10.7324;
33,Standing,31029821,-2.9956,-2.6611,10.6592;
33,Standing,31080821,-3.0737,-2.7734,10.7397;
33,Standing,31131821,-2.9565,-2.6904,10.7666;
33,Standing,31182821,-2.9810,-2.6709,10.6592;
33,Standing,31233821,-3.0127,-2.6978,10.6982;
33,Standing,31284821,-3.0664,-2.7466,10.7080;
33,Standing,31335821,-3.0371,-2.6880,10.7861;
33,Standing,31386821,-3.0029,-2.6660,10.7129;
33,Standing,31437821,-2.9785,-2.7612,10.7788;
33,Standing,31488821,-2.9297,-2.7612,10.7373;
33,Standing,31539821,-2.9687,-2.7295,10.7129;
33,Standing,31590821,-2.9932,-2.6733,10.6323;
33,Standing,31641821,-3.0249,-2.7271,10.6836;
33,Standing,31692821,-3.0054,-2.6660,10.7227;
33,Standing,31743821,-2.9614,-2.7246,10.6958;
33,Standing,31794821,-2.9370,-2.7441,10.6616;
33,Standing,31845821,-2.9956,-2.7588,10.6763;
33,Standing,31896821,-3.0103,-2.6294,10.6445;
33,Standing,31947821,-2.9980,-2.6855,10.7080;
33,Standing,31998821,-2.9175,-2.7515,10.6885;
33,Standing,32049821,-3.0200,-2.6904,10.6836;
33,Standing,32100821,-3.0273,-2.7026,10.6836;
33,Standing,32151821,-2.9663,-2.6709,10.7324;
33,Standing,32202821,-3.0493,-2.7393,10.6812;
33,Standing,32253821,-2.9956,-2.7222,10.6421;
33,Standing,32304821,-3.0469,-2.7051,10.6616;
33,Standing,32355821,-3.0151,-2.6685,10.7080;
33,Standing,32406821,-3.0518,-2.6758,10.6714;
33,Standing,32457821,-3.0078,-2.7002,10.7251;
33,Standing,32508821,-3.0200,-2.6514,10.6836;
33,Standing,32559821,-3.0103,-2.7344,10.7080;
33,Standing,32610821,-3.0103,-2.7295,10.6885;
33,Standing,32661821,-2.9858,-2.6660,10.7104;
33,Standing,32712821,-3.0713,-2.6465,10.6787;
33,Standing,32763821,-3.0298,-2.6318,10.7202;
33,Standing,32814821,-3.0933,-2.7197,10.6958;
33,Standing,32865821,-3.0444,-2.6514,10.7544;
33,Standing,32916821,-3.0225,-2.6782,10.6128;
33,Standing,32967821,-3.0396,-2.6782,10.7422;
33,Standing,33018821,-3.0005,-2.6465,10.7471;
33,Standing,33069821,-3.0176,-2.6294,10.7886;
33,Standing,33120821,-2.9126,-2.7295,10.7568;
33,Standing,33171821,-2.9761,-2.7222,10.6274;
33,Standing,33222821,-3.0078,-2.7002,10.7397;
33,Standing,33273821,-2.9370,-2.6392,10.7056;
33,Standing,33324821,-2.9517,-2.6489,10.7910;
33,Standing,33375821,-3.0225,-2.6587,10.7422;
33,Standing,33426821,-2.9761,-2.6733,10.6445;
33,Standing,33477821,-2.9810,-2.7515,10.6812;
33,Standing,33528821,-3.0615,-2.7246,10.6519;
33,Standing,33579821,-3.0005,-2.6245,10.6763;
33,Standing,33630821,-2.9761,-2.6587,10.7300;
33,Standing,33681821,-2.9053,-2.6831,10.8081;
33,Standing,33732821,-2.9614,-2.7637,10.6689;
33,Standing,33783821,-2.9956,-2.7295,10.6812;
33,Standing,33834821,-3.0371,-2.6587,10.7178;
33,Standing,33885821,-2.9687,-2.7197,10.6885;
33,Standing,33936821,-2.9761,-2.7539,10.6689;
33,Standing,33987821,-3.0420,-2.7026,10.7056;
33,Standing,34038821,-3.0322,-2.7466,10.6958;
33,Standing,34089821,-2.9712,-2.6587,10.6885;
33,Standing,34140821,-2.9932,-2.7417,10.7202;
33,Standing,34191821,-2.9395,-2.7124,10.6714;
33,Standing,34242821,-2.9858,-2.7710,10.6226;
33,Standing,34293821,-2.9395,-2.8394,10.6787;
33,Standing,34344821,-2.9956,-2.6953,10.7397;
33,Standing,34395821,-3.0371,-2.7710,10.7813;
33,Standing,34446821,-2.9761,-2.7344,10.6470;
33,Standing,34497821,-3.0566,-2.6758,10.7495;
33,Standing,34548821,-3.0322,-2.7173,10.7178;
33,Standing,34599821,-3.0005,-2.7100,10.7422;
33,Standing,34650821,-3.0493,-2.7100,10.7275;
33,Standing,34701821,-3.0298,-2.6538,10.7373;
33,Standing,34752821,-2.9541,-2.7490,10.7104;
33,Standing,34803821,-2.9297,-2.8101,10.6787;
33,Standing,34854821,-3.0029,-2.7246,10.7104;
33,Standing,34905821,-3.0469,-2.6782,10.6885;
33,Standing,34956821,-3.0103,-2.6562,10.6323;
33,Standing,35007821,-2.9687,-2.7588,10.6787;
33,Standing,35058821,-3.0713,-2.7148,10.7031;
33,Standing,35109821,-3.0542,-2.7222,10.7251;
33,Standing,35160821,-3.0298,-2.7393,10.7031;
33,Standing,35211821,-3.0078,-2.7734,10.7056;
33,Standing,35262821,-2.9687,-2.7856,10.6348;
33,Standing,35313821,-3.0786,-2.7344,10.6738;
33,Standing,35364821,-3.0054,-2.7856,10.5957;
33,Standing,35415821,-2.9321,-2.7466,10.7544;
33,Standing,35466821,-3.0469,-2.6318,10.7471;
33,Standing,35517821,-3.0542,-2.6758,10.7275;
33,Standing,35568821,-3.0005,-2.6196,10.7373;
33,Standing,35619821,-3.0273,-2.7368,10.6885;
33,Standing,35670821,-3.0103,-2.7759,10.6738;
33,Standing,35721821,-2.9834,-2.8174,10.6250;
33,Standing,35772821,-2.9980,-2.7148,10.7593;
33,Standing,35823821,-3.0151,-2.7319,10.7007;
33,Standing,35874821,-3.0005,-2.7197,10.7104;
33,Standing,35925821,-2.9541,-2.7905,10.6885;
33,Standing,35976821,-3.0273,-2.7588,10.6763;
33,Standing,36027821,-2.9907,-2.7686,10.6274;
33,Standing,36078821,-3.0005,-2.7710,10.7202;
33,Standing,36129821,-3.0396,-2.6904,10.7227;
33,Standing,36180821,-2.9419,-2.7417,10.7373;
33,Standing,36231821,-2.9785,-2.7832,10.7349;
33,Standing,36282821,-3.0054,-2.7905,10.6592;
33,Standing,36333821,-2.9712,-2.8735,10.6812;
33,Standing,36384821,-2.9810,-2.7710,10.6372;
33,Standing,36435821,-3.0396,-2.7808,10.6641;
33,Standing,36486821,-2.9224,-2.7588,10.7178;
33,Standing,36537821,-3.0103,-2.7295,10.6934;
33,Standing,36588821,-3.0200,-2.7905,10.5835;
33,Standing,36639821,-3.0029,-2.7100,10.7275;
33,Standing,36690821,-2.9712,-2.7197,10.6836;
33,Standing,36741821,-2.9761,-2.7686,10.6567;
33,Standing,36792821,-2.9492,-2.7686,10.6616;
33,Standing,36843821,-3.0054,-2.8345,10.7104;
33,Standing,36894821,-2.9834,-2.8052,10.7275;
33,Standing,36945821,-2.9980,-2.8369,10.7129;
33,Standing,36996821,-2.9590,-2.7686,10.7446;
33,Standing,37047821,-2.9419,-2.7222,10.6909;
33,Standing,37098821,-2.9810,-2.8833,10.6934;
33,Standing,37149821,-2.9883,-2.7026,10.7129;
33,Standing,37200821,-2.9810,-2.7637,10.6934;
33,Standing,37251821,-2.9687,-2.7612,10.6860;
33,Standing,37302821,-3.0054,-2.7905,10.6055;
33,Standing,37353821,-3.0225,-2.7197,10.7251;
33,Standing,37404821,-2.9663,-2.7319,10.7178;
33,Standing,37455821,-2.9150,-2.8564,10.6348;
33,Standing,37506821,-3.0005,-2.8101,10.6274;
33,Standing,37557821,-2.9736,-2.7563,10.7275;
33,Standing,37608821,-3.0347,-2.7417,10.7202;
33,Standing,37659821,-3.0371,-2.8003,10.6836;
33,Standing,37710821,-3.0029,-2.7417,10.6641;
33,Standing,37761821,-2.9810,-2.7393,10.6689;
33,Standing,37812821,-2.9712,-2.7930,10.6592;
33,Standing,37863821,-3.0591,-2.7930,10.6787;
33,Standing,37914821,-2.9932,-2.7124,10.7837;
33,Standing,37965821,-3.0078,-2.7051,10.6689;
33,Standing,38016821,-2.9907,-2.7930,10.6006;
33,Standing,38067821,-2.9834,-2.8516,10.6812;
33,Standing,38118821,-2.9810,-2.7808,10.7202;
33,Standing,38169821,-3.0225,-2.6880,10.7300;
33,Standing,38220821,-3.0200,-2.7051,10.7227;
33,Standing,38271821,-3.0029,-2.7905,10.6396;
33,Standing,38322821,-3.0249,-2.7515,10.7349;
33,Standing,38373821,-3.0176,-2.8149,10.6982;
33,Standing,38424821,-3.0322,-2.8003,10.6909;
33,Standing,38475821,-3.0029,-2.7539,10.6934;
33,Standing,38526821,-2.9956,-2.7393,10.7080;
33,Standing,39577025,-0.0012,-0.0012,-0.0012;
33,Standing,39627830,-3.0444,-2.8223,10.6934;
33,Standing,39678821,-3.0176,-2.7783,10.7349;
33,Standing,39729821,-2.9346,-2.7759,10.7104;
33,Standing,39780821,-3.0444,-2.7515,10.6763;
33,Standing,39831821,-3.0176,-2.7222,10.7056;
33,Standing,39882821,-3.0591,-2.7368,10.6543;
33,Standing,39933821,-3.1177,-2.6831,10.7104;
33,Standing,39984821,-3.0591,-2.7710,10.7251;
33,Standing,40035821,-3.0542,-2.7588,10.7202;
33,Standing,40086821,-3.0762,-2.7222,10.7129;
33,Standing,40137821,-3.0981,-2.7197,10.6885;
33,Standing,40188821,-3.0713,-2.7002,10.7251;
33,Standing,40239821,-3.0835,-2.7612,10.5737;
33,Standing,40290821,-3.0322,-2.7344,10.6958;
33,Standing,40341821,-3.1201,-2.7661,10.7251;
33,Standing,40392821,-3.0273,-2.7197,10.6787;
33,Standing,40443821,-3.0811,-2.6221,10.6104;
33,Standing,40494821,-3.0884,-2.7393,10.7300;
33,Standing,40545821,-3.0615,-2.7686,10.6641;
33,Standing,40596821,-3.0127,-2.7051,10.7080;
33,Standing,40647821,-3.0347,-2.7368,10.7178;
33,Standing,40698821,-3.0396,-2.7246,10.6519;
33,Standing,40749821,-3.0664,-2.7051,10.7300;
33,Standing,40800821,-3.0371,-2.6807,10.7422;
33,Standing,40851821,-3.0786,-2.6562,10.6128;
33,Standing,40902821,-3.0518,-2.7344,10.6592;
33,Standing,40953821,-3.0542,-2.7368,10.6689;
33,Standing,41004821,-3.0420,-2.7222,10.7373;
33,Standing,41055821,-3.0859,-2.7173,10.7300;
33,Standing,41106821,-3.0298,-2.7856,10.6714;
33,Standing,41157821,-3.0591,-2.7319,10.7617;
33,Standing,41208821,-2.9541,-2.6587,10.7397;
33,Standing,41259821,-3.0396,-2.7661,10.6616;
33,Standing,41310821,-3.1177,-2.6782,10.6909;
33,Standing,41361821,-3.0591,-2.7881,10.6592;
33,Standing,41412821,-3.0200,-2.6416,10.7593;
33,Standing,41463821,-3.1421,-2.7661,10.6714;
33,Standing,41514821,-3.0444,-2.8369,10.7007;
33,Standing,41565821,-3.0713,-2.7319,10.6592;
33,Standing,41616821,-2.9932,-2.7368,10.5615;
33,Standing,41667821,-3.0884,-2.8271,10.6812;
33,Standing,41718821,-2.9663,-2.8149,10.6494;
33,Standing,41769821,-3.0933,-2.6978,10.6860;
33,Standing,41820821,-3.0176,-2.7832,10.6860;
33,Standing,41871821,-3.0981,-2.7197,10.6104;
33,Standing,41922821,-3.0005,-2.7246,10.7324;
33,Standing,41973821,-3.0054,-2.8027,10.6470;
33,Standing,42024821,-2.9761,-2.9028,10.6226;
33,Standing,42075821,-3.0298,-2.7539,10.6616;
33,Standing,42126821,-3.0322,-2.7539,10.6470;
33,Standing,42177821,-2.9687,-2.6904,10.6812;
33,Standing,42228821,-3.0688,-2.7710,10.6421;
33,Standing,42279821,-3.0615,-2.7246,10.6250;
33,Standing,42330821,-3.0371,-2.7563,10.6274;
33,Standing,42381821,-3.0322,-2.7954,10.6738;
33,Standing,42432821,-3.0762,-2.7563,10.7349;
33,Standing,42483821,-3.0493,-2.7271,10.6616;
33,Standing,42534821,-2.9883,-2.7271,10.6982;
33,Standing,42585821,-2.9834,-2.7466,10.7642;
33,Standing,42636821,-3.0249,-2.7344,10.6860;
33,Standing,42687821,-3.0176,-2.7783,10.6812;
33,Standing,42738821,-3.0396,-2.7148,10.7349;
33,Standing,42789821,-3.0151,-2.7490,10.7422;
33,Standing,42840821,-3.0444,-2.7856,10.7251;
33,Standing,42891821,-3.0713,-2.7173,10.6763;
33,Standing,42942821,-3.0103,-2.7222,10.6152;
33,Standing,42993821,-3.1030,-2.7148,10.7031;
33,Standing,43044821,-3.0713,-2.8101,10.5774;
33,Standing,43095821,-3.0811,-2.7686,10.6494;
33,Standing,43146821,-3.0664,-2.7563,10.6763;
33,Standing,43197821,-3.0542,-2.7173,10.7202;
33,Standing,43248821,-3.0786,-2.7271,10.7324;
33,Standing,43299821,-3.1104,-2.7124,10.6714;
33,Standing,43350821,-3.0273,-2.7173,10.6860;
33,Standing,43401821,-3.0469,-2.7417,10.6616;
33,Standing,43452821,-3.0811,-2.8345,10.7666;
33,Standing,43503821,-3.0322,-2.7734,10.7837;
33,Standing,43554821,-3.0884,-2.7051,10.6030;
33,Standing,43605821,-3.0151,-2.7539,10.6641;
33,Standing,43656821,-3.0933,-2.7686,10.6909;
33,Standing,43707821,-3.0957,-2.7344,10.7080;
33,Standing,43758821,-3.1372,-2.7734,10.6274;
33,Standing,43809821,-3.0322,-2.7808,10.7275;
33,Standing,43860821,-3.0371,-2.7002,10.6567;
33,Standing,43911821,-3.0176,-2.7344,10.6494;
33,Standing,43962821,-3.0322,-2.7905,10.6250;
33,Standing,44013821,-2.9907,-2.7661,10.6543;
33,Standing,44064821,-3.0200,-2.7148,10.6201;
33,Standing,44115821,-3.1177,-2.7417,10.6250;
33,Standing,44166821,-2.9468,-2.7417,10.6470;
33,Standing,44217821,-3.0493,-2.7441,10.7056;
33,Standing,44268821,-3.1006,-2.6953,10.7153;
33,Standing,44319821,-3.0957,-2.7368,10.6128;
33,Standing,44370821,-3.0176,-2.7295,10.6714;
33,Standing,44421821,-3.0322,-2.7197,10.7178;
33,Standing,44472821,-3.0566,-2.7466,10.6079;
33,Standing,44523821,-2.9712,-2.7197,10.7227;
33,Standing,44574821,-3.0884,-2.7173,10.6128;
33,Standing,44625821,-3.0591,-2.7051,10.7104;
33,Standing,44676821,-2.9980,-2.7783,10.6738;
33,Standing,44727821,-3.0933,-2.7637,10.7397;
33,Standing,44778821,-3.0762,-2.7222,10.6934;
33,Standing,44829821,-3.0444,-2.7124,10.6909;
33,Standing,44880821,-3.0469,-2.8198,10.6177;
33,Standing,44931821,-3.0811,-2.7344,10.7935;
33,Standing,44982821,-3.0151,-2.7222,10.6543;
33,Standing,45033821,-3.1055,-2.7637,10.6934;
33,Standing,45084821,-3.1274,-2.7905,10.6958;
33,Standing,45135821,-3.1226,-2.7148,10.7104;
33,Standing,45186821,-3.0151,-2.7954,10.6470;
33,Standing,45237821,-3.0444,-2.7661,10.5835;
33,Standing,45288821,-3.0322,-2.7856,10.8252;
33,Standing,45339821,-3.0322,-2.7588,10.7373;
33,Standing,45390821,-3.0811,-2.7197,10.6958;
33,Standing,45441821,-3.0811,-2.7246,10.6714;
33,Standing,45492821,-3.0591,-2.7124,10.7666;
33,Standing,45543821,-3.1372,-2.7246,10.6519;
33,Standing,45594821,-3.0640,-2.7832,10.6982;
33,Standing,45645821,-3.0225,-2.7954,10.7129;
33,Standing,45696821,-3.0688,-2.7466,10.7007;
33,Standing,45747821,-3.0420,-2.7100,10.6274;
33,Standing,45798821,-3.0591,-2.6758,10.7495;
33,Standing,45849821,-2.9956,-2.6904,10.7129;
33,Standing,45900821,-3.0469,-2.7759,10.6982;
33,Standing,45951821,-3.0176,-2.7563,10.7471;
33,Standing,46002821,-3.0444,-2.8125,10.7202;
33,Standing,46053821,-3.0371,-2.7588,10.7690;
33,Standing,46104821,-3.0249,-2.7124,10.6274;
33,Standing,46155821,-2.9980,-2.7637,10.6079;
33,Standing,46206821,-3.0151,-2.7344,10.6641;
33,Standing,46257821,-3.0469,-2.8198,10.6274;
33,Standing,46308821,-2.9883,-2.7881,10.6665;
33,Standing,46359821,-3.0225,-2.8149,10.7422;
33,Standing,46410821,-2.9980,-2.8491,10.6543;
33,Standing,46461821,-2.9810,-2.7466,10.6567;
33,Standing,46512821,-3.0054,-2.7124,10.6958;
33,Standing,46563821,-2.9980,-2.7808,10.6592;
33,Standing,46614821,-3.0176,-2.8394,10.6274;
33,Standing,46665821,-2.9785,-2.7832,10.6299;
33,Standing,46716821,-3.0225,-2.7441,10.6909;
33,Standing,46767821,-2.9956,-2.8125,10.7129;
33,Standing,46818821,-3.0127,-2.6904,10.6543;
33,Standing,46869821,-3.0322,-2.8003,10.6836;
33,Standing,46920821,-2.9712,-2.8442,10.6323;
33,Standing,46971821,-2.9883,-2.8540,10.6543;
33,Standing,47022821,-2.9736,-2.8247,10.6982;
33,Standing,47073821,-2.9980,-2.7881,10.7153;
33,Standing,47124821,-3.0664,-2.7832,10.7275;
33,Standing,47175821,-2.9834,-2.7734,10.6421;
33,Standing,47226821,-2.9932,-2.8101,10.7275;
33,Standing,47277821,-3.0151,-2.8271,10.6665;
33,Standing,47328821,-3.0737,-2.7563,10.6323;
33,Standing,47379821,-3.0200,-2.7563,10.6104;
33,Standing,47430821,-3.0249,-2.7734,10.7104;
33,Standing,47481821,-3.0298,-2.8223,10.6567;
33,Standing,47532821,-3.0005,-2.7344,10.7642;
33,Standing,47583821,-3.0078,-2.7441,10.7202;
33,Standing,47634821,-3.0591,-2.7783,10.6812;
33,Standing,47685821,-3.1030,-2.7832,10.6592;
33,Standing,47736821,-3.0151,-2.8003,10.6763;
33,Standing,47787821,-2.9785,-2.7124,10.6860;
33,Standing,47838821,-3.0298,-2.7148,10.6665;
33,Standing,47889821,-3.0688,-2.7905,10.6665;
33,Standing,47940821,-2.9907,-2.7246,10.6641;
33,Standing,47991821,-2.9932,-2.7393,10.6201;
33,Standing,48042821,-2.9761,-2.7661,10.6421;
33,Standing,48093821,-3.0640,-2.7441,10.6787;
33,Standing,48144821,-3.0005,-2.7515,10.6958;
33,Standing,48195821,-3.0249,-2.8223,10.7324;
33,Standing,48246821,-3.0078,-2.7808,10.6934;
33,Standing,48297821,-3.0469,-2.7759,10.6567;
33,Standing,48348822,-3.0029,-2.7148,10.6128;
33,Standing,48399821,-3.0640,-2.7515,10.6958;
33,Standing,48450821,-3.0298,-2.8638,10.7397;
33,Standing,48501821,-3.0176,-2.7783,10.6689;
33,Standing,48552821,-3.0615,-2.7466,10.6079;
33,Standing,48603821,-3.1030,-2.8174,10.5859;
33,Standing,48654821,-3.0103,-2.7393,10.6812;
33,Standing,48705821,-3.0225,-2.7466,10.7593;
33,Standing,48756821,-3.0420,-2.7393,10.7007;
33,Standing,48807821,-3.0762,-2.8101,10.6885;
33,Standing,48858821,-2.9932,-2.7734,10.6567;
33,Standing,48909821,-3.0420,-2.7124,10.7031;
33,Standing,48960821,-3.0103,-2.7344,10.6665;
33,Standing,49011821,-3.0078,-2.7197,10.7031;
33,Standing,49062821,-3.0518,-2.8149,10.7324;
33,Standing,49113821,-3.0347,-2.7515,10.6860;
33,Standing,49164821,-3.0273,-2.6855,10.6714;
33,Standing,49215821,-3.0933,-2.7271,10.7495;
33,Standing,49266821,-3.0493,-2.7148,10.7056;
33,Standing,49317821,-3.0029,-2.7856,10.7397;
33,Standing,49368821,-3.0322,-2.7881,10.6812;
33,Standing,49419821,-2.9834,-2.7441,10.7007;
33,Standing,49470821,-3.0884,-2.7686,10.7080;
33,Standing,49521821,-3.0811,-2.7832,10.6641;
33,Standing,49572821,-2.9785,-2.8833,10.6787;
33,Standing,49623834,-3.0786,-2.6807,10.6079;
33,Standing,49674821,-3.1030,-2.7295,10.6030;
33,Standing,49725821,-3.0469,-2.7661,10.6592;
33,Standing,49776821,-3.0688,-2.7441,10.6079;
33,Standing,49827821,-3.0078,-2.7979,10.6665;
33,Standing,49878821,-3.0298,-2.7075,10.6201;
33,Standing,49929821,-3.0298,-2.7466,10.6274;
33,Standing,49980821,-3.0518,-2.7417,10.6445;
33,Standing,50031821,-3.0029,-2.7515,10.7324;
33,Standing,50082821,-3.0664,-2.7002,10.6641;
33,Standing,50133821,-3.0103,-2.8003,10.6763;
33,Standing,50184821,-3.0469,-2.6953,10.7202;
33,Standing,50235821,-2.9687,-2.7856,10.6128;
33,Standing,50286821,-3.0615,-2.8052,10.6738;
33,Standing,50337821,-3.0469,-2.7832,10.6348;
33,Standing,50388821,-3.0884,-2.7051,10.6812;
33,Standing,50439821,-3.0444,-2.8711,10.6323;
33,Standing,50490821,-3.0420,-2.8027,10.6909;
33,Standing,50541821,-3.0737,-2.7515,10.7056;
33,Standing,50592821,-3.0762,-2.8076,10.7373;
33,Standing,50643821,-3.0640,-2.7686,10.6958;
33,Standing,50694821,-3.0371,-2.7466,10.6372;
33,Standing,50745821,-3.1030,-2.7783,10.6421;
33,Standing,50796821,-3.0859,-2.7832,10.7104;
33,Standing,50847821,-3.0322,-2.7954,10.6592;
33,Standing,50898821,-3.0518,-2.8052,10.6909;
33,Standing,50949821,-3.0200,-2.7979,10.6177;
33,Standing,51000821,-3.1030,-2.8223,10.7227;
33,Standing,51051821,-3.0371,-2.7612,10.6104;
33,Standing,51102821,-3.0054,-2.7417,10.6812;
33,Standing,51153821,-3.0542,-2.7930,10.7324;
33,Standing,51204821,-2.9785,-2.7563,10.6738;
33,Standing,51255821,-3.0078,-2.7905,10.6396;
33,Standing,51306821,-2.9834,-2.7759,10.6689;
33,Standing,51357821,-3.0737,-2.8027,10.7129;
33,Standing,51408821,-3.1079,-2.7563,10.7007;
33,Standing,51459821,-3.0200,-2.8369,10.6641;
33,Standing,51510821,-3.0200,-2.7637,10.6592;
33,Standing,51561821,-2.9858,-2.7759,10.6909;
33,Standing,51612821,-3.0811,-2.6465,10.6982;
33,Standing,51663821,-3.0518,-2.7759,10.6934;
33,Standing,51714821,-3.0688,-2.7515,10.7007;
33,Standing,51765821,-3.1396,-2.7148,10.6421;
33,Standing,51816821,-3.0518,-2.7173,10.6665;
33,Standing,51867821,-3.0176,-2.7637,10.6714;
33,Standing,52917970,-0.0012,-0.0012,-0.0012;
33,Standing,52968833,-3.0322,-2.7539,10.6958;
33,Standing,53019821,-3.0469,-2.7148,10.6592;
33,Standing,53070821,-3.0615,-2.6733,10.6787;
33,Standing,53121821,-3.0908,-2.7710,10.7153;
33,Standing,53172821,-3.0273,-2.8149,10.6274;
33,Standing,53223821,-3.0884,-2.7173,10.6128;
33,Standing,53274821,-3.0493,-2.8296,10.6982;
33,Standing,53325821,-3.0103,-2.7686,10.6104;
33,Standing,53376821,-3.0273,-2.7783,10.6299;
33,Standing,53427821,-3.0396,-2.7124,10.7275;
33,Standing,53478821,-3.0469,-2.7612,10.6299;
33,Standing,53529821,-3.0518,-2.7246,10.6592;
33,Standing,53580821,-3.0347,-2.7710,10.6958;
33,Standing,53631821,-3.0225,-2.7637,10.6128;
33,Standing,53682821,-3.0859,-2.7441,10.6152;
33,Standing,53733821,-2.9980,-2.7124,10.6836;
33,Standing,53784821,-3.0078,-2.7441,10.6787;
33,Standing,53835821,-3.0469,-2.7734,10.6641;
33,Standing,53886821,-3.0518,-2.7612,10.6836;
33,Standing,53937821,-3.0737,-2.6929,10.7251;
33,Standing,53988821,-3.0396,-2.7002,10.7153;
33,Standing,54039821,-3.0859,-2.6953,10.6787;
33,Standing,54090821,-3.0518,-2.7954,10.6128;
33,Standing,54141821,-3.0518,-2.7417,10.6641;
33,Standing,54192821,-3.0640,-2.7173,10.6860;
33,Standing,54243821,-2.9761,-2.7515,10.6274;
33,Standing,54294821,-3.0933,-2.7124,10.6421;
33,Standing,54345821,-3.0591,-2.7173,10.6616;
33,Standing,54396821,-3.1079,-2.8125,10.6543;
33,Standing,54447821,-3.0957,-2.6904,10.7104;
33,Standing,54498821,-3.0518,-2.7271,10.6714;
33,Standing,54549821,-3.1250,-2.7783,10.6934;
33,Standing,54600821,-3.1323,-2.7588,10.6763;
33,Standing,55650970,-0.0012,-0.0012,-0.0012;
33,Standing,55701829,-3.0054,-2.7783,10.6226;
33,Standing,55752821,-3.0176,-2.8052,10.6812;
33,Standing,55803821,-3.0005,-2.8076,10.6348;
33,Standing,55854821,-3.0103,-2.7979,10.6812;
33,Standing,55905821,-3.0762,-2.7539,10.6812;
33,Standing,55956821,-3.0615,-2.7051,10.6494;
33,Standing,56007821,-3.0151,-2.8638,10.6616;
33,Standing,56058821,-3.0737,-2.7881,10.6909;
33,Standing,56109821,-3.0176,-2.8247,10.6177;
33,Standing,56160821,-3.0225,-2.7515,10.8057;
33,Standing,56211821,-3.0664,-2.8149,10.6689;
33,Standing,56262821,-3.0444,-2.7808,10.5762;
33,Standing,56313821,-3.0566,-2.7515,10.6763;
33,Standing,56364821,-3.1006,-2.8052,10.6738;
33,Standing,56415821,-3.0396,-2.7905,10.7568;
33,Standing,56466821,-3.0811,-2.7734,10.6909;
33,Standing,56517821,-3.0615,-2.8027,10.6763;
33,Standing,56568821,-2.9346,-2.8320,10.6323;
33,Standing,56619821,-3.0469,-2.7832,10.6372;
33,Standing,56670821,-3.0688,-2.7563,10.6738;
33,Standing,56721821,-3.0225,-2.7734,10.6885;
33,Standing,56772821,-3.0444,-2.7173,10.6396;
33,Standing,56823821,-3.0469,-2.7734,10.6494;
33,Standing,56874821,-3.0273,-2.8003,10.6812;
33,Standing,56925821,-3.0859,-2.8027,10.7104;
33,Standing,56976821,-3.0786,-2.7979,10.6421;
33,Standing,57027821,-3.0322,-2.7588,10.7251;
33,Standing,57078821,-3.0762,-2.8149,10.6641;
33,Standing,57129821,-3.1177,-2.7612,10.7129;
33,Standing,57180821,-3.0737,-2.7344,10.6323;
33,Standing,57231821,-3.0200,-2.7173,10.6787;
33,Standing,57282821,-3.0835,-2.8076,10.6494;
33,Standing,57333821,-3.1152,-2.7515,10.6421;
33,Standing,57384821,-3.0225,-2.7222,10.6299;
33,Standing,57435821,-3.0493,-2.7856,10.7007;
33,Standing,57486821,-3.0103,-2.7734,10.6836;
33,Standing,57537821,-3.0176,-2.7686,10.6299;
33,Standing,57588821,-3.0127,-2.8296,10.6543;
33,Standing,57639821,-3.0176,-2.7856,10.6763;
33,Standing,57690821,-3.0737,-2.7417,10.6958;
33,Standing,57741821,-3.0688,-2.7393,10.5835;
33,Standing,57792821,-3.0688,-2.8320,10.7617;
33,Standing,57843821,-3.0518,-2.7710,10.5981;
33,Standing,57894821,-3.0225,-2.8491,10.7471;
33,Standing,57945821,-3.0884,-2.7466,10.6299;
33,Standing,57996821,-2.9785,-2.8345,10.6665;
33,Standing,58047821,-3.0469,-2.7832,10.7031;
33,Standing,58098821,-3.0493,-2.8076,10.7104;
33,Standing,58149821,-3.0298,-2.8467,10.7007;
33,Standing,58200821,-3.0493,-2.7319,10.6836;
33,Standing,58251821,-3.0200,-2.7979,10.6543;
33,Standing,58302821,-3.0347,-2.7905,10.7324;
33,Standing,58353821,-3.0713,-2.7539,10.6812;
33,Standing,58404821,-3.0566,-2.7344,10.6567;
33,Standing,58455821,-3.0933,-2.7759,10.6714;
33,Standing,58506821,-3.0444,-2.7466,10.6763;
33,Standing,58557821,-3.0835,-2.7954,10.6763;
33,Standing,58608821,-2.9956,-2.7759,10.5713;
33,Standing,58659821,-3.0176,-2.8149,10.6982;
33,Standing,58710821,-3.0640,-2.7661,10.5859;
33,Standing,58761821,-3.0615,-2.8076,10.6348;
33,Standing,58812821,-3.0322,-2.7710,10.6470;
33,Standing,58863821,-3.0981,-2.7173,10.6494;
33,Standing,58914821,-3.0420,-2.7148,10.7153;
33,Standing,58965821,-3.0225,-2.7026,10.7324;
33,Standing,59016821,-3.0640,-2.8101,10.6567;
33,Standing,59067821,-3.0493,-2.7026,10.7593;
33,Standing,59118821,-3.0688,-2.7441,10.7275;
33,Standing,59169821,-3.0542,-2.7808,10.6689;
33,Standing,59220821,-2.9956,-2.7100,10.6567;
33,Standing,59271821,-3.0200,-2.7319,10.6494;
33,Standing,59322821,-3.0859,-2.7710,10.7642;
33,Standing,59373821,-3.0371,-2.7271,10.6787;
33,Standing,59424821,-3.0493,-2.6953,10.7446;
33,Standing,59475821,-3.0005,-2.7490,10.6934;
33,Standing,59526821,-3.1128,-2.7490,10.6616;
33,Standing,59577821,-3.0859,-2.7197,10.7031;
33,Standing,59628821,-3.1299,-2.7734,10.7397;
33,Standing,59679821,-3.0469,-2.7466,10.6592;
33,Standing,59730821,-3.0444,-2.7173,10.6543;
33,Standing,59781821,-3.0054,-2.6807,10.7910;
33,Standing,59832821,-3.0957,-2.7148,10.6274;
33,Standing,59883821,-3.0713,-2.6807,10.6592;
33,Standing,59934821,-3.1079,-2.7661,10.7104;
33,Standing,59985821,-3.0591,-2.6685,10.6909;
33,Standing,60036821,-3.0811,-2.7197,10.6592;
33,Standing,60087821,-3.0664,-2.6343,10.6519;
33,Standing,60138821,-3.0444,-2.7075,10.6836;
33,Standing,60189821,-3.1177,-2.7441,10.6885;
33,Standing,60240821,-3.0420,-2.7344,10.6616;
33,Standing,60291821,-3.0713,-2.7051,10.6909;
33,Standing,60342821,-3.0151,-2.6074,10.6396;
33,Standing,60393821,-3.0103,-2.7759,10.6372;
33,Standing,60444821,-3.0054,-2.7441,10.7080;
33,Standing,60495821,-3.0762,-2.7197,10.6714;
33,Standing,60546821,-3.0786,-2.7393,10.6909;
33,Standing,60597821,-3.0444,-2.6660,10.6787;
33,Standing,60648821,-3.0884,-2.6953,10.7520;
33,Standing,60699821,-3.0200,-2.7734,10.6567;
33,Standing,60750821,-3.0078,-2.7954,10.7080;
33,Standing,60801821,-3.0737,-2.7173,10.6836;
33,Standing,60852821,-2.9980,-2.7490,10.6543;
33,Standing,60903821,-3.0298,-2.7344,10.7397;
33,Standing,60954821,-3.0371,-2.7466,10.6689;
33,Standing,61005821,-3.0835,-2.7393,10.6934;
33,Standing,61056821,-3.0713,-2.7637,10.6592;
33,Standing,61107821,-2.9492,-2.7441,10.6567;
33,Standing,61158821,-3.0908,-2.7271,10.6689;
33,Standing,61209821,-3.0933,-2.7002,10.6836;
33,Standing,61260822,-3.0151,-2.7905,10.6689;
33,Standing,61311821,-3.0884,-2.7954,10.6421;
33,Standing,61362821,-3.0664,-2.7417,10.6323;
33,Standing,61413821,-3.0176,-2.7124,10.7056;
33,Standing,61464821,-3.0396,-2.7417,10.6592;
33,Standing,61515821,-3.0347,-2.7905,10.6519;
33,Standing,61566821,-3.0151,-2.7661,10.6982;
33,Standing,61617821,-3.0957,-2.7856,10.6494;
33,Standing,61668821,-3.0176,-2.7246,10.6689;
33,Standing,61719821,-3.0859,-2.8003,10.6812;
33,Standing,61770821,-3.0347,-2.7075,10.7251;
33,Standing,61821821,-3.0933,-2.7661,10.6958;
33,Standing,61872821,-3.0225,-2.7515,10.5786;
33,Standing,61923821,-3.0884,-2.7832,10.6030;
33,Standing,61974821,-2.9834,-2.7197,10.7275;
33,Standing,62025821,-3.0322,-2.7368,10.6934;
33,Standing,62076821,-3.1470,-2.7954,10.6738;
33,Standing,62127821,-3.0225,-2.6831,10.6958;
33,Standing,62178821,-3.0786,-2.7905,10.6592;
33,Standing,62229821,-2.9907,-2.7686,10.6616;
33,Standing,62280821,-3.0176,-2.7661,10.6543;
33,Standing,62331821,-3.0664,-2.7881,10.7007;
33,Standing,62382821,-3.0054,-2.7246,10.7202;
33,Standing,62433821,-3.0591,-2.6904,10.7056;
33,Standing,62484821,-2.9858,-2.8467,10.5664;
33,Standing,62535821,-3.1055,-2.7466,10.6543;
33,Standing,62586821,-3.0835,-2.7588,10.6323;
33,Standing,62637821,-3.0273,-2.7441,10.6812;
33,Standing,62688821,-3.0249,-2.7368,10.6470;
33,Standing,62739821,-3.0615,-2.7710,10.6689;
33,Standing,62790821,-3.0664,-2.7710,10.6763;
33,Standing,62841821,-3.0322,-2.7661,10.6274;
33,Standing,62892821,-3.0225,-2.7515,10.6641;
33,Standing,62943821,-2.9907,-2.7466,10.7202;
33,Standing,62994821,-3.0322,-2.7319,10.6958;
33,Standing,63045821,-3.0615,-2.7393,10.6543;
33,Standing,63096821,-2.9590,-2.7686,10.7080;
33,Standing,63147821,-3.0737,-2.7246,10.6494;
33,Standing,63198821,-2.9712,-2.7612,10.6641;
33,Standing,63249821,-3.0835,-2.7344,10.5957;
33,Standing,63300821,-3.0933,-2.6880,10.6738;
33,Standing,63351821,-3.0103,-2.7441,10.6665;
33,Standing,63402821,-3.0200,-2.7246,10.7715;
33,Standing,63453821,-3.1396,-2.7734,10.6030;
33,Standing,63504821,-3.1128,-2.7808,10.6079;
33,Standing,63555821,-3.0249,-2.8052,10.6885;
33,Standing,63606821,-3.0127,-2.7832,10.6372;
33,Standing,63657821,-3.0908,-2.7637,10.6323;
33,Standing,63708821,-3.0737,-2.6953,10.7031;
33,Standing,63759821,-3.0884,-2.7734,10.6470;
33,Standing,63810821,-3.0566,-2.7661,10.6323;
33,Standing,63861821,-3.0396,-2.7197,10.6958;
33,Standing,63912821,-3.0786,-2.7319,10.6250;
33,Standing,63963821,-3.0591,-2.7612,10.6372;
33,Standing,64014821,-3.1152,-2.7588,10.6641;
33,Standing,64065821,-3.0493,-2.7515,10.7471;
33,Standing,64116821,-3.1323,-2.7466,10.5664;
33,Standing,64167821,-3.0371,-2.7856,10.6982;
33,Standing,64218821,-3.0933,-2.7686,10.6763;
33,Standing,64269821,-3.0615,-2.7271,10.6958;
33,Standing,64320821,-3.0933,-2.7393,10.7495;
33,Standing,64371821,-3.0200,-2.7393,10.6567;
33,Standing,64422821,-3.0615,-2.7393,10.6494;
33,Standing,64473821,-3.0493,-2.7612,10.7178;
33,Standing,64524821,-3.0737,-2.7661,10.6616;
33,Standing,64575821,-3.0151,-2.7051,10.7471;
33,Standing,64626821,-3.0664,-2.7173,10.7080;
33,Standing,64677821,-3.0640,-2.7710,10.7056;
33,Standing,64728821,-3.0957,-2.7563,10.6958;
33,Standing,64779821,-3.0396,-2.7612,10.6128;
33,Standing,64830821,-3.0005,-2.7026,10.6812;
33,Standing,64881821,-3.1177,-2.7832,10.6592;
33,Standing,64932821,-3.0835,-2.7368,10.6396;
33,Standing,64983821,-3.1250,-2.7441,10.6006;
33,Standing,65034821,-3.0713,-2.7612,10.6396;
33,Standing,65085821,-3.0713,-2.7905,10.6616;
33,Standing,65136821,-3.0811,-2.7588,10.6885;
33,Standing,65187821,-3.0151,-2.7075,10.6763;
33,Standing,65238821,-3.0469,-2.7466,10.6299;
33,Standing,65289821,-3.0615,-2.7710,10.6665;
33,Standing,65340821,-3.0859,-2.7051,10.6934;
33,Standing,65391821,-3.0493,-2.7393,10.6396;
33,Standing,65442821,-3.0933,-2.7441,10.6274;
33,Standing,65493821,-3.0396,-2.6929,10.7666;
33,Standing,65544821,-3.0444,-2.7295,10.7251;
33,Standing,65595821,-3.0835,-2.7515,10.7056;
33,Standing,65646821,-3.0737,-2.7710,10.6689;
33,Standing,65697821,-3.0762,-2.7393,10.6934;
33,Standing,65748821,-3.0493,-2.7246,10.6714;
33,Standing,65799821,-3.0615,-2.6904,10.7202;
33,Standing,65850821,-3.0078,-2.7686,10.6982;
33,Standing,65901821,-3.0786,-2.7173,10.6567;
33,Standing,65952821,-3.0884,-2.7686,10.6982;
33,Standing,66003821,-3.1006,-2.6782,10.6763;
33,Standing,66054821,-3.0493,-2.7539,10.6592;
33,Standing,66105821,-3.0542,-2.6831,10.6470;
33,Standing,66156821,-3.0933,-2.7075,10.6812;
33,Standing,66207821,-3.0396,-2.8320,10.6836;
33,Standing,66258821,-3.0957,-2.8125,10.6787;
33,Standing,66309821,-3.0420,-2.7100,10.6738;
33,Standing,66360821,-3.0859,-2.7100,10.6567;
33,Standing,66411821,-3.0103,-2.6562,10.6738;
33,Standing,66462821,-3.1738,-2.7246,10.5859;
33,Standing,66513821,-3.0786,-2.7271,10.6250;
33,Standing,66564821,-3.0371,-2.6929,10.6885;
33,Standing,66615821,-3.0713,-2.7026,10.6519;
33,Standing,66666821,-3.0884,-2.7808,10.6348;
33,Standing,66717821,-3.0273,-2.7222,10.6787;
33,Standing,66768821,-3.0347,-2.6904,10.6812;
33,Standing,66819821,-3.0664,-2.6782,10.7104;
33,Standing,66870821,-3.0249,-2.7661,10.6665;
33,Standing,66921821,-3.0859,-2.7002,10.7104;
33,Standing,66972821,-3.0957,-2.6953,10.6641;
33,Standing,67023821,-3.1470,-2.7002,10.6909;
33,Standing,67074821,-3.0933,-2.6562,10.6689;
33,Standing,67125821,-3.1055,-2.7319,10.7031;
33,Standing,67176821,-3.1055,-2.7246,10.6763;
33,Standing,67227821,-3.0420,-2.7393,10.7227;
33,Standing,67278821,-3.1030,-2.7905,10.6763;
33,Standing,67329821,-3.0688,-2.7539,10.6982;
33,Standing,67380821,-3.0542,-2.6904,10.6592;
33,Standing,67431821,-3.1006,-2.7197,10.6689;
33,Standing,67482821,-3.0273,-2.7588,10.6494;
33,Standing,67533821,-3.0127,-2.8027,10.6836;
33,Standing,67584821,-3.0664,-2.7173,10.6421;
33,Standing,67635821,-3.0518,-2.7466,10.6689;
33,Standing,67686821,-3.0005,-2.7637,10.6177;
33,Standing,67737821,-3.0835,-2.7734,10.7202;
33,Standing,67788821,-3.1494,-2.7515,10.6958;
33,Standing,67839821,-3.0518,-2.7661,10.6543;
33,Standing,67890821,-3.0176,-2.7075,10.7324;
33,Standing,67941821,-3.1079,-2.7563,10.6689;
33,Standing,67992821,-3.1250,-2.7441,10.6348;
33,Standing,68043821,-3.0908,-2.7271,10.6763;
33,Standing,68094821,-3.0444,-2.7148,10.6665;
33,Standing,68145821,-3.0273,-2.7295,10.5640;
33,Standing,68196821,-3.0615,-2.7515,10.6445;
33,Standing,68247821,-3.0835,-2.7124,10.6519;
33,Standing,68298821,-3.1372,-2.7197,10.6738;
33,Standing,68349821,-3.0493,-2.8003,10.6689;
33,Standing,68400821,-3.0225,-2.7759,10.7031;
33,Standing,68451821,-3.0615,-2.6782,10.7056;
33,Standing,68502821,-3.0298,-2.7612,10.5884;
33,Standing,68553821,-3.0811,-2.7881,10.6787;
33,Standing,68604821,-3.0591,-2.7466,10.7007;
33,Standing,68655821,-3.1299,-2.6831,10.6323;
33,Standing,68706821,-3.0957,-2.7954,10.6885;
33,Standing,68757821,-2.9565,-2.7759,10.6885;
33,Standing,68808821,-3.0469,-2.7441,10.6396;
33,Standing,68859821,-3.0688,-2.7490,10.6494;
33,Standing,68910821,-3.0347,-2.6904,10.6665;
33,Standing,68961821,-3.0713,-2.7295,10.6543;
33,Standing,69012821,-3.0615,-2.6514,10.6812;
33,Standing,69063821,-3.0957,-2.7417,10.6128;
33,Standing,69114821,-3.1152,-2.7686,10.6226;
33,Standing,69165821,-3.0298,-2.7881,10.6177;
33,Standing,69216821,-3.0200,-2.7661,10.6348;
33,Standing,69267821,-3.0469,-2.7393,10.6982;
33,Standing,69318821,-3.1104,-2.7197,10.6616;
33,Standing,69369821,-3.0591,-2.7539,10.6396;
33,Standing,69420821,-3.0688,-2.8467,10.6812;
33,Standing,69471821,-3.0664,-2.7612,10.6689;
33,Standing,69522821,-2.9834,-2.7124,10.6494;
33,Standing,69573821,-3.1323,-2.7441,10.6763;
33,Standing,69624821,-3.0493,-2.7368,10.6665;
33,Standing,69675821,-2.9932,-2.7563,10.6128;
33,Standing,69726821,-2.9834,-2.7563,10.6714;
33,Standing,69777821,-3.0127,-2.7246,10.6885;
33,Standing,69828821,-3.0713,-2.8271,10.6543;
33,Standing,69879821,-3.0298,-2.7979,10.7178;
33,Standing,69930821,-3.1030,-2.7734,10.6934;
33,Standing,69981821,-3.0273,-2.8198,10.6812;
33,Standing,70032821,-3.0249,-2.8760,10.7202;
33,Standing,70083821,-3.0542,-2.7979,10.6885;
33,Standing,70134821,-3.0615,-2.8442,10.6543;
33,Standing,70185821,-3.0371,-2.7588,10.7178;
33,Standing,70236821,-2.9761,-2.8809,10.6714;
33,Standing,70287821,-2.9956,-2.8442,10.6567;
33,Standing,70338821,-3.0420,-2.7930,10.6738;
33,Standing,70389821,-2.9736,-2.8125,10.6177;
33,Standing,70440821,-3.0444,-2.8394,10.6470;
33,Standing,70491821,-3.0225,-2.8223,10.6665;
33,Standing,70542821,-3.0420,-2.8491,10.6177;
33,Standing,70593821,-2.9956,-2.9077,10.6958;
33,Standing,70644821,-2.9468,-2.8735,10.6421;
33,Standing,70695821,-3.0640,-2.7954,10.7227;
33,Standing,70746821,-3.0151,-2.7905,10.6958;
33,Standing,70797821,-3.0103,-2.7832,10.6836;
33,Standing,70848821,-3.0396,-2.8125,10.6665;
33,Standing,70899821,-3.0273,-2.7954,10.7007;
33,Standing,70950821,-2.9736,-2.7881,10.6958;
33,Standing,71001821,-3.0249,-2.8052,10.6836;
33,Standing,71052821,-3.0054,-2.8003,10.6616;
33,Standing,71103821,-3.0029,-2.8442,10.6348;
33,Standing,71154821,-3.0469,-2.8662,10.6177;
33,Standing,71205821,-3.0151,-2.8052,10.5835;
33,Standing,71256821,-3.0298,-2.7808,10.6372;
33,Standing,71307821,-2.9907,-2.6538,10.7104;
33,Standing,71358821,-3.0566,-2.7344,10.7275;