33,Walking,15274936,-1.3257,-0.6226,11.0889;
33,Walking,15335835,-1.4282,0.7056,12.3462;
33,Walking,15386839,-1.1597,3.1201,14.9170;
33,Walking,15437822,-0.2710,1.4941,12.7222;
33,Walking,15488821,0.1025,-0.6470,12.2339;
33,Walking,15539821,0.8398,2.7197,12.0605;
33,Walking,15590821,-1.7920,1.3062,11.6333;
33,Walking,15641821,-1.4380,-0.4419,9.8901;
33,Walking,15692821,-1.2305,0.2734,10.1831;
33,Walking,15743821,-0.4370,1.1401,9.3652;
33,Walking,15794821,0.7690,0.8105,10.0708;
33,Walking,15845821,2.0093,0.7080,11.0229;
33,Walking,15896821,1.6699,-3.6621,14.9438;
33,Walking,15947821,2.6709,-3.8916,13.5718;
33,Walking,15998821,2.5513,0.6885,14.9609;
33,Walking,16049821,-2.4878,0.6445,9.5630;
33,Walking,16100821,-0.6592,3.2959,7.4341;
33,Walking,16151821,-1.9702,4.6143,14.2578;
33,Walking,16202821,-1.8677,0.5273,9.9023;
33,Walking,16253821,-3.0933,0.0610,10.2393;
33,Walking,16304821,-3.9819,-2.9590,12.0752;
33,Walking,16355821,-0.2002,0.6592,11.4673;
33,Walking,16406821,-2.3413,1.7383,11.6479;
33,Walking,16457821,-1.9702,0.7788,11.1426;
33,Walking,16508821,-2.0532,0.0439,12.0581;
33,Walking,16559821,-1.8726,-0.5469,11.4697;
33,Walking,16610821,-1.1353,-0.7495,11.7505;
33,Walking,16661829,0.0317,1.2012,11.5503;
33,Walking,16712821,-2.1045,0.0684,11.1377;
33,Walking,16763821,-2.7051,-1.7236,13.1030;
33,Walking,16814821,-2.9541,-0.2026,12.3853;
33,Walking,16865821,-0.5225,1.7529,12.6563;
33,Walking,16916821,1.5625,-0.0195,12.9565;
33,Walking,16967821,1.5112,1.5552,13.1616;
33,Walking,17018821,-5.1685,4.0967,12.0239;
33,Walking,17069821,-2.0898,2.1655,11.4429;
33,Walking,17120821,0.9814,-3.5718,10.9399;
33,Walking,17171821,-1.3013,0.0610,10.9326;
33,Walking,17222821,-0.1538,1.7554,8.9966;
33,Walking,17273821,0.1318,0.9985,9.1431;
33,Walking,17324821,-0.5469,1.0571,10.6616;
33,Walking,17375821,2.5635,-0.6470,11.8506;
33,Walking,17426821,5.2124,-12.4341,17.7417;
33,Walking,17477821,2.0264,-0.6323,10.2368;
33,Walking,17528821,1.4233,2.3730,19.1772;
33,Walking,17579821,-5.1758,0.8936,3.7866;
33,Walking,17630821,-4.2651,8.4790,12.9126;
33,Walking,17681821,-0.8325,3.8062,11.7285;
33,Walking,17732821,-2.0190,-0.2002,9.8779;
33,Walking,17783821,-3.5059,-1.3525,11.7212;
33,Walking,17834821,-2.3486,-3.6304,11.5601;
33,Walking,17885821,-0.6177,1.8530,11.5137;
33,Walking,17936821,-2.1362,1.4722,10.9253;
33,Walking,17987821,-1.6235,1.1719,11.9702;
33,Walking,18038821,-1.5845,0.4419,11.7065;
33,Walking,18089821,-2.7832,-0.3418,11.7529;
33,Walking,18140821,-2.2754,0.7495,11.3477;
33,Walking,18191821,-1.6577,1.3477,12.2266;
33,Walking,18242821,-2.1167,-1.9824,12.8735;
33,Walking,18293821,-0.9546,-1.7261,11.3965;
33,Walking,18344821,1.4893,0.4565,13.5767;
33,Walking,18395821,2.7271,0.5664,13.1812;
33,Walking,18446821,-2.6929,1.7944,11.6895;
33,Walking,18497821,-9.3750,5.4443,12.7905;
33,Walking,18548821,6.7407,-3.6670,10.9741;
33,Walking,18599821,0.0732,-2.8125,12.0020;
33,Walking,18650821,-1.4966,2.1973,10.6104;
33,Walking,18701821,0.2734,3.8770,8.5693;
33,Walking,18752821,-0.3027,3.3691,8.8672;
33,Walking,18803821,1.0376,0.4370,13.1396;
33,Walking,18854821,2.2534,-10.1929,13.2397;
33,Walking,18905821,2.4023,-2.3364,12.6294;
33,Walking,18956821,0.6958,0.8447,8.7891;
33,Walking,19007821,-2.3315,0.7715,19.5532;
33,Walking,19058821,0.1685,0.9302,9.0942;
33,Walking,19109821,-4.3262,8.0396,9.5337;
33,Walking,19160821,-3.2251,3.5522,9.8560;
33,Walking,19211821,-3.4180,1.1206,11.6968;
33,Walking,19262821,-2.8247,-0.7300,11.4722;
33,Walking,19313821,-1.0889,-2.9590,12.7905;
33,Walking,19364821,-1.6626,0.7520,11.3013;
33,Walking,19415821,-1.8555,1.0718,11.4844;
33,Walking,19466821,-2.2876,1.0620,11.7212;
33,Walking,19517821,-2.4707,0.2686,11.9751;
33,Walking,19568821,-2.6099,0.0659,11.4868;
33,Walking,19619821,-2.2607,0.8911,11.3013;
33,Walking,19670821,-1.8579,0.9668,11.1035;
33,Walking,19721821,-2.0020,0.3931,12.0313;
33,Walking,19772821,-1.5747,-0.4687,11.8945;
33,Walking,19823821,-1.6162,-1.7017,13.1543;
33,Walking,19874821,-0.9058,-0.7129,11.6040;
33,Walking,19925821,0.2930,2.2290,12.7124;
33,Walking,19976821,4.5288,-0.4541,12.8223;
33,Walking,20027821,-1.8774,2.1899,13.0420;
33,Walking,20078821,-7.9907,4.9951,16.5771;
33,Walking,20129821,1.4697,-3.5840,9.1943;
33,Walking,20180821,-0.3906,0.2417,9.9048;
33,Walking,20231821,0.4272,1.6504,7.9272;
33,Walking,20282821,-0.9595,0.5176,7.8003;
33,Walking,20333821,0.2588,2.5806,11.4404;
33,Walking,20384821,7.6953,-18.7793,22.2290;
33,Walking,20435821,2.2266,-2.3804,8.0640;
33,Walking,20486821,-2.5366,4.7876,19.4531;
33,Walking,20537821,-1.2036,-4.8633,9.0454;
33,Walking,20588821,-4.1968,4.4360,11.2305;
33,Walking,20639821,-2.5952,3.6523,9.3750;
33,Walking,20690821,-1.6895,2.5391,8.8452;
33,Walking,20741821,-3.4424,1.3379,10.6714;
33,Walking,20792821,-3.2861,-1.5601,13.5669;
33,Walking,20843821,-1.4136,-1.4819,11.2720;
33,Walking,20894821,-1.4111,0.1978,11.6797;
33,Walking,20945821,-0.2808,1.3281,11.6577;
33,Walking,20996821,-1.8994,-0.1074,12.1167;
33,Walking,21047821,-2.7124,-0.5762,11.3599;
33,Walking,21098821,-1.8970,2.0972,11.7065;
33,Walking,21149821,-2.7222,-0.2271,13.4375;
33,Walking,21200821,-1.5967,-1.0107,14.3140;
33,Walking,21251821,0.7666,-0.5688,11.9727;
33,Walking,21302821,4.0820,1.5820,12.8320;
33,Walking,21353821,-3.5278,5.8105,14.3579;
33,Walking,21404821,-3.7061,5.0122,11.7139;
33,Walking,21455821,2.5366,-4.7705,10.4565;
33,Walking,21506821,-1.9995,-0.4492,10.9131;
33,Walking,21557821,-1.1499,1.4185,8.5791;
33,Walking,21608821,0.4932,1.6846,8.0884;
33,Walking,21659821,0.5591,1.5332,9.1919;
33,Walking,21710821,2.6172,-5.2173,20.2124;
33,Walking,21761821,3.4106,-7.6636,13.5156;
33,Walking,21812821,-1.3525,2.1313,14.3726;
33,Walking,21863821,-4.3750,-2.3975,12.2998;
33,Walking,21914821,0.7007,5.2954,17.1729;
33,Walking,21965821,-2.7222,5.4248,9.7290;
33,Walking,22016821,-1.5454,4.3066,9.2480;
33,Walking,22067821,-2.8931,1.4063,9.6289;
33,Walking,22118821,-3.1494,-1.2500,15.5518;
33,Walking,22169821,-1.6162,-3.8770,11.3965;
33,Walking,22220821,-1.1450,-0.0879,10.5835;
33,Walking,22271821,-2.7026,0.9766,11.5063;
33,Walking,22322821,-1.8408,0.6543,11.3892;
33,Walking,22373821,-1.9531,0.7349,11.8872;
33,Walking,22424821,-1.4307,1.8018,11.2402;
33,Walking,22475821,-3.0029,1.0303,11.4673;
33,Walking,22526821,-2.8101,-1.3550,13.4351;
33,Walking,22577821,-1.9360,0.0659,12.4585;
33,Walking,22628821,0.5713,1.1963,12.4341;
33,Walking,22679821,0.9595,-0.0879,12.2559;
33,Walking,22730821,0.6958,2.4390,12.7197;
33,Walking,22781821,-5.3589,4.5215,13.3862;
33,Walking,22832821,-1.4575,3.7207,11.0083;
33,Walking,22883821,-0.1929,-3.4204,10.9058;
33,Walking,22934821,-0.6494,-1.3037,11.3623;
33,Walking,22985821,-0.3418,2.7930,9.1919;
33,Walking,23036821,-1.3013,3.6621,7.7344;
33,Walking,23087821,-0.5322,2.0435,11.5112;
33,Walking,23138821,0.3931,-7.9028,14.6802;
33,Walking,23189821,3.6646,-7.3096,13.8257;
33,Walking,23240821,-0.0439,-0.5884,10.6934;
33,Walking,23291821,-5.9888,2.8442,15.5615;
33,Walking,23342821,7.2632,-2.7661,12.6782;
33,Walking,23393821,-3.9087,7.3022,10.8105;
33,Walking,23444821,-3.5083,2.6416,9.0625;
33,Walking,23495821,-2.2656,3.4448,11.2915;
33,Walking,23546821,-0.8008,0.5103,11.6699;
33,Walking,23597821,-2.9224,-1.6650,11.1157;
33,Walking,23648821,-2.2314,-0.7983,11.7578;
33,Walking,23699821,-2.9810,1.3721,11.3062;
33,Walking,23750821,-2.4414,1.6284,11.4355;
33,Walking,23801821,-2.3999,1.5674,11.7188;
33,Walking,23852821,-2.1362,0.6177,12.4927;
33,Walking,23903821,-1.7822,-0.9033,11.4233;
33,Walking,23954821,-2.4976,-1.5820,11.3916;
33,Walking,24005821,-1.4795,-0.9424,10.6860;
33,Walking,24056821,-1.6943,-1.1426,10.7422;
33,Walking,24107821,-0.9644,3.2617,12.5317;
33,Walking,24158821,1.3745,3.5254,13.1030;
33,Walking,24209821,-3.2300,2.3926,13.4521;
33,Walking,24260821,-3.7183,3.3179,11.5527;
33,Walking,24311821,3.6523,4.2773,15.0854;
33,Walking,24362821,-3.7915,0.6909,9.4727;
33,Walking,24413821,0.9204,-1.6748,11.5601;
33,Walking,24464821,-0.7007,1.2329,10.2002;
33,Walking,24515821,-1.2891,1.8140,9.8364;
33,Walking,24566821,-0.0562,-2.2681,11.1157;
33,Walking,24617821,0.6567,0.0439,10.7739;
33,Walking,24668821,0.4077,0.8008,10.8667;
33,Walking,24719821,0.0415,-1.3501,11.3281;
33,Walking,24770821,0.2026,-3.8232,13.4204;
33,Walking,24821821,1.4282,-5.7349,13.9795;
33,Walking,24872821,3.8989,-2.5806,12.6587;
33,Walking,24923821,-0.1880,5.5786,13.1372;
33,Walking,24974821,-1.7480,7.6050,9.3945;
33,Walking,25025821,-3.1519,0.4614,11.2158;
33,Walking,25076821,-2.9175,-0.5298,10.1978;
33,Walking,25127821,-4.3213,-1.7651,11.8872;
33,Walking,25178821,-2.9565,-1.1133,11.1914;
33,Walking,25229821,-1.2207,1.2183,11.4502;
33,Walking,25280821,-1.4722,0.8154,12.0264;
33,Walking,25331821,-1.5576,0.5444,11.6992;
33,Walking,25382821,-1.7651,0.3394,11.6113;
33,Walking,25433821,-2.3535,0.1001,11.6797;
33,Walking,25484821,-2.0410,0.2759,11.3818;
33,Walking,25535821,-1.8457,-0.2881,11.6431;
33,Walking,25586821,-1.7773,-0.2148,11.5356;
33,Walking,25637821,-1.6577,-0.4810,11.2866;
33,Walking,25688821,-1.6992,-1.1963,12.5415;
33,Walking,25739821,-1.9189,-0.1807,13.1372;
33,Walking,25790821,-1.1084,2.7515,12.4365;
33,Walking,25841821,0.9863,0.8398,12.5781;
33,Walking,25892821,3.2666,1.1060,12.8345;
33,Walking,25943821,-3.9722,4.3237,13.4595;
33,Walking,25994821,-1.6382,4.9243,11.3770;
33,Walking,26045821,0.2441,-3.2935,10.3418;
33,Walking,26096821,-0.8643,-0.3979,10.0854;
33,Walking,26147821,-0.3687,0.1782,9.5923;
33,Walking,26198821,-1.9116,-0.2100,9.5312;
33,Walking,26249821,0.2954,0.5493,11.3477;
33,Walking,26300821,2.9712,-4.0747,14.9219;
33,Walking,26351821,4.6753,-3.1445,13.8403;
33,Walking,26402821,2.1289,1.0400,10.6860;
33,Walking,26453821,-1.0840,0.8447,10.3442;
33,Walking,26504821,-1.2646,-3.3716,13.2178;
33,Walking,26555821,3.0444,-8.2104,13.3081;
33,Walking,26606821,-0.0781,9.5557,10.2319;
33,Walking,26657821,-2.6929,6.7480,11.0376;
33,Walking,26708821,-2.2168,-3.2764,11.4990;
33,Walking,26759821,0.6299,-2.8638,11.5430;
33,Walking,26810821,-1.5161,0.5713,11.8579;
33,Walking,26861821,-2.3901,0.2588,10.9692;
33,Walking,26912821,-3.1860,0.4297,10.6519;
33,Walking,26963821,-2.2632,0.7056,11.7407;
33,Walking,27014821,-2.0044,0.4907,11.5723;
33,Walking,27065821,-1.8921,0.5518,12.0728;
33,Walking,27116821,-1.4819,0.1025,11.7798;
33,Walking,27167821,-1.5820,-0.5078,11.3696;
33,Walking,27218821,-1.2280,0.1001,11.5723;
33,Walking,27269821,-1.8652,0.8887,11.2964;
33,Walking,27320821,-2.5024,-0.0269,10.7446;
33,Walking,27371821,-2.8296,-0.8765,12.5293;
33,Walking,27422821,-3.2593,0.4175,13.2739;
33,Walking,27473821,-1.9189,1.9580,12.3877;
33,Walking,27524821,0.2222,1.5015,12.8149;
33,Walking,27575821,2.7539,0.7324,13.0762;
33,Walking,27626821,-0.5786,2.6050,13.2031;
33,Walking,27677821,-7.3413,3.6011,11.4771;
33,Walking,27728821,0.9277,-1.8799,10.5713;
33,Walking,27779821,-0.3760,-2.1851,10.7935;
33,Walking,27830821,-0.9497,0.8350,9.3530;
33,Walking,27881821,-0.7080,1.1328,8.5742;
33,Walking,27932821,-0.8276,1.9409,10.0586;
33,Walking,27983821,2.6245,-0.7324,13.2886;
33,Walking,28034821,5.6250,-9.9805,15.8228;
33,Walking,28085821,1.1475,-0.8618,10.5078;
33,Walking,28136821,-1.4063,2.2168,17.6758;
33,Walking,28187821,-1.4795,-7.3804,13.4229;
33,Walking,28238821,1.6016,9.0649,10.7568;
33,Walking,28289821,-1.1377,8.5522,10.2930;
33,Walking,28340821,-3.3179,-0.3149,12.2852;
33,Walking,28391821,-1.8262,-0.8789,9.2310;
33,Walking,28442821,-2.6367,-2.2900,12.7417;
33,Walking,28493821,-1.9995,-3.6230,11.2354;
33,Walking,28544821,-1.9092,0.9570,11.1230;
33,Walking,28595821,-2.9565,1.2451,11.2695;
33,Walking,28646821,-2.1680,1.2646,11.3257;
33,Walking,28697821,-1.7798,1.5381,11.8481;
33,Walking,28748821,-0.9619,-0.6860,11.9922;
33,Walking,28799821,-1.2500,0.1245,11.5845;
33,Walking,28850821,-3.3740,1.6602,10.9473;
33,Walking,28901821,-2.9883,0.2930,11.0229;
33,Walking,28952821,-2.4805,-1.2158,12.4463;
33,Walking,29003821,-2.3120,0.5054,12.6782;
33,Walking,29054821,-1.7993,0.6616,12.5610;
33,Walking,29105821,-0.9253,0.5273,11.9360;
33,Walking,29156821,0.9448,0.7080,12.8955;
33,Walking,29207821,1.5405,0.2930,12.6660;
33,Walking,29258821,-3.9575,3.9575,12.0508;
33,Walking,29309821,-2.5024,3.6377,11.7407;
33,Walking,29360821,1.9238,-2.9517,10.8276;
33,Walking,29411821,-0.8374,0.2661,10.6738;
33,Walking,29462821,-1.6846,0.4517,8.5645;
33,Walking,29513821,-0.9033,1.3794,8.0933;
33,Walking,29564821,-0.3003,1.1084,11.7480;
33,Walking,29615821,7.3120,-6.2720,16.7285;
33,Walking,29666821,2.4146,-3.1274,13.9526;
33,Walking,29717821,2.7197,3.2764,18.2324;
33,Walking,29768821,-4.1382,-2.8589,8.9941;
33,Walking,29819821,1.1938,5.1343,9.4824;
33,Walking,29870821,-0.9570,4.3945,14.3921;
33,Walking,29921821,-0.2100,-0.6006,11.8457;
33,Walking,29972821,-1.5576,1.4966,8.4302;
33,Walking,30023821,-2.5806,1.0327,11.8262;
33,Walking,30074821,-3.2080,-1.1401,11.0205;
33,Walking,30125821,-2.3560,-1.1646,11.5112;
33,Walking,30176821,-1.8384,0.5566,11.5918;
33,Walking,30227821,-0.5688,1.8750,11.9653;
33,Walking,30278821,-2.4902,0.0269,11.5112;
33,Walking,30329821,-2.1411,0.1294,11.7212;
33,Walking,30380821,-1.6772,0.4272,11.2329;
33,Walking,30431821,-2.0483,0.9497,11.8652;
33,Walking,30482821,-2.6392,-0.0781,13.4033;
33,Walking,30533821,-2.2754,0.4663,12.5708;
33,Walking,30584821,-0.8374,-2.1924,11.4893;
33,Walking,30635821,0.5371,-0.0659,12.3901;
33,Walking,30686821,3.6572,3.2935,15.1709;
33,Walking,30737821,-6.1938,5.7642,13.8428;
33,Walking,30788821,-3.0566,3.3667,9.8926;
33,Walking,30839821,1.5991,-4.0039,11.6602;
33,Walking,30890821,-0.3784,1.4795,10.6152;
33,Walking,30941821,-0.5347,1.8335,7.5244;
33,Walking,30992821,-0.3174,1.6699,7.4146;
33,Walking,31043821,2.5146,1.3110,11.8921;
33,Walking,31094821,3.4033,-14.0234,16.0132;
33,Walking,31145821,2.2900,-0.5957,9.3335;
33,Walking,31196821,8.5962,4.4092,15.3271;
33,Walking,31247821,-6.4868,-1.7944,6.3452;
33,Walking,31298821,-3.3105,3.2324,13.3838;
33,Walking,31349821,-0.6738,4.0356,12.0679;
33,Walking,31400821,-1.5259,0.6128,9.8267;
33,Walking,31451821,-2.7075,0.6738,11.3086;
33,Walking,31502821,-3.8135,-2.6855,11.8433;
33,Walking,31553821,-1.0840,0.2271,11.3306;
33,Walking,31604821,-1.4673,0.0684,11.4282;
33,Walking,31655821,-1.4233,0.0415,12.1924;
33,Walking,31706821,-1.6357,0.5273,11.8823;
33,Walking,31757821,-1.7334,-0.2246,11.1597;
33,Walking,31808821,-1.8286,1.4331,11.4844;
33,Walking,31859821,-2.5513,0.9912,10.6567;
33,Walking,31910821,-2.1753,0.5493,11.2964;
33,Walking,31961821,-3.0542,-0.4297,13.2568;
33,Walking,32012821,-3.3228,0.2319,12.0581;
33,Walking,32063821,-1.2305,-0.5591,12.4023;
33,Walking,32114821,0.7422,0.6274,13.0029;
33,Walking,32165821,3.1934,1.0327,13.4351;
33,Walking,32216821,-0.3833,2.0605,13.4448;
33,Walking,32267821,-6.2500,3.8110,12.9639;
33,Walking,32318821,0.2026,-0.1343,10.0415;
33,Walking,32369821,-0.5786,-1.4771,10.2490;
33,Walking,32420821,-0.6470,0.7983,8.7817;
33,Walking,32471821,-1.5527,0.0415,7.8711;
33,Walking,32522821,-0.0562,1.2231,9.8608;
33,Walking,32573821,4.5264,-1.2646,14.9878;
33,Walking,32624821,6.0596,-6.1475,16.1279;
33,Walking,32675821,1.2427,2.0410,9.0649;
33,Walking,32726821,-0.5054,2.8491,8.6548;
33,Walking,32777821,-3.4790,-1.4941,18.8135;
33,Walking,32828821,-1.6162,5.2954,10.1758;
33,Walking,32879821,-4.7119,5.8398,9.2236;
33,Walking,32930821,-3.0200,4.1748,8.9844;
33,Walking,32981821,-2.7026,2.0044,10.5835;
33,Walking,33032821,-2.8613,0.1001,12.0801;
33,Walking,33083821,-1.4209,-4.2139,13.4790;
33,Walking,33134821,-1.6406,-2.2046,10.3271;
33,Walking,33185821,-2.6172,1.0645,11.5308;
33,Walking,33236821,-1.2012,2.1533,12.3169;
33,Walking,33287821,-1.7310,-0.9375,12.0532;
33,Walking,33338821,-1.5430,-0.4053,11.1890;
33,Walking,33389821,-2.7856,2.0068,10.9888;
33,Walking,33440821,-2.8223,0.6030,11.0205;
33,Walking,33491821,-1.7358,-0.0757,12.8271;
33,Walking,33542821,-2.3486,-1.9604,13.1128;
33,Walking,33593821,-1.5088,-0.0391,12.2485;
33,Walking,33644821,0.9033,2.3584,13.1665;
33,Walking,33695821,2.8931,0.4980,12.0410;
33,Walking,33746821,-2.0166,2.0728,13.0127;
33,Walking,33797821,-4.5386,4.2627,12.4390;
33,Walking,33848821,2.8638,-3.0347,10.8545;
33,Walking,33899821,-1.6138,-1.6919,10.6519;
33,Walking,33950821,-1.3013,1.0571,9.0845;
33,Walking,34001821,-0.1660,1.3208,9.3799;
33,Walking,34052821,0.9399,1.3696,12.5000;
33,Walking,34103821,0.8716,-3.7085,12.4976;
33,Walking,34154821,3.8135,-2.9443,13.9453;
33,Walking,34205821,0.9741,-1.5527,12.1558;
33,Walking,34256821,-1.5674,0.0195,9.0527;
33,Walking,34307821,-3.7598,1.8506,13.9429;
33,Walking,34358821,6.0791,-3.9844,16.7383;
33,Walking,34409821,-2.1021,4.7925,9.5630;
33,Walking,34460821,-2.3193,6.0327,10.2979;
33,Walking,34511821,-2.6782,1.0156,9.0601;
33,Walking,34562821,-1.8164,1.2817,10.5713;
33,Walking,34613821,-2.8711,-0.2466,11.4893;
33,Walking,34664821,-3.7109,-2.9541,12.0483;
33,Walking,34715821,-0.6714,0.3857,11.1475;
33,Walking,34766821,-1.9604,1.9946,11.4380;
33,Walking,34817821,-2.0581,1.3379,11.9067;
33,Walking,34868821,-1.4502,0.7056,11.9238;
33,Walking,34919821,-1.4648,-0.5273,11.5063;
33,Walking,34970821,-0.4736,0.4687,11.3062;
33,Walking,35021821,-2.1191,-1.5991,13.1055;
33,Walking,35072821,-2.6807,-2.0947,12.8638;
33,Walking,35123821,-0.9912,3.8306,14.2017;
33,Walking,35174821,2.6685,1.6284,11.7285;
33,Walking,35225821,-0.5664,1.7554,12.9126;
33,Walking,35276821,-4.0503,5.6323,12.9907;
33,Walking,35327821,0.9570,-0.2686,9.3384;
33,Walking,35378821,-0.4053,-2.1997,10.9912;
33,Walking,35429821,-0.7446,-0.2026,10.4443;
33,Walking,35480821,-0.0269,1.4453,9.0454;
33,Walking,35531821,-0.7422,2.6953,8.1274;
33,Walking,35582821,0.8374,1.4502,11.2695;
33,Walking,35633821,3.1714,-10.9424,16.4282;
33,Walking,35684821,0.8813,-3.0078,12.4341;
33,Walking,35735821,-0.1196,2.5342,7.6611;
33,Walking,35786821,-4.1553,0.2051,17.8223;
33,Walking,35837821,5.8911,-2.4927,13.1128;
33,Walking,35888821,-5.4150,11.3696,6.0986;
33,Walking,35939821,-0.7446,7.1143,12.2632;
33,Walking,35990821,-3.0957,0.0586,10.3711;
33,Walking,36041821,-3.4790,-2.3071,13.3667;
33,Walking,36092821,-2.4121,-3.0884,11.3550;
33,Walking,36143821,-0.8691,0.0903,10.3052;
33,Walking,36194821,-3.9258,1.9775,11.7969;
33,Walking,36245821,-1.9482,1.9727,11.6382;
33,Walking,36296821,-1.6748,1.4526,11.9189;
33,Walking,36347821,-2.5122,-0.1465,11.2134;
33,Walking,36398821,-2.2021,-0.5200,11.1108;
33,Walking,36449821,-2.9468,0.2466,11.2476;
33,Walking,36500821,-2.9956,0.3784,11.4355;
33,Walking,36551821,-2.0532,-0.0439,13.4229;
33,Walking,36602821,-1.8359,-0.3101,12.7051;
33,Walking,36653821,-1.1792,1.1743,12.7246;
33,Walking,36704821,1.9116,0.9790,12.5269;
33,Walking,36755821,1.7114,0.9302,12.0337;
33,Walking,36806821,-4.7534,3.4473,13.0029;
33,Walking,36857821,-2.3169,5.5127,11.9971;
33,Walking,36908821,0.3076,-2.3926,10.1489;
33,Walking,36959821,-1.3501,-1.7139,10.3784;
33,Walking,37010821,-0.0977,1.3818,9.0527;
33,Walking,37061821,-2.0996,1.8018,7.9858;
33,Walking,37112821,-0.0830,1.5820,10.4541;
33,Walking,37163821,3.7402,-10.7324,17.7002;
33,Walking,37214821,0.5933,-2.0630,11.0693;
33,Walking,37265821,0.1538,4.4458,7.5903;
33,Walking,37316821,-0.8960,3.5547,19.7144;
33,Walking,37367821,7.6465,-16.3086,14.5435;
33,Walking,37418821,-9.6997,9.8975,6.6724;
33,Walking,37469821,-1.9653,6.9189,12.4780;
33,Walking,37520821,-0.9888,0.0562,9.2896;
33,Walking,37571821,-2.7515,-0.4663,11.8018;
33,Walking,37622821,-2.8662,-1.6968,11.4941;
33,Walking,37673821,-1.8286,-0.9326,11.3306;
33,Walking,37724821,-3.8208,1.0693,11.2573;
33,Walking,37775821,-2.9590,1.8994,11.0059;
33,Walking,37826821,-1.9971,1.8530,11.9849;
33,Walking,37877821,-1.7529,-0.3223,12.0581;
33,Walking,37928821,-2.1802,-1.2061,11.3257;
33,Walking,37979821,-3.0811,0.6494,11.2012;
33,Walking,38030821,-3.8257,0.8740,11.4600;
33,Walking,38081821,-2.8125,-0.0610,10.9546;
33,Walking,38132821,-1.9653,-1.2500,13.2715;
33,Walking,38183821,-1.1548,1.4404,12.2925;
33,Walking,38234821,0.1025,0.6396,12.9150;
33,Walking,38285821,1.8555,0.9790,12.3071;
33,Walking,38336821,-2.3901,3.3374,12.7417;
33,Walking,38387821,-5.1538,6.0718,13.4839;
33,Walking,38438821,1.1401,-1.4746,10.0024;
33,Walking,38489821,-1.3843,-2.8125,11.1279;
33,Walking,38540821,-0.5591,0.8423,9.7241;
33,Walking,38591821,-1.5186,1.9019,7.8467;
33,Walking,38642821,-1.0010,3.0273,9.3140;
33,Walking,38693821,1.5210,-2.8198,14.2969;
33,Walking,38744821,7.8491,-11.2842,17.6099;
33,Walking,38795821,-0.3589,0.7251,10.4053;
33,Walking,38846821,-0.9473,3.6328,7.5562;
33,Walking,38897821,-2.3364,-4.2187,17.1997;
33,Walking,38948821,0.9473,-2.7197,11.2354;
33,Walking,38999821,-2.4316,9.8853,7.5098;
33,Walking,39050821,-3.4619,5.0830,12.6196;
33,Walking,39101821,-1.9556,-0.8228,10.0366;
33,Walking,39152821,-2.7441,0.0171,11.7822;
33,Walking,39203821,-3.6816,-1.9873,11.4648;
33,Walking,39254821,-1.9067,-1.2939,10.7764;
33,Walking,39305821,-2.9810,1.5356,11.6821;
33,Walking,39356821,-2.0825,1.8799,11.4844;
33,Walking,39407821,-1.6553,0.5518,11.7896;
33,Walking,39458821,-1.7749,-1.4478,11.3892;
33,Walking,39509821,-1.6479,0.5176,11.3721;
33,Walking,39560821,-3.5327,0.5518,10.7031;
33,Walking,39611821,-2.8784,-1.2598,11.0181;
33,Walking,39662821,-2.8101,0.1245,13.2813;
33,Walking,39713821,-1.2231,3.3496,14.0552;
33,Walking,39764821,-1.4746,0.0757,12.3706;
33,Walking,39815821,1.0913,0.6006,11.9092;
33,Walking,39866821,1.2793,2.1118,12.6465;
33,Walking,39917821,-4.2187,3.9771,12.6831;
33,Walking,39968821,-2.1997,1.7700,10.4541;
33,Walking,40019821,0.0220,-2.4146,10.7251;
33,Walking,40070821,0.1074,-0.1074,10.6738;
33,Walking,40121821,-0.9521,0.5298,9.0527;
33,Walking,40172821,-1.2817,0.5737,8.5962;
33,Walking,40223821,0.5737,-0.0977,11.6553;
33,Walking,40274821,3.6060,-6.4917,16.3672;
33,Walking,40325821,4.3848,-2.3291,13.7158;
33,Walking,40376821,1.0352,1.6821,9.6606;
33,Walking,40427821,0.0293,3.5400,16.7871;
33,Walking,40478821,0.3271,-5.7861,12.9419;
33,Walking,40529821,2.6831,5.6421,11.3086;
33,Walking,40580833,0.2686,4.3530,11.5381;
33,Walking,40631821,-3.3936,-0.0415,12.4927;
33,Walking,40682821,-2.8979,-0.0537,8.7183;
33,Walking,40733821,-1.6235,1.2207,12.1924;
33,Walking,40784821,-2.1265,-0.2856,11.2891;
33,Walking,40835821,-3.5986,1.0889,10.8789;
33,Walking,40886821,-3.7134,1.5137,10.8594;
33,Walking,40937821,-1.7139,0.2905,12.0679;
33,Walking,40988821,-1.9995,-0.3125,12.0801;
33,Walking,41039821,-2.1484,-0.5566,11.7236;
33,Walking,41090821,-2.1362,-0.0757,11.4014;
33,Walking,41141821,-1.9214,-0.2026,11.1548;
33,Walking,41192821,-2.4536,0.3198,10.9131;
33,Walking,41243821,-2.9004,1.5112,11.3403;
33,Walking,41294821,-2.1362,0.9033,11.2402;
33,Walking,41345821,-3.7036,-0.2563,13.2031;
33,Walking,41396821,-2.5562,-0.6909,11.5356;
33,Walking,41447821,-1.5698,0.4468,11.7993;
33,Walking,41498821,1.2842,1.7651,12.8076;
33,Walking,41549821,2.4902,0.2930,12.5903;
33,Walking,41600821,-0.1147,2.0044,13.2324;
33,Walking,41651821,-5.8545,3.8135,14.1870;
33,Walking,41702821,0.9229,-0.8008,10.2979;
33,Walking,41753821,-0.7666,-1.6724,10.8936;
33,Walking,41804821,0.0513,1.1011,9.1699;
33,Walking,41855821,-1.6284,1.4575,8.4277;
33,Walking,41906821,-0.5737,1.2744,10.3369;
33,Walking,41957821,4.2847,-3.1665,16.4331;
33,Walking,42008821,3.3789,-5.6909,15.3125;
33,Walking,42059821,1.0278,3.2422,9.6338;
33,Walking,42110821,-0.9741,4.5825,11.3379;
33,Walking,42161821,-1.6235,-4.3555,15.6104;
33,Walking,42212821,2.1045,1.9531,8.4155;
33,Walking,42263821,-3.2495,7.8906,10.8398;
33,Walking,42314821,-3.8159,3.6670,12.5562;
33,Walking,42365821,-3.6426,1.2598,8.8940;
33,Walking,42416821,-3.9502,-2.1655,12.8638;
33,Walking,42467821,0.1367,-3.5620,11.2549;
33,Walking,42518821,-1.6406,1.6772,11.5527;
33,Walking,42569821,-2.6440,2.3462,11.2744;
33,Walking,42620821,-3.0176,1.4258,11.8018;
33,Walking,42671821,-2.2974,-0.6201,11.5503;
33,Walking,42722821,-2.0654,-0.5664,11.4868;
33,Walking,42773821,-1.1279,1.8677,11.3647;
33,Walking,42824821,-2.2339,0.6592,10.9644;
33,Walking,42875821,-2.7368,-0.1758,11.4160;
33,Walking,42926821,-2.6147,0.6323,11.3599;
33,Walking,42977821,-3.1006,-0.5151,13.0054;
33,Walking,43028821,-2.2705,-0.3442,12.0972;
33,Walking,43079821,-1.9824,1.9043,12.9761;
33,Walking,43130821,1.0815,1.7822,12.3657;
33,Walking,43181821,1.1182,-0.0732,12.2729;
33,Walking,43232821,0.2197,1.7139,12.7295;
33,Walking,43283821,-5.1367,4.8022,12.8247;
33,Walking,43334821,-0.2661,1.2622,10.8740;
33,Walking,43385821,-1.3037,-2.3218,10.2515;
33,Walking,43436821,-0.1611,0.6860,10.1001;
33,Walking,43487821,-0.9009,1.5381,9.4116;
33,Walking,43538821,-1.1206,0.3687,9.4092;
33,Walking,43589821,0.5493,-1.2329,13.7085;
33,Walking,43640821,2.5391,-5.7446,14.8853;
33,Walking,43691821,2.8296,-1.2012,13.8477;
33,Walking,43742821,1.1475,-0.4639,9.5312;
33,Walking,43793821,-3.0737,0.3760,8.4326;
33,Walking,43844821,-4.8462,1.3574,14.5239;
33,Walking,43895821,9.6582,-6.2280,15.7373;
33,Walking,43946821,1.5967,5.1709,10.8398;
33,Walking,43997821,-2.4683,6.6846,10.5981;
33,Walking,44048821,-3.9868,1.1182,9.5801;
33,Walking,44099821,-2.1729,-2.0142,11.1694;
33,Walking,44150821,-3.3032,-3.6157,11.9995;
33,Walking,44201821,-0.7422,-0.8545,11.7822;
33,Walking,44252821,-1.9702,2.4243,11.7651;
33,Walking,44303821,-2.2510,2.1045,10.5859;
33,Walking,44354821,-2.6245,1.5210,11.5894;
33,Walking,44405821,-2.4194,0.6274,11.6650;
33,Walking,44456821,-2.0215,-0.4004,12.0996;
33,Walking,44507821,-1.9531,-1.1548,11.5161;
33,Walking,44558821,-1.0083,-0.7373,11.4160;
33,Walking,44609821,-2.2705,-1.2183,13.1909;
33,Walking,44660821,-2.1851,0.1758,13.0908;
33,Walking,44711821,-0.5225,3.3740,13.0225;
33,Walking,44762821,1.3037,2.0874,11.9263;
33,Walking,44813821,-0.2173,1.4844,12.2095;
33,Walking,44864821,-3.5693,5.4248,13.0811;
33,Walking,44915821,1.4551,1.0986,10.5640;
33,Walking,44966821,-0.2124,-0.8643,10.6372;
33,Walking,45017821,-0.2734,-0.0098,10.1611;
33,Walking,45068821,-0.9155,-0.7349,9.4312;
33,Walking,45119821,-1.9873,0.0342,8.4399;
33,Walking,45170821,0.4517,1.5381,11.2305;
33,Walking,45221821,2.4463,-7.8247,15.4663;
33,Walking,45272821,5.0220,-1.7871,13.4326;
33,Walking,45323821,1.1646,1.5527,9.8291;
33,Walking,45374821,0.4077,0.7935,18.9014;
33,Walking,45425821,-0.6860,-3.2788,8.8721;
33,Walking,45476821,-3.7622,6.8652,8.5815;
33,Walking,45527821,-1.7993,5.0000,13.3813;
33,Walking,45578821,-1.5015,-0.7251,11.1084;
33,Walking,45629821,-2.5000,-0.7031,10.2002;
33,Walking,45680821,-2.4878,1.1279,12.2705;
33,Walking,45731821,-2.0142,0.8350,10.6396;
33,Walking,45782821,-2.9663,0.4834,11.2915;
33,Walking,45833821,-2.1729,0.6982,11.6406;
33,Walking,45884821,-2.0654,0.5859,11.9604;
33,Walking,45935821,-1.9214,0.1392,11.7627;
33,Walking,45986821,-1.5845,0.2490,11.5796;
33,Walking,46037821,-2.5073,0.7861,11.3379;
33,Walking,46088821,-2.1973,1.1865,11.4941;
33,Walking,46139821,-2.2412,1.2427,11.4307;
33,Walking,46190821,-2.3682,0.8154,11.7700;
33,Walking,46241821,-2.2803,0.4053,11.4355;
33,Walking,46292821,-1.8359,-0.2637,12.9688;
33,Walking,46343821,-1.9092,-0.9180,12.2559;
33,Walking,46394821,-2.4487,0.9131,11.5332;
33,Walking,46445821,-1.0596,1.4526,11.0449;
33,Walking,46496821,2.0557,3.2373,12.3413;
33,Walking,46547821,1.6089,1.5674,12.5317;
33,Walking,46598821,-2.5415,1.4429,13.2983;
33,Walking,46649821,-3.1616,3.3765,11.9849;
33,Walking,46700821,0.5029,-1.2012,10.7593;
33,Walking,46751821,-0.0537,1.5161,10.5615;
33,Walking,46802821,0.1636,1.1206,9.4507;
33,Walking,46853821,-1.0205,-1.7407,10.3052;
33,Walking,46904821,-1.3135,-1.2622,11.3159;
33,Walking,46955821,2.1143,-0.4175,12.5903;
33,Walking,47006821,1.6846,-1.0767,12.2021;
33,Walking,47057821,2.8882,-1.1475,11.6943;
33,Walking,47108821,0.6689,-0.3760,10.5273;
33,Walking,47159821,-4.0771,-2.7002,19.0015;
33,Walking,47210821,6.6406,-8.6816,12.8931;
33,Walking,47261821,-2.9272,6.8164,9.1577;
33,Walking,47312821,-0.6958,8.1860,10.6152;
33,Walking,47363821,-2.2681,0.2344,11.2378;
33,Walking,47414821,-2.7441,-0.4590,9.9951;
33,Walking,47465821,-3.9941,-3.2495,11.9946;
33,Walking,47516821,-1.0742,-0.9863,11.4722;
33,Walking,47567821,-2.7588,2.2876,11.1377;
33,Walking,47618821,-2.2412,1.8628,11.8262;
33,Walking,47669821,-2.1069,1.4404,11.2354;
33,Walking,47720821,-2.5952,0.9058,11.7432;
33,Walking,47771821,-1.9751,0.0952,11.3892;
33,Walking,47822821,-1.8896,-0.4614,11.7847;
33,Walking,47873821,-1.8750,-0.4297,12.0435;
33,Walking,47924821,-1.4648,-0.4736,11.3672;
33,Walking,47975821,-1.7334,-0.2686,11.4526;
33,Walking,48026821,-2.0581,0.3027,11.3013;
33,Walking,48077821,-2.5977,-0.4932,12.4023;
33,Walking,48128821,-2.4243,0.7446,13.0786;
33,Walking,48179821,-2.1289,2.0410,12.3315;
33,Walking,48230821,-1.4551,0.7153,11.3037;
33,Walking,48281821,2.8027,1.5234,13.0615;
33,Walking,48332821,3.3154,1.1646,13.3203;
33,Walking,48383821,-2.8589,1.7163,12.6611;
33,Walking,48434821,-2.0972,3.4009,12.2363;
33,Walking,48485821,0.8008,-1.2598,10.7324;
33,Walking,48536821,-0.6177,0.3711,10.4053;
33,Walking,48587821,-0.5273,-0.2856,9.7388;
33,Walking,48638821,-1.3086,-0.9375,8.7036;
33,Walking,48689821,-1.4380,0.2905,8.6987;
33,Walking,48740821,6.3306,-1.5259,16.5039;
33,Walking,48791821,5.5396,-5.5249,16.2915;
33,Walking,48842821,2.4341,1.4282,8.6133;
33,Walking,48893821,10.5591,2.9443,21.8384;
33,Walking,48944821,-7.4878,-2.3657,3.8770;
33,Walking,48995821,-3.4619,4.7949,13.5010;
33,Walking,49046821,-0.9277,2.7124,11.8433;
33,Walking,49097821,-1.8018,-0.0806,8.7842;
33,Walking,49148821,-2.8149,0.5469,11.5869;
33,Walking,49199821,-2.7441,-2.1729,11.5796;
33,Walking,49250821,-2.1582,-0.0366,11.3794;
33,Walking,49301821,-2.0752,0.7202,11.2256;
33,Walking,49352821,-1.7505,1.1646,11.8359;
33,Walking,49403821,-1.7188,0.8496,12.0581;
33,Walking,49454821,-1.2354,0.0000,11.7505;
33,Walking,49505821,-1.6675,-0.0806,11.0864;
33,Walking,49556821,-1.9751,0.7495,11.4331;
33,Walking,49607821,-2.2656,0.8643,11.1792;
33,Walking,49658821,-2.0996,-0.3296,11.5601;
33,Walking,49709821,-3.0005,-1.1255,13.2324;
33,Walking,49760821,-2.9736,0.5786,12.0923;
33,Walking,49811821,0.0977,2.3608,12.0898;
33,Walking,49862821,2.1216,2.4854,13.1909;
33,Walking,49913821,0.1880,2.0508,12.5732;
33,Walking,49964821,-4.3042,3.7256,11.8774;
33,Walking,50015821,-0.9717,0.5786,10.7813;
33,Walking,50066821,0.7422,-1.5283,10.8252;
33,Walking,50117821,-0.3564,0.2612,10.7349;
33,Walking,50168821,-0.8643,0.8838,8.9526;
33,Walking,50219821,-1.3672,1.5674,8.9600;
33,Walking,50270821,-1.1865,0.8813,10.9375;
33,Walking,50321821,4.0088,-8.0493,16.1328;
33,Walking,50372821,3.1299,-2.8735,13.7036;
33,Walking,50423821,1.0791,2.1313,10.3247;
33,Walking,50474821,-3.7305,2.3071,17.8833;
33,Walking,50525821,1.5161,-8.2568,16.7676;
33,Walking,50576821,-2.6099,6.6846,8.6768;
33,Walking,50627821,-2.8442,6.2646,12.0508;
33,Walking,50678821,-2.5610,2.0605,10.2930;
33,Walking,50729821,-1.9531,1.0181,10.1636;
33,Walking,50780821,-4.3701,-1.3281,12.3535;
33,Walking,50831821,-1.0303,-4.6631,11.8066;
33,Walking,50882821,-0.6689,1.6528,12.1338;
33,Walking,50933821,-2.0508,1.7603,11.4502;
33,Walking,50984821,-1.6626,1.3208,11.2793;
33,Walking,51035821,-2.4170,1.2646,11.6821;
33,Walking,51086821,-1.9019,0.2637,11.9019;
33,Walking,51137821,-1.5503,0.1099,11.2939;
33,Walking,51188821,-1.9092,0.3027,11.0254;
33,Walking,51239821,-1.7065,-0.2490,11.8604;
33,Walking,51290821,-3.2349,-0.5811,11.5308;
33,Walking,51341821,-2.8442,-0.5225,13.7231;
33,Walking,51392821,-2.1582,1.1328,12.0410;
33,Walking,51443821,0.4297,4.3213,12.3657;
33,Walking,51494821,4.4678,0.5103,12.9736;
33,Walking,51545821,-1.2622,-0.1514,13.1201;
33,Walking,51596821,-7.0532,4.7144,12.2827;
33,Walking,51647821,0.7275,0.4785,10.6738;
33,Walking,51698821,-0.6250,-3.2568,11.0425;
33,Walking,51749821,-0.4712,1.0327,10.0659;
33,Walking,51800821,-0.8813,1.7822,8.1641;
33,Walking,51851821,-1.2744,1.2158,8.3398;
33,Walking,51902821,1.3477,0.5713,11.3379;
33,Walking,51953821,5.0952,-13.7036,20.7666;
33,Walking,52004821,0.8252,-1.2061,10.0610;
33,Walking,52055821,2.6709,3.6182,16.8848;
33,Walking,52106821,-6.0596,-3.8428,6.8140;
33,Walking,52157821,-4.4214,6.9458,11.5454;
33,Walking,52208821,-0.8496,5.0659,13.6890;
33,Walking,52259821,-2.4219,-0.2051,10.1929;
33,Walking,52310821,-1.7188,-0.8105,11.1670;
33,Walking,52361821,-3.3374,-1.3818,11.5112;
33,Walking,52412821,-1.7261,1.1206,11.1890;
33,Walking,52463821,-1.3184,0.5615,11.6748;
33,Walking,52514821,-1.9482,0.6934,11.7578;
33,Walking,52565821,-2.4902,0.5664,11.4771;
33,Walking,52616821,-1.9971,0.6738,11.8286;
33,Walking,52667821,-1.4380,0.5615,11.3672;
33,Walking,52718821,-1.4893,0.9937,11.8457;
33,Walking,52769821,-1.6724,0.9106,11.3110;
33,Walking,52820821,-1.8066,0.2222,11.8359;
33,Walking,52871821,-2.1362,-0.3271,11.5039;
33,Walking,52922821,-2.8809,-0.9937,13.1445;
33,Walking,52973821,-2.1484,0.1172,11.5088;
33,Walking,53024821,-1.8799,2.1777,11.1621;
33,Walking,53075821,2.8711,2.4854,12.5220;
33,Walking,53126821,1.6040,-0.5835,12.5415;
33,Walking,53177821,-2.6270,3.4302,13.7695;
33,Walking,53228821,-4.0820,4.6191,12.5854;
33,Walking,53279821,1.6895,-4.4922,10.9277;
33,Walking,53330821,-0.6689,-0.2686,10.9253;
33,Walking,53381821,-1.0742,2.4512,8.5205;
33,Walking,53432821,-1.0425,1.7456,8.2812;
33,Walking,53483821,-0.1392,0.4248,11.0938;
33,Walking,53534827,5.2930,-10.2417,18.0420;
33,Walking,53585821,2.1802,-2.0044,13.1421;
33,Walking,53636821,1.8604,2.6807,8.6401;
33,Walking,53687821,-3.3252,4.0430,18.0933;
33,Walking,53738821,7.1777,-10.0342,14.7974;
33,Walking,53789821,-4.6729,5.4980,9.2822;
33,Walking,53840821,-2.5122,3.8623,11.4893;
33,Walking,53891821,-1.8799,1.5356,8.5083;
33,Walking,53942821,-2.1143,1.0278,11.0645;
33,Walking,53993821,-4.1309,-1.1206,12.9614;
33,Walking,54044821,-1.0840,-0.9180,10.9595;
33,Walking,54095821,-2.6318,-1.0205,11.7749;
33,Walking,54146821,-2.1289,1.1353,11.4258;
33,Walking,54197821,-1.4624,1.5430,12.5488;
33,Walking,54248821,-0.7446,-0.6079,12.1484;
33,Walking,54299821,-1.7505,-0.4980,11.3354;
33,Walking,54350821,-2.1802,0.0317,11.0034;
33,Walking,54401821,-2.6392,0.7861,10.9302;
33,Walking,54452821,-2.2021,1.3477,11.6748;
33,Walking,54503821,-2.5562,-1.0278,13.9746;
33,Walking,54554821,-2.6001,0.1270,12.0264;
33,Walking,54605821,-1.2598,1.3696,12.1606;
33,Walking,54656821,2.2510,0.8765,12.6807;
33,Walking,54707821,2.5586,-2.4902,12.6465;
33,Walking,54758821,-3.2007,2.5195,14.3945;
33,Walking,54809821,-4.1333,3.7866,13.2910;
33,Walking,54860821,1.2061,-3.2690,10.5371;
33,Walking,54911821,0.3052,2.3071,9.6484;
33,Walking,54962821,-0.3589,1.1255,7.4487;
33,Walking,55013821,-0.2417,0.9961,7.2290;
33,Walking,55064821,1.9165,1.2842,12.3193;
33,Walking,55115821,1.4453,-15.1831,17.6855;
33,Walking,55166821,3.3325,1.9604,14.7266;
33,Walking,55217821,-3.0908,-1.6479,11.1328;
33,Walking,55268821,-3.3960,5.9399,9.4946;
33,Walking,55319821,-4.8340,1.5454,11.0693;
33,Walking,55370821,-1.3745,0.1709,9.4360;
33,Walking,55421821,-1.6040,-0.4272,10.7544;
33,Walking,55472821,-1.1792,3.2153,11.9092;
33,Walking,55523821,-2.3291,0.5298,11.6064;
33,Walking,55574821,-2.6392,-0.7642,11.1450;
33,Walking,55625821,-2.6978,-1.1035,11.4673;
33,Walking,55676821,-1.5820,1.1255,11.6968;
33,Walking,55727821,-1.3208,1.1841,11.9824;
33,Walking,55778821,-1.0767,0.6226,12.1143;
33,Walking,55829821,-2.2021,0.5347,11.3550;
33,Walking,55880821,-3.2007,0.7104,11.2573;
33,Walking,55931821,-2.8662,-0.1514,11.5137;
33,Walking,55982821,-1.9019,-1.3086,13.7769;
33,Walking,56033821,-2.0020,0.7886,11.9580;
33,Walking,56084821,-1.5112,0.8862,11.6479;
33,Walking,56135821,1.4429,1.6992,12.2852;
33,Walking,56186821,1.8872,1.2866,12.8149;
33,Walking,56237821,-5.0610,1.8799,12.1069;
33,Walking,56288821,-3.8843,2.5952,12.7979;
33,Walking,56339821,0.9204,-3.1299,11.2280;
33,Walking,56390821,-0.0586,0.2808,12.2290;
33,Walking,56441821,-0.8936,2.7515,8.5181;
33,Walking,56492821,-0.8740,2.0557,8.2788;
33,Walking,56543821,0.5884,2.1777,10.5200;
33,Walking,56594821,4.1016,-2.6733,17.0825;
33,Walking,56645821,2.2510,-9.3604,11.4160;
33,Walking,56696821,-0.6104,1.8530,19.3140;
33,Walking,56747821,-1.9263,-1.1133,11.6162;
33,Walking,56798821,-5.3345,6.1035,10.2759;
33,Walking,56849821,-3.4131,5.6689,9.8804;
33,Walking,56900821,-1.2427,1.8652,11.1426;
33,Walking,56951821,-1.9897,-0.1221,10.0513;
33,Walking,57002821,-3.1592,-2.3242,13.3838;
33,Walking,57053821,-0.0684,-2.4976,11.7676;
33,Walking,57104821,-2.3169,1.9409,11.7578;
33,Walking,57155821,-2.2534,0.7495,11.1328;
33,Walking,57206821,-1.6113,0.4565,11.8677;
33,Walking,57257821,-1.4868,-0.2222,11.8115;
33,Walking,57308821,-0.3076,-0.7935,12.1362;
33,Walking,57359821,-1.7773,0.8813,11.0352;
33,Walking,57410821,-2.4634,0.2051,11.0791;
33,Walking,57461821,-2.8345,-1.1646,12.2583;
33,Walking,57512821,-2.5684,0.0000,13.5010;
33,Walking,57563821,-0.9277,1.5820,13.2959;
33,Walking,57614821,-0.0391,-0.0562,12.3657;
33,Walking,57665821,2.1533,1.3403,12.3486;
33,Walking,57716821,-2.1265,2.2949,12.7930;
33,Walking,57767821,-5.1758,2.2876,11.6064;
33,Walking,57818821,-2.6270,0.2124,10.5225;
33,Walking,57869821,1.1230,-1.3062,11.7261;
33,Walking,57920821,-0.6665,2.2803,11.2134;
33,Walking,57971821,-0.6030,2.6489,9.3237;
33,Walking,58022821,0.5664,0.6812,11.5845;
33,Walking,58073821,-0.5078,1.0352,10.3418;
33,Walking,58124821,2.4463,-3.8086,13.5352;
33,Walking,58175821,1.2061,-4.6997,14.0771;
33,Walking,58226821,-0.2124,-0.1904,10.4810;
33,Walking,58277821,-0.2051,1.3354,9.3921;
33,Walking,58328821,-2.1338,1.2183,12.2949;
33,Walking,58379821,5.9546,-3.6475,15.7568;
33,Walking,58430821,-2.0215,-1.6699,9.0576;
33,Walking,58481821,-1.7578,6.4990,9.0259;
33,Walking,58532821,-3.9648,4.0845,12.5073;
33,Walking,58583821,-0.4370,-1.6333,10.5835;
33,Walking,58634821,-0.3516,-1.2354,10.6128;
33,Walking,58685821,-1.6772,0.5737,11.5723;
33,Walking,58736821,-3.2520,0.6030,11.3330;
33,Walking,58787821,-2.9419,0.4346,10.9277;
33,Walking,58838821,-2.0337,0.2002,12.1289;
33,Walking,58889821,-1.8286,0.3101,11.5430;
33,Walking,58940821,-1.6528,-0.0171,12.1167;
33,Walking,58991821,-1.1768,-0.2246,11.5552;
33,Walking,59042821,-2.2266,-0.1978,11.3379;
33,Walking,59093821,-2.5122,0.6445,11.6187;
33,Walking,59144821,-1.7529,1.5747,11.0596;
33,Walking,59195821,-1.8042,-0.1123,11.5747;
33,Walking,59246821,-1.4624,-1.3013,11.0938;
33,Walking,59297821,-1.8896,-1.3477,11.7456;
33,Walking,59348821,-3.0933,-0.0049,11.6357;
33,Walking,59399821,-4.3433,2.1826,12.4536;
33,Walking,59450821,-2.1143,5.1660,12.5732;
33,Walking,59501821,0.4297,1.7139,12.5195;
33,Walking,59552821,-0.9766,-3.8037,11.2915;
33,Walking,59603821,2.7002,-2.1851,12.5317;
33,Walking,59654821,-2.2070,2.1167,13.5791;
33,Walking,59705821,-7.4268,3.5181,11.2256;
33,Walking,59756821,1.7261,-1.8115,11.8774;
33,Walking,59807821,-1.3843,-0.6030,11.4575;
33,Walking,59858821,-0.5884,1.5479,10.0684;
33,Walking,59909821,0.6982,1.9385,9.4312;
33,Walking,59960821,1.0522,1.7261,9.9048;
33,Walking,60011821,1.0791,0.7349,12.1143;
33,Walking,60062821,1.0840,-6.3110,14.6191;
33,Walking,60113821,1.6089,-3.6670,10.8667;
33,Walking,60164821,1.1084,0.4907,10.6274;
33,Walking,60215821,-2.8955,2.7612,17.8662;
33,Walking,60266821,5.3564,-8.3032,12.2705;
33,Walking,60317821,-3.0615,4.1870,10.7788;
33,Walking,60368821,-1.6431,3.8037,8.7769;
33,Walking,60419821,-2.8467,3.8843,10.3857;
33,Walking,60470821,-2.0312,2.3706,11.7969;
33,Walking,60521821,-1.8530,0.0220,12.1338;
33,Walking,60572821,-2.0142,-1.5137,11.6797;
33,Walking,60623821,-1.0913,-2.8418,12.1826;
33,Walking,60674821,-0.7837,0.7935,11.5234;
33,Walking,60725821,-2.4316,0.4199,11.6479;
33,Walking,60776821,-2.5244,0.4468,11.5112;
33,Walking,60827821,-1.9751,0.0269,11.6089;
33,Walking,60878821,-1.1401,-0.2075,11.7798;
33,Walking,60929821,-1.4966,1.3794,11.3477;
33,Walking,60980821,-2.2388,0.5518,11.2842;
33,Walking,61031821,-2.1338,0.3955,12.1997;
33,Walking,61082821,-3.6719,-0.3931,11.7651;
33,Walking,61133821,-2.8735,0.6079,11.5234;
33,Walking,61184821,-1.4453,3.4131,12.9346;
33,Walking,61235821,0.0879,3.0322,12.6074;
33,Walking,61286821,0.1196,-1.1084,11.8066;
33,Walking,61337821,-0.8643,0.2393,12.0435;
33,Walking,61388821,-4.1528,1.6553,11.8848;
33,Walking,61439821,-0.9521,0.7275,12.1265;
33,Walking,61490821,0.3735,-0.1318,11.4697;
33,Walking,61541821,-0.7812,1.7920,10.3760;
33,Walking,61592821,0.5225,1.0254,11.0645;
33,Walking,61643821,0.5444,1.4014,10.1978;
33,Walking,61694821,0.1855,-0.6372,11.5576;
33,Walking,61745821,1.1450,-1.8604,11.8408;
33,Walking,61796821,1.6602,-2.5464,12.6001;
33,Walking,61847821,1.7944,-1.0083,11.4136;
33,Walking,61898839,0.5371,-0.3076,10.1050;
33,Walking,61949821,-0.4224,0.5029,11.0132;
33,Walking,62000821,1.9360,-0.8154,15.9302;
33,Walking,62051821,1.6528,-2.8491,12.3267;
33,Walking,62102821,-2.6318,3.0908,9.1187;
33,Walking,62153821,-3.0103,3.3521,11.9751;
33,Walking,62204821,-0.9717,0.6958,9.6265;
33,Walking,62255821,-0.7617,-0.0317,10.5786;
33,Walking,62306821,-1.5479,-0.9546,11.7822;
33,Walking,62357821,-2.1851,0.4590,11.6406;
33,Walking,62408821,-3.3228,1.0303,10.9302;
33,Walking,62459821,-2.4194,0.1221,11.4307;
33,Walking,62510821,-2.0288,-0.1123,11.4038;
33,Walking,62561821,-2.4683,1.0327,11.7212;
33,Walking,62612821,-1.9238,0.4492,11.5186;
33,Walking,62663821,-1.9287,0.0708,11.5674;
33,Walking,62714821,-2.0190,0.9302,11.6797;
33,Walking,62765821,-1.9507,0.0903,11.2305;
33,Walking,62816821,-2.1533,0.8276,11.4380;
33,Walking,62867821,-2.5806,0.9985,11.2549;
33,Walking,62918821,-2.3022,-0.7446,12.1484;
33,Walking,62969821,-2.6123,-1.4551,13.1836;
33,Walking,63020821,-2.1753,1.7822,11.9556;
33,Walking,63071821,-0.2295,2.8125,12.1191;
33,Walking,63122821,1.3037,1.5063,12.6270;
33,Walking,63173821,0.2637,0.3638,11.9141;
33,Walking,63224821,-4.0527,2.0996,11.7017;
33,Walking,63275821,-3.9355,0.9790,12.1094;
33,Walking,63326821,1.5527,-1.9092,11.1328;
33,Walking,63377821,-0.3687,1.8457,11.6553;
33,Walking,63428821,-1.3940,2.2925,9.1260;
33,Walking,63479821,-0.6104,2.1582,9.5361;
33,Walking,63530821,0.2490,1.5356,11.7334;
33,Walking,63581821,3.5718,-4.5508,14.5020;
33,Walking,63632821,0.6104,-6.4038,14.7021;
33,Walking,63683821,0.0537,0.7886,9.0479;
33,Walking,63734821,-2.2949,0.8154,8.2690;
33,Walking,63785821,-5.1978,-0.0488,20.2466;
33,Walking,63836821,6.5747,-4.4678,13.7842;
33,Walking,63887821,-1.1816,4.9731,8.9844;
33,Walking,63938821,-2.4683,5.9106,10.4736;
33,Walking,63989821,-2.9150,1.4111,12.0508;
33,Walking,64040821,-1.0034,-0.5591,10.8911;
33,Walking,64091821,-2.7612,-3.0493,11.4893;
33,Walking,64142821,-2.6221,-3.2861,10.7251;
33,Walking,64193821,-2.0459,2.3340,12.1338;
33,Walking,64244821,-2.5317,1.6968,11.2622;
33,Walking,64295821,-2.0898,1.9531,11.4160;
33,Walking,64346821,-2.2974,1.6602,11.4673;
33,Walking,64397821,-2.1899,0.7959,11.7529;
33,Walking,64448821,-2.1680,0.4492,11.3794;
33,Walking,64499839,-0.9229,2.3462,12.3389;
33,Walking,64550821,-1.9238,0.4419,11.7822;
33,Walking,64601821,-2.1167,-1.4478,12.3584;
33,Walking,64652821,-2.8491,-2.3047,13.3838;
33,Walking,64703821,-2.1289,1.0254,11.5479;
33,Walking,64754821,1.5747,3.1104,10.9351;
33,Walking,64805821,2.7588,0.6763,12.6660;
33,Walking,64856821,-4.0869,3.1006,13.0347;
33,Walking,64907821,-6.4795,4.7070,13.4570;
33,Walking,64958821,3.3936,-3.8647,10.6519;
33,Walking,65009821,-1.3599,-1.6089,12.0557;
33,Walking,65060821,-0.3345,2.2388,9.7388;
33,Walking,65111821,-0.1562,2.3706,9.1602;
33,Walking,65162821,-1.0229,1.8140,11.0376;
33,Walking,65213821,-0.0537,-1.5088,11.1157;
33,Walking,65264821,3.6938,-5.3613,15.2173;
33,Walking,65315821,0.3735,-2.4194,12.7783;
33,Walking,65366821,-0.9570,-1.0083,9.7461;
33,Walking,65417821,-2.3291,1.4966,13.2642;
33,Walking,65468821,3.2202,-0.2930,13.9453;
33,Walking,65519821,-0.1245,-2.1069,10.6641;
33,Walking,65570821,-1.8286,6.6772,9.0771;
33,Walking,65621821,-2.2388,5.1416,11.6528;
33,Walking,65672821,-1.1572,0.1660,10.3345;
33,Walking,65723821,-2.3828,-1.7236,11.2671;
33,Walking,65774821,-1.9702,-2.2900,11.9092;
33,Walking,65825821,-1.6064,1.1328,11.5186;
33,Walking,65876821,-2.2925,0.6421,10.9839;
33,Walking,65927821,-1.9751,0.6128,11.9946;
33,Walking,65978821,-2.1704,1.7529,11.2988;
33,Walking,66029821,-2.4194,1.6846,11.8262;
33,Walking,66080821,-1.7651,0.9985,11.5601;
33,Walking,66131821,-1.5918,0.6274,11.8579;
33,Walking,66182821,-0.6201,0.0024,12.0386;
33,Walking,66233821,-2.1851,1.4917,11.7578;
33,Walking,66284821,-2.6050,0.5615,11.2866;
33,Walking,66335821,-1.8311,-0.2612,11.2085;
33,Walking,66386821,-3.0933,-1.7969,14.5068;
33,Walking,66437821,-0.4687,1.9580,11.4819;
33,Walking,66488821,0.0757,2.5073,10.9692;
33,Walking,66539821,2.5562,-0.0146,11.9434;
33,Walking,66590821,-1.6577,0.5615,13.4155;
33,Walking,66641821,-8.8232,3.0786,13.0347;
33,Walking,66692821,-0.1978,0.5005,11.1401;
33,Walking,66743821,0.7959,-3.3691,11.6089;
33,Walking,66794821,-0.6348,1.2598,11.6162;
33,Walking,66845821,-0.1001,4.0991,9.1309;
33,Walking,66896821,-0.3491,2.8784,9.6948;
33,Walking,66947821,0.3223,1.5210,11.4111;
33,Walking,66998821,3.3667,-4.7388,14.4507;
33,Walking,67049821,2.0215,-6.8188,12.0093;
33,Walking,67100821,-1.8115,-0.8569,11.3867;
33,Walking,67151821,0.8618,1.5283,15.9644;
33,Walking,67202821,0.1270,-6.0376,12.4658;
33,Walking,67253821,0.0684,6.6724,9.7949;
33,Walking,67304821,-2.5244,7.0215,11.4331;
33,Walking,67355821,-2.5635,-0.4321,12.3267;
33,Walking,67406821,-2.0605,-1.7822,9.3604;
33,Walking,67457821,-2.3389,-1.9873,11.9043;
33,Walking,67508821,-0.7324,-0.3491,11.4648;
33,Walking,67559821,-3.2422,0.2539,11.0767;
33,Walking,67610821,-3.7915,0.4639,11.1475;
33,Walking,67661821,-2.7637,1.6211,11.2500;
33,Walking,67712821,-1.8628,2.2388,11.3599;
33,Walking,67763821,-0.7520,-0.0586,13.4351;
33,Walking,67814821,-0.6860,0.1807,11.5601;
33,Walking,67865821,-2.7881,0.1758,11.3257;
33,Walking,67916821,-3.3521,1.0376,11.0474;
33,Walking,67967821,-3.2153,1.1841,11.1255;
33,Walking,68018821,-1.9409,0.0513,11.7920;
33,Walking,68069821,-1.5356,-1.2769,11.9873;
33,Walking,68120821,-3.3862,-1.7285,11.8652;
33,Walking,68171821,-4.4971,1.9702,12.3926;
33,Walking,68222821,-1.0181,5.3052,12.2192;
33,Walking,68273821,-0.1489,2.8979,12.2144;
33,Walking,68324821,-1.7017,-1.2524,10.6982;
33,Walking,68375846,0.1270,-0.9204,11.0547;
33,Walking,68426821,-1.3330,0.6274,12.5903;
33,Walking,68477821,-3.5254,3.0933,12.0825;
33,Walking,68528821,-1.8481,-0.2466,11.8481;
33,Walking,68579821,-0.9033,-0.7202,11.8604;
33,Walking,68630821,-0.8447,0.4199,10.8618;
33,Walking,68681821,0.7104,1.5820,10.4028;
33,Walking,68732821,0.2783,0.7349,10.4639;
33,Walking,68783821,0.1367,0.9473,10.6543;
33,Walking,68834821,1.2183,0.5005,10.6323;
33,Walking,68885821,1.4209,-4.7900,14.3335;
33,Walking,68936821,0.8154,-4.0283,11.4551;
33,Walking,68987821,-0.2051,-1.2549,13.2349;
33,Walking,69038821,0.4834,-2.4512,14.5996;
33,Walking,69089821,0.2783,1.0400,9.0308;
33,Walking,69140821,-3.2983,9.0601,7.9956;
33,Walking,69191821,-3.8818,4.0625,13.3472;
33,Walking,69242821,0.6714,-1.8384,9.5239;
33,Walking,69293821,-3.2178,-2.3755,13.0103;
33,Walking,69344821,-1.2183,-3.5229,10.9302;
33,Walking,69395821,-1.7578,0.6763,10.9375;
33,Walking,69446821,-2.3608,1.9336,12.2485;
33,Walking,69497821,-2.4951,2.4292,10.6519;
33,Walking,69548821,-2.8296,2.9663,11.5894;
33,Walking,69599821,-1.9849,1.2622,12.2119;
33,Walking,69650821,-1.7285,-0.3394,11.6455;
33,Walking,69701821,-2.5708,-1.3013,11.8140;
33,Walking,69752821,-0.0708,0.7935,11.2085;
33,Walking,69803821,-4.0210,-1.4697,13.0811;
33,Walking,69854821,-3.9087,-1.1206,12.0874;
33,Walking,69905821,-0.5811,3.4106,12.6343;
33,Walking,69956821,-0.2441,3.3838,12.1338;
33,Walking,70007821,-1.6455,3.6938,11.4478;
33,Walking,70058821,-1.1963,1.8481,11.2744;
33,Walking,70109821,-3.1494,-2.8101,11.8994;
33,Walking,70160821,-4.8730,-1.6968,10.2515;
33,Walking,70211821,0.1416,1.1670,13.7500;
33,Walking,70262821,-1.0913,3.2495,11.1914;
33,Walking,70313821,-0.3784,2.2754,10.4980;
33,Walking,70364821,1.1328,0.8789,12.5122;
33,Walking,70415821,-0.3760,-2.6978,11.1426;
33,Walking,70466821,-0.2954,-1.9312,10.6299;
33,Walking,70517821,-0.8569,-1.3477,9.4434;
33,Walking,70568821,-0.8130,-3.2861,11.2939;
33,Walking,70619821,0.3711,-1.1328,10.5640;
33,Walking,70670821,-1.1841,1.3745,20.8569;
33,Walking,70721821,1.7041,-0.1611,12.1216;
33,Walking,70772821,-2.0068,4.1382,5.7617;
33,Walking,70823821,-3.0786,3.2300,10.6519;
33,Walking,70874821,-2.1753,1.2573,12.0361;
33,Walking,70925821,-1.1548,-2.3828,11.5356;
33,Walking,70976821,-1.2842,-2.3218,12.2510;
33,Walking,71027821,-2.4951,0.7642,10.8813;
33,Walking,71078821,-2.5415,1.3330,11.3794;
33,Walking,71129821,-2.4268,1.5552,11.3623;
33,Walking,71180821,-2.4463,1.6821,11.3647;
33,Walking,71231821,-3.1323,1.6382,11.2573;
33,Walking,71282821,-2.7954,0.7764,11.7310;
33,Walking,71333821,-1.7212,-0.3101,11.3403;
33,Walking,71384821,-1.3062,0.5469,11.8091;
33,Walking,71435821,-1.7554,1.8042,11.6357;
33,Walking,71486821,-2.8247,0.1489,11.2427;
33,Walking,71537821,-3.7451,-1.6455,12.8662;
33,Walking,71588821,-1.2354,1.4087,12.3071;
33,Walking,71639821,-0.1831,2.9565,11.7383;
33,Walking,71690821,-0.9790,1.3257,11.6187;
33,Walking,71741821,0.5737,0.5908,11.4478;
33,Walking,71792821,-2.3706,1.7749,12.4219;
33,Walking,71843821,-3.2739,1.5894,12.2217;
33,Walking,71894821,-1.3110,-0.6616,11.3184;
33,Walking,71945821,-0.7715,0.1929,11.1792;
33,Walking,71996821,-0.3271,1.1548,10.7178;
33,Walking,72047821,-0.4199,1.6870,10.6567;
33,Walking,72098821,1.2866,1.6675,11.7798;
33,Walking,72149821,0.6372,-2.7661,13.4302;
33,Walking,72200821,0.4614,-1.2817,12.4121;
33,Walking,72251821,0.9448,0.0342,11.1987;
33,Walking,72302821,-0.1685,-3.2788,11.1328;
33,Walking,72353821,-1.6919,-1.9971,9.3628;
33,Walking,72404821,-1.8506,-0.3931,9.4067;
33,Walking,72455821,-1.1255,0.1318,10.9473;
33,Walking,72506821,4.3677,1.3428,18.8428;
33,Walking,72557821,3.1299,-4.4141,12.8076;
33,Walking,72608821,-1.0938,5.9204,10.1245;
33,Walking,72659821,-4.9951,4.4116,10.1733;
33,Walking,72710821,-4.9341,-3.0566,13.6816;
33,Walking,72761821,1.4819,-3.3618,10.9497;
33,Walking,72812821,-1.5405,2.8931,11.1792;
33,Walking,72863821,-3.1274,1.2012,10.7422;
33,Walking,72914821,-3.1982,0.6860,11.4380;
33,Walking,72965821,-2.2607,0.0073,11.5967;
33,Walking,73016821,-1.5430,-0.3003,11.9434;
33,Walking,73067821,-1.3306,1.2500,11.7212;
33,Walking,73118821,-1.5894,0.3027,11.6626;
33,Walking,73169821,-1.7773,-0.8203,11.5576;
33,Walking,73220821,-1.8872,-0.7495,11.4014;
33,Walking,73271821,-2.4048,0.7324,11.0034;
33,Walking,73322821,-1.8701,0.3760,10.9448;
33,Walking,73373821,-2.3047,-0.7104,10.8081;
33,Walking,73424821,-1.6382,1.5991,14.4165;
33,Walking,73475821,-1.2793,2.0142,13.5620;
33,Walking,73526821,-0.6006,0.9741,12.4194;
33,Walking,73577821,0.1392,1.2402,12.1094;
33,Walking,73628821,-1.8384,3.1152,13.0103;
33,Walking,73679821,-0.8008,2.3291,11.0400;
33,Walking,73730821,-0.0244,-1.1206,11.1719;
33,Walking,73781821,0.0562,-0.5151,10.6177;
33,Walking,73832821,-1.5259,0.1221,9.4336;
33,Walking,73883821,-1.5186,1.3037,9.3408;
33,Walking,73934821,0.2710,1.3672,9.9780;
33,Walking,73985821,3.0420,-2.0874,14.1211;
33,Walking,74036821,3.2422,-7.6782,13.2446;
33,Walking,74087821,2.0239,1.9873,10.7373;
33,Walking,74138821,-0.8203,2.8320,19.4214;
33,Walking,74189821,-2.0117,-7.9761,12.7271;
33,Walking,74240821,0.2881,-0.4858,9.6338;
33,Walking,74291821,-1.9214,6.7310,10.7422;
33,Walking,74342821,-1.9312,3.0396,9.7827;
33,Walking,74393821,-2.3999,1.6431,10.5615;
33,Walking,74444821,-2.7271,0.4028,12.0190;
33,Walking,74495821,-1.8579,-2.5879,12.0605;
33,Walking,74546821,-3.0811,-1.7773,11.2646;
33,Walking,74597821,-1.2573,1.6260,11.5552;
33,Walking,74648821,-1.3940,2.4097,11.4990;
33,Walking,74699821,-2.7734,0.4785,11.6577;
33,Walking,74750821,-2.5732,-0.3076,11.5576;
33,Walking,74801821,-1.8921,-0.6201,11.1328;
33,Walking,74852821,-0.5566,1.6602,12.0166;
33,Walking,74903821,-1.5991,-0.2246,12.1997;
33,Walking,74954821,-3.0005,-1.5698,13.5864;
33,Walking,75005821,-1.7261,1.9507,13.3130;
33,Walking,75056821,0.8447,1.4038,11.3965;
33,Walking,75107821,0.6982,2.9272,12.7148;
33,Walking,75158821,-3.9893,4.4507,12.7759;
33,Walking,75209821,-2.2388,1.7676,10.0952;
33,Walking,75260821,0.6982,-2.8540,10.8789;
33,Walking,75311821,0.0684,0.1611,12.0898;
33,Walking,75362821,-0.3125,2.3462,9.6338;
33,Walking,75413821,-1.2158,2.1802,8.6743;
33,Walking,75464821,-0.6982,1.8140,11.1621;
33,Walking,75515821,1.1133,-2.4927,12.7393;
33,Walking,75566821,3.7622,-9.0137,14.5801;
33,Walking,75617821,-0.6323,-1.1621,10.6274;
33,Walking,75668821,-0.7007,1.3525,7.8345;
33,Walking,75719821,-3.0273,1.3672,17.6465;
33,Walking,75770821,5.4956,-1.5723,13.0835;
33,Walking,75821821,-3.7207,6.7212,8.6987;
33,Walking,75872821,-3.5205,3.0078,10.4272;
33,Walking,75923821,-2.9565,2.7319,9.6582;
33,Walking,75974821,-3.1104,1.3062,11.8701;
33,Walking,76025821,-2.0752,-0.6787,12.0557;
33,Walking,76076821,-1.6577,-0.5542,11.5259;
33,Walking,76127821,-2.6172,1.0913,11.6284;
33,Walking,76178821,-2.3096,0.6323,11.4502;
33,Walking,76229821,-2.2485,0.6860,11.8872;
33,Walking,76280821,-2.0801,0.6519,11.6968;
33,Walking,76331821,-1.7114,0.2441,11.2329;
33,Walking,76382821,-1.9702,0.5396,11.6040;
33,Walking,76433821,-2.2632,0.6445,11.6602;
33,Walking,76484821,-2.3804,0.4102,11.5845;
33,Walking,76535821,-2.1631,-0.0610,11.8701;
33,Walking,76586821,-2.0557,-0.5493,13.2446;
33,Walking,76637821,-1.6797,-1.1377,12.5244;
33,Walking,76688821,0.6201,3.3032,12.1948;
33,Walking,76739821,2.1289,1.4893,12.1509;
33,Walking,76790821,0.6543,0.6592,12.4683;
33,Walking,76841821,-8.6987,4.0015,12.1948;
33,Walking,76892821,0.6543,1.8164,10.7813;
33,Walking,76943821,0.3613,-2.2681,10.3271;
33,Walking,76994821,-1.1523,-0.2588,10.2319;
33,Walking,77045821,0.0146,0.9204,9.2896;
33,Walking,77096821,-0.8472,2.9395,9.5825;
33,Walking,77147821,-0.7422,-0.6909,11.2842;
33,Walking,77198821,0.2124,-8.1763,14.2700;
33,Walking,77249821,5.0464,-2.0020,14.7876;
33,Walking,77300821,0.6812,-0.3101,10.1807;
33,Walking,77351821,-5.1367,-1.6138,16.8994;
33,Walking,77402821,5.1929,-5.5835,13.7231;
33,Walking,77453821,-3.2690,10.2832,7.3315;
33,Walking,77504821,-1.9141,5.5957,13.6328;
33,Walking,77555821,-0.2246,-2.9663,10.0342;
33,Walking,77606821,-1.8481,-0.8228,10.4785;
33,Walking,77657821,-3.5571,-0.1367,10.9375;
33,Walking,77708821,-1.8091,0.1489,10.9814;
33,Walking,77759821,-3.1494,2.2363,11.6479;
33,Walking,77810821,-2.8027,1.9751,11.2012;
33,Walking,77861821,-2.2095,-0.0854,12.2607;
33,Walking,77912821,-1.3867,-1.2451,12.0288;
33,Walking,77963821,-1.3818,-0.8276,11.5479;
33,Walking,78014821,-1.1743,1.2231,10.9961;
33,Walking,78065836,-2.4292,1.5186,11.3208;
33,Walking,78116821,-2.1680,-0.3882,10.5713;
33,Walking,78167821,-2.7808,-0.5908,12.9346;
33,Walking,78218821,-1.5332,2.7246,14.0332;
33,Walking,78269821,-1.0156,2.2217,12.1777;
33,Walking,78320821,0.4395,2.1094,12.1362;
33,Walking,78371821,-0.4712,2.3633,12.0313;
33,Walking,78422821,-2.2339,3.2910,11.2769;
33,Walking,78473821,0.8838,-0.4858,12.2461;
33,Walking,78524821,-1.8896,-1.6235,10.4199;
33,Walking,78575821,0.1147,-0.1855,11.4893;
33,Walking,78626821,-0.3979,2.9053,9.0942;
33,Walking,78677821,-1.5430,1.0034,9.3018;
33,Walking,78728821,-0.1099,-0.4468,11.2036;
33,Walking,78779821,1.6040,-3.3496,14.0259;
33,Walking,78830821,2.3975,-4.0332,14.5142;
33,Walking,78881821,0.1392,-1.1035,11.5088;
33,Walking,78932821,0.4663,-1.6016,9.9805;
33,Walking,78983821,-6.4551,-1.3818,13.3228;
33,Walking,79034821,1.5894,0.5347,15.6958;
33,Walking,79085821,0.5005,3.2910,10.5713;
33,Walking,79136821,-2.3633,5.8252,10.1221;
33,Walking,79187821,-4.4702,1.6675,10.7397;
33,Walking,79238821,-3.9795,-1.3623,9.7729;
33,Walking,79289821,0.4150,1.1621,12.3779;
33,Walking,79340821,-2.6172,0.8374,10.9619;
33,Walking,79391821,-2.7881,0.5078,10.8081;
33,Walking,79442821,-2.5000,1.2109,11.5894;
33,Walking,79493821,-2.2949,0.8496,11.2549;
33,Walking,79544821,-2.5610,1.7041,11.8872;
33,Walking,79595821,-2.2217,0.7910,11.6040;
33,Walking,79646821,-1.9312,0.2124,11.6187;
33,Walking,79697821,-1.7480,0.6128,11.5332;
33,Walking,79748821,-2.0288,0.7861,11.7334;
33,Walking,79799821,-2.4097,0.0073,11.1084;
33,Walking,79850821,-2.9077,-0.6348,12.8711;
33,Walking,79901821,-1.9312,0.4272,11.9067;
33,Walking,79952821,-0.8032,1.3599,11.5356;
33,Walking,80003821,1.8335,3.5132,13.2959;
33,Walking,80054821,0.7153,1.7603,11.7505;
33,Walking,80105821,-3.0298,2.5903,11.4868;
33,Walking,80156821,-3.2007,4.0283,12.2119;
33,Walking,80207821,2.3437,-2.7808,12.0825;
33,Walking,80258821,0.9619,-0.7983,11.0083;
33,Walking,80309821,-0.0244,2.6245,10.2686;
33,Walking,80360821,0.2466,2.1021,9.6338;
33,Walking,80411821,-1.5088,-0.7959,11.9702;
33,Walking,80462821,-0.1392,-0.9912,11.7310;
33,Walking,80513821,1.2500,-0.7446,11.9653;
33,Walking,80564821,2.0386,-1.8457,12.2632;
33,Walking,80615821,0.2026,-2.8906,11.0059;
33,Walking,80666821,-2.4902,-0.5127,16.1572;
33,Walking,80717821,2.4878,-0.3052,13.1396;
33,Walking,80768821,-2.2583,0.8057,7.8198;
33,Walking,80819821,-0.6714,6.0254,10.7886;
33,Walking,80870821,-1.6064,3.7842,12.8613;
33,Walking,80921821,-2.8394,-1.6064,11.1646;
33,Walking,80972821,-3.3301,-2.3511,11.2720;
33,Walking,81023821,-1.6675,-0.7202,11.9263;
33,Walking,81074821,-2.2876,2.0142,11.2598;
33,Walking,81125821,-2.0581,1.6333,11.2329;
33,Walking,81176821,-1.7700,1.3647,11.8579;
33,Walking,81227821,-2.0215,0.8813,11.3550;
33,Walking,81278821,-2.5977,1.1084,11.5234;
33,Walking,81329821,-1.8677,0.4614,11.6968;
33,Walking,81380821,-1.6089,-0.1001,11.9385;
33,Walking,81431821,-1.5430,-0.4785,11.8945;
33,Walking,81482821,-1.3257,-1.0107,11.0547;
33,Walking,81533821,-1.4697,-1.6260,9.9390;
33,Walking,81584821,-1.6724,0.8667,13.1543;
33,Walking,81635821,-1.3696,3.5449,13.6060;
33,Walking,81686821,-1.5454,1.8457,10.4614;
33,Walking,81737821,1.1255,3.3716,13.8452;
33,Walking,81788821,2.5317,2.6831,13.8623;
33,Walking,81839821,0.8887,1.7480,13.0103;
33,Walking,81890821,-5.1709,3.0054,9.4116;
33,Walking,81941827,1.9116,-2.9810,11.3916;
33,Walking,81992821,0.3857,2.4951,10.5005;
33,Walking,82043821,-0.4834,1.0205,9.5337;
33,Walking,82094821,-0.9521,-2.3242,10.2051;
33,Walking,82145821,0.6592,-1.2793,12.6343;
33,Walking,82196821,0.4248,-1.3721,11.4819;
33,Walking,82247821,1.8555,-1.5356,12.0508;
33,Walking,82298821,3.0029,-2.1265,12.7393;
33,Walking,82349821,0.8887,-1.7285,13.4863;
33,Walking,82400821,-2.1802,0.8618,15.9912;
33,Walking,82451821,-0.0415,1.7407,7.7979;
33,Walking,82502821,-2.1436,1.3086,10.1807;
33,Walking,82553821,2.4243,3.9990,12.2217;
33,Walking,82604821,-3.0664,3.8525,12.1167;
33,Walking,82655821,-5.9229,-0.1514,9.6338;
33,Walking,82706821,-2.6025,-3.9624,12.0752;
33,Walking,82757821,-0.4102,-0.1660,11.4673;
33,Walking,82808821,-2.1094,3.0688,11.3550;
33,Walking,82859821,-1.8359,1.9385,11.8530;
33,Walking,82910821,-1.8652,1.2598,11.4575;
33,Walking,82961821,-2.1362,0.5908,11.5796;
33,Walking,83012821,-2.3853,0.2246,11.9287;
33,Walking,83063821,-2.0068,0.0757,11.8774;
33,Walking,83114821,-1.6089,-0.4102,11.5942;
33,Walking,83165821,-1.5454,-1.4771,11.6626;
33,Walking,83216821,-1.0498,-1.1499,10.5518;
33,Walking,83267821,-0.3369,0.5566,12.2314;
33,Walking,83318821,-0.7031,3.9209,14.8535;
33,Walking,83369821,-2.4829,0.7275,11.5015;
33,Walking,83420821,-0.8105,1.9849,11.3550;
33,Walking,83471821,3.9966,2.0679,13.2715;
33,Walking,83522821,1.6553,1.9653,14.8560;
33,Walking,83573821,-3.6548,0.8301,10.0757;
33,Walking,83624821,0.4541,1.7212,10.1685;
33,Walking,83675821,0.1660,1.7383,10.2026;
33,Walking,83726821,0.0659,-1.6748,9.6875;
33,Walking,83777821,-0.2075,-2.9224,10.1587;
33,Walking,83828821,0.0244,0.6201,10.5615;
33,Walking,83879821,3.1348,-2.1362,13.2739;
33,Walking,83930821,2.7246,-3.0469,12.6123;
33,Walking,83981821,1.5576,-0.2686,18.0469;
33,Walking,84032821,1.4697,2.7271,20.0391;
33,Walking,84083821,-5.6104,-3.4546,8.0396;
33,Walking,84134821,-5.2832,3.1030,7.1313;
33,Walking,84185821,2.9102,7.6074,14.6167;
33,Walking,84236821,-1.8188,1.1279,10.6055;
33,Walking,84287821,-3.5083,-0.4639,11.2280;
33,Walking,84338821,-4.6411,-0.8936,11.4429;
33,Walking,84389821,-2.2827,0.5957,11.0449;
33,Walking,84440821,-2.8247,1.0278,11.4453;
33,Walking,84491821,-2.0923,1.2500,11.7651;
33,Walking,84542821,-1.7920,1.0156,11.5674;
33,Walking,84593821,-1.8237,0.1782,11.7920;
33,Walking,84644821,-2.2485,-0.3394,11.8872;
33,Walking,84695821,-1.9678,-0.1758,11.3940;
33,Walking,84746821,-1.7871,0.0513,11.7383;
33,Walking,84797821,-1.7310,0.0903,11.4941;
33,Walking,84848821,-2.3462,0.6299,11.6699;
33,Walking,84899821,-2.2754,1.2988,11.2378;
33,Walking,84950821,-1.8652,1.6455,11.6284;
33,Walking,85001821,-1.9458,1.2451,11.7920;
33,Walking,85052821,-2.2510,0.0732,13.0713;
33,Walking,85103821,-2.3706,-0.0146,11.3550;
33,Walking,85154821,-2.5806,0.5615,10.8105;
33,Walking,85205821,-2.0264,0.8398,10.8057;
33,Walking,85256821,-1.7773,1.3989,11.1621;
33,Walking,85307821,0.1025,0.9937,12.4829;
33,Walking,85358821,0.5542,0.3027,12.3169;
33,Walking,85409821,4.1992,-0.8130,13.3765;
33,Walking,85460821,-7.9443,3.4839,12.5635;
33,Walking,85511821,-3.6987,1.9727,12.3999;
33,Walking,85562821,-0.1294,-1.5967,10.6738;
33,Walking,85613821,-1.1499,0.3809,10.0269;
33,Walking,85664821,-0.2808,0.4346,9.1675;
33,Walking,85715821,-0.6323,1.5137,8.9185;
33,Walking,85766821,-0.3296,3.5010,10.5029;
33,Walking,85817821,2.7344,-4.0625,15.0146;
33,Walking,85868821,5.0293,-7.7783,15.2368;
33,Walking,85919821,1.0645,0.5493,9.4067;
33,Walking,85970821,-1.9751,0.7495,16.6968;
33,Walking,86021821,-0.9253,-7.5684,10.4565;
33,Walking,86072821,-2.8149,10.6470,7.6074;
33,Walking,86123821,-1.0425,7.6440,14.4702;
33,Walking,86174821,-0.5615,-1.3232,8.7524;
33,Walking,86225821,-3.1494,-0.6470,10.6592;
33,Walking,86276821,-4.0747,-3.2397,12.8931;
33,Walking,86327821,-0.1196,-0.8032,10.7495;
33,Walking,86378821,-2.3389,1.1011,11.8481;
33,Walking,86429821,-1.9165,1.3354,11.2695;
33,Walking,86480821,-2.1606,1.7749,11.3867;
33,Walking,86531821,-1.8945,1.5942,11.8433;
33,Walking,86582821,-1.6577,0.6226,11.3550;
33,Walking,86633821,-2.1069,-0.2051,11.6211;
33,Walking,86684821,-0.5200,-0.5200,11.6504;
33,Walking,86735821,-2.3071,0.4297,11.5088;
33,Walking,86786821,-1.8799,-0.3955,11.8872;
33,Walking,86837821,-2.4902,-1.3428,14.2236;
33,Walking,86888821,-3.1543,0.4858,12.3828;
33,Walking,86939821,1.5259,3.9478,11.8018;
33,Walking,86990821,3.1738,1.4087,12.5854;
33,Walking,87041821,-1.6040,2.4146,11.9312;
33,Walking,87092821,-6.5503,3.5889,12.2363;
33,Walking,87143821,1.6992,-1.5576,10.6201;
33,Walking,87194821,-0.5103,-0.8179,10.7275;
33,Walking,87245821,-0.2881,0.2441,10.0903;
33,Walking,87296821,-0.2808,1.9507,9.2871;
33,Walking,87347821,-1.3159,1.5063,10.9473;
33,Walking,87398821,0.9082,0.2222,11.4233;
33,Walking,87449821,3.2373,-9.1284,15.6421;
33,Walking,87500821,1.3428,-0.3882,11.7993;
33,Walking,87551821,-0.5396,1.6992,8.3984;
33,Walking,87602821,-5.5566,-0.0562,17.7295;
33,Walking,87653821,13.1396,-8.2471,17.3364;
33,Walking,87704821,-1.0107,11.2109,8.9771;
33,Walking,87755821,-1.9971,4.5630,10.7104;
33,Walking,87806821,-3.7866,0.0781,11.2061;
33,Walking,87857821,-1.3452,-2.5781,10.4077;
33,Walking,87908821,-1.9482,-0.3198,11.6455;
33,Walking,87959821,-2.1680,-1.1694,10.8252;
33,Walking,88010821,-3.1421,1.2061,11.2085;
33,Walking,88061821,-2.3608,1.6821,11.4990;
33,Walking,88112821,-2.1167,1.4355,11.3281;
33,Walking,88163821,-1.9238,1.7407,12.1509;
33,Walking,88214821,-1.4844,0.4712,11.7603;
33,Walking,88265821,-1.6260,-0.7227,11.7017;
33,Walking,88316821,-0.9546,-0.3418,11.5479;
33,Walking,88367821,-2.0166,0.3076,11.0107;
33,Walking,88418821,-2.2046,0.0171,11.5552;
33,Walking,88469821,-2.1240,0.0684,12.4365;
33,Walking,88520821,-3.2422,0.0977,13.0908;
33,Walking,88571821,-2.2046,1.1328,11.5479;
33,Walking,88622821,-1.2769,1.6016,11.3379;
33,Walking,88673821,3.6670,1.2744,13.3276;
33,Walking,88724821,0.6177,0.6909,13.2495;
33,Walking,88775821,-6.9312,4.5923,11.5356;
33,Walking,88826821,-1.1548,0.2881,10.6787;
33,Walking,88877821,-0.1611,-1.3745,11.2866;
33,Walking,88928821,-0.3345,0.3760,10.0635;
33,Walking,88979821,-0.9009,1.6602,8.5669;
33,Walking,89030821,-1.2769,1.1743,9.6362;
33,Walking,89081821,0.1929,1.3989,11.2231;
33,Walking,89132821,3.8647,-11.0181,16.4355;
33,Walking,89183821,0.5225,-0.6104,11.2256;
33,Walking,89234821,-0.9473,4.1187,15.2051;
33,Walking,89285821,3.8525,-2.8223,16.3696;
33,Walking,89336821,-1.3599,-0.2490,6.8384;
33,Walking,89387821,-1.0205,8.2153,10.0952;
33,Walking,89438821,-2.7148,0.7935,14.4922;
33,Walking,89489821,-1.6748,0.0757,8.2983;
33,Walking,89540821,-2.4976,-0.5542,12.5439;
33,Walking,89591821,-1.7969,-1.6943,11.0083;
33,Walking,89642821,-0.8716,-1.0205,11.0962;
33,Walking,89693821,-2.2778,-0.0171,12.1313;
33,Walking,89744821,-1.0181,2.3022,11.8774;
33,Walking,89795821,-1.7456,1.4404,11.6797;
33,Walking,89846821,-2.5977,0.4907,11.3525;
33,Walking,89897821,-2.6880,0.5957,11.3574;
33,Walking,89948821,-2.5488,0.3247,11.2036;
33,Walking,89999821,-1.8896,1.2305,11.5918;
33,Walking,90050821,-1.9922,0.6616,11.3403;
33,Walking,90101821,-1.9604,-1.0474,12.5220;
33,Walking,90152821,-3.3423,-0.2026,13.5132;
33,Walking,90203821,-2.0752,2.0386,11.5698;
33,Walking,90254821,-0.2686,2.1631,12.0117;
33,Walking,90305821,3.0396,-0.0269,13.3862;
33,Walking,90356821,-2.2510,1.6504,12.1558;
33,Walking,90407821,-6.9824,3.8867,12.0410;
33,Walking,90458821,1.0156,-1.1450,11.2549;
33,Walking,90509821,0.2661,-2.0508,12.0215;
33,Walking,90560821,-0.3076,0.6079,10.7983;
33,Walking,90611821,-0.2759,2.5854,8.7012;
33,Walking,90662821,-0.6055,2.5708,8.5840;
33,Walking,90713821,0.3516,2.0068,10.5273;
33,Walking,90764821,5.5493,-10.6616,20.1440;
33,Walking,90815821,-0.7227,-1.7603,11.4795;
33,Walking,90866821,0.7104,3.1763,8.8501;
33,Walking,90917821,1.3818,1.7847,16.3525;
33,Walking,90968821,1.7505,-5.0879,8.9087;
33,Walking,91019821,-4.2944,9.0210,8.6694;
33,Walking,91070821,-3.0225,4.7437,11.9653;
33,Walking,91121821,-0.7568,0.3369,9.4751;
33,Walking,91172821,-2.4341,-0.2515,11.4209;
33,Walking,91223821,-3.0566,-2.6367,12.8833;
33,Walking,91274821,-1.3965,-1.6138,10.4736;
33,Walking,91325821,-2.7710,0.7397,11.6553;
33,Walking,91376821,-1.9043,1.6260,11.6699;
33,Walking,91427821,-1.3574,1.9336,12.2388;
33,Walking,91478821,-0.7324,1.1011,11.7041;
33,Walking,91529821,-1.8506,1.1133,11.2134;
33,Walking,91580821,-3.0127,0.5420,11.3330;
33,Walking,91631821,-2.3169,0.3076,11.3574;
33,Walking,91682821,-1.7285,0.1953,11.7334;
33,Walking,91733821,-1.8848,0.2759,11.6699;
33,Walking,91784821,-1.9482,-0.2710,13.1641;
33,Walking,91835821,-3.2642,-0.4956,11.6748;
33,Walking,91886821,-2.4536,1.6748,10.2783;
33,Walking,91937821,-1.4551,2.0557,11.5845;
33,Walking,91988821,0.8521,2.1387,13.7280;
33,Walking,92039821,1.6748,-0.7007,13.1177;
33,Walking,92090821,-0.0610,0.8813,12.8052;
33,Walking,92141821,-3.9209,3.7964,11.9141;
33,Walking,92192821,-1.6675,2.1167,11.7334;
33,Walking,92243821,0.4663,-3.1201,11.3135;
33,Walking,92294821,-1.5088,1.9385,9.5337;
33,Walking,92345821,-0.8740,2.1045,9.0405;
33,Walking,92396821,-0.9326,0.6934,10.1831;
33,Walking,92447821,2.3584,0.7422,12.4561;
33,Walking,92498821,2.7856,-6.8433,14.8853;
33,Walking,92549821,0.5225,-1.4136,11.3281;
33,Walking,92600821,-0.1270,1.7676,8.6426;
33,Walking,92651821,-2.0947,2.3120,15.1660;
33,Walking,92702821,6.7236,-8.0298,14.5679;
33,Walking,92753821,-3.2910,4.3555,8.5498;
33,Walking,92804821,-1.2744,6.7065,10.3857;
33,Walking,92855821,-3.0664,1.9385,12.3901;
33,Walking,92906821,-3.2837,-2.3657,10.6079;
33,Walking,92957821,-0.6665,-2.6025,11.4502;
33,Walking,93008821,-0.7983,-0.0952,11.9995;
33,Walking,93059821,-3.0640,0.5933,10.9424;
33,Walking,93110821,-2.4463,0.8154,11.1011;
33,Walking,93161821,-2.1045,1.2378,11.4209;
33,Walking,93212821,-2.6465,1.5381,11.0596;
33,Walking,93263821,-2.2070,1.1719,11.7871;
33,Walking,93314821,-1.6016,0.3418,12.0776;
33,Walking,93365821,-1.8848,-0.1489,11.6260;
33,Walking,93416821,-0.4297,0.9790,11.5869;
33,Walking,93467821,-1.6748,0.1758,11.6284;
33,Walking,93518821,-3.4521,-2.1265,13.2202;
33,Walking,93569821,-2.1094,0.2637,12.2729;
33,Walking,93620821,1.4673,3.6768,12.4731;
33,Walking,93671821,0.8618,1.0425,11.6162;
33,Walking,93722821,-1.5479,1.8628,11.9141;
33,Walking,93773821,-6.6333,4.4287,11.9141;
33,Walking,93824821,1.1792,-2.2021,11.6504;
33,Walking,93875821,-1.0767,-1.0693,10.7202;
33,Walking,93926821,-0.7666,0.5908,11.1548;
33,Walking,93977821,0.2783,3.1445,10.2783;
33,Walking,94028821,0.0073,3.3911,10.4443;
33,Walking,94079821,1.3281,-1.6431,12.6855;
33,Walking,94130821,-0.0977,-4.0356,11.9263;
33,Walking,94181821,2.2388,-1.0767,12.6660;
33,Walking,94232821,-0.2002,-3.0713,11.1182;
33,Walking,94283821,-1.9385,-1.9897,9.4507;
33,Walking,94334821,-1.3184,0.1318,10.3564;
33,Walking,94385821,3.9819,2.4268,16.9116;
33,Walking,94436821,0.7568,-3.1860,11.1401;
33,Walking,94487821,-2.6538,5.6934,8.0249;
33,Walking,94538821,-2.9370,2.5220,11.8359;
33,Walking,94589821,-0.8228,-1.2866,11.4185;
33,Walking,94640821,-1.2622,-0.9741,11.0986;
33,Walking,94691821,-0.5249,2.9443,12.1460;
33,Walking,94742821,-3.7988,0.5396,10.6885;
33,Walking,94793821,-3.0811,0.1489,11.0571;
33,Walking,94844821,-1.7651,0.3467,11.9604;
33,Walking,94895821,-2.4707,0.4834,11.3477;
33,Walking,94946821,-2.3169,1.0693,11.7603;
33,Walking,94997821,-1.5942,0.6152,11.7676;
33,Walking,95048821,-1.3818,0.0049,11.8091;
33,Walking,95099821,-1.4404,0.0146,11.8433;
33,Walking,95150821,-1.2622,0.6274,11.0400;
33,Walking,95201821,-1.9580,-0.0244,11.3354;
33,Walking,95252821,-2.3853,0.6470,11.5015;
33,Walking,95303821,-2.3682,0.5615,13.4473;
33,Walking,95354821,-1.9873,0.0342,12.7173;
33,Walking,95405821,-2.3047,1.6479,11.1670;
33,Walking,95456821,-0.7666,0.7349,10.3613;
33,Walking,95507821,3.0713,0.0806,12.9541;
33,Walking,95558821,2.9248,-0.2466,13.4204;
33,Walking,95609821,-4.7168,5.3198,14.1846;
33,Walking,95660821,-4.3188,1.5552,11.1865;
33,Walking,95711821,0.8618,-3.5425,11.5771;
33,Walking,95762821,0.2026,0.6519,11.9067;
33,Walking,95813821,-0.2271,4.2334,9.1260;
33,Walking,95864821,-0.9546,1.8018,8.9526;
33,Walking,95915821,-0.7251,-0.2563,10.7080;
33,Walking,95966821,1.9727,-4.9731,14.2090;
33,Walking,96017821,2.1387,-7.9321,13.6011;
33,Walking,96068821,0.8936,-0.8984,17.0532;
33,Walking,96119821,0.1514,3.8330,14.3726;
33,Walking,96170821,-2.8589,4.1650,3.6060;
33,Walking,96221821,-4.4165,4.1113,13.8721;
33,Walking,96272821,-0.5420,0.4590,11.6968;
33,Walking,96323821,-1.8164,-0.5054,11.3672;
33,Walking,96374821,-1.0010,-0.4639,11.3232;
33,Walking,96425821,-1.7212,0.3149,11.9653;
33,Walking,96476821,-2.7734,0.8325,10.4688;
33,Walking,96527821,-2.2168,1.3110,11.5625;
33,Walking,96578821,-2.5366,1.5454,11.6309;
33,Walking,96629821,-2.3926,1.4453,11.4380;
33,Walking,96680821,-2.1753,0.6812,11.7529;
33,Walking,96731821,-2.1240,0.5322,11.5283;
33,Walking,96782821,-2.0264,1.0767,11.5845;
33,Walking,96833821,-1.7896,-0.3711,11.6284;
33,Walking,96884821,-1.9580,-0.7056,11.9214;
33,Walking,96935821,-2.3657,-0.3589,11.3354;
33,Walking,96986821,-1.8286,-0.0757,11.5039;
33,Walking,97037821,-1.2085,-0.2148,11.0962;
33,Walking,97088821,-1.7871,-0.6323,12.6416;
33,Walking,97139821,-2.6123,1.9409,13.0762;
33,Walking,97190821,-2.8687,3.2837,10.2002;
33,Walking,97241821,-1.5381,2.8662,10.3271;
33,Walking,97292821,3.4814,0.9351,12.5366;
33,Walking,97343821,-1.6919,0.8081,12.9858;
33,Walking,97394821,2.8101,0.5054,14.9561;
33,Walking,97445821,-1.4307,1.9214,11.6992;
33,Walking,97496821,-1.9336,1.8066,10.5737;
33,Walking,97547821,0.2148,-0.2271,10.9375;
33,Walking,97598821,0.6201,-0.1392,11.0718;
33,Walking,97649821,-0.3271,-0.6714,11.2329;
33,Walking,97700821,-1.1890,0.5835,11.2158;
33,Walking,97751821,2.5586,-0.1270,12.6953;
33,Walking,97802821,0.6982,2.7661,11.2549;
33,Walking,97853821,-0.1099,2.3584,11.2256;
33,Walking,97904821,-0.0659,1.5771,11.1694;
33,Walking,97955821,-0.5762,0.8374,12.3975;
33,Walking,98006821,0.2222,0.0024,10.3784;
33,Walking,98057821,-0.6104,0.3784,11.7529;
33,Walking,98108821,0.1221,-0.8472,12.1875;
33,Walking,98159821,1.4380,-2.7905,11.0742;
33,Walking,98210821,0.8545,-1.2695,11.8848;
33,Walking,98261821,1.3989,3.3203,15.8008;
33,Walking,98312821,3.3008,3.3130,12.0483;
33,Walking,98363821,-4.0674,2.6489,9.9878;
33,Walking,98414821,-2.3193,2.4683,10.7275;
33,Walking,98465821,-0.6812,2.0142,11.2158;
33,Walking,98516821,-1.5210,-0.0317,11.3257;
33,Walking,98567821,-2.4927,-0.1904,11.4868;
33,Walking,98618821,-3.4790,-0.1367,11.6528;
33,Walking,98669821,-2.6929,-0.0269,11.0718;
33,Walking,98720821,-2.5269,0.5029,11.6870;
33,Walking,98771821,-2.1948,0.8203,11.6504;
33,Walking,98822821,-2.2339,1.2329,11.5381;
33,Walking,98873821,-1.9653,0.9668,11.4136;
33,Walking,98924821,-2.0874,0.1929,11.6602;
33,Walking,98975821,-2.1509,-0.3345,11.7505;
33,Walking,99026821,-2.2437,-0.7739,11.5869;
33,Walking,99077821,-1.6724,-1.0352,11.0425;
33,Walking,99128821,-1.6895,-0.4834,12.3511;
33,Walking,99179821,-2.0190,2.2876,14.6582;
33,Walking,99230821,-1.3135,2.8564,12.1143;
33,Walking,99281821,-0.1221,2.4219,11.9849;
33,Walking,99332821,2.6416,2.2925,12.8589;
33,Walking,99383821,-1.3599,2.7124,11.7725;
33,Walking,99434821,-2.1777,2.3022,10.7983;
33,Walking,99485821,0.1367,-2.4463,10.7324;
33,Walking,99536821,0.4028,0.4028,10.5151;
33,Walking,99587821,-0.1904,0.1416,10.0659;
33,Walking,99638821,-0.3125,-1.1963,9.8340;
33,Walking,99689821,-0.0635,1.2036,10.5859;
33,Walking,99740821,3.1445,-0.3955,11.5454;
33,Walking,99791821,2.7515,-6.9141,16.4966;
33,Walking,99842821,2.0337,-0.3540,11.8555;
33,Walking,99893821,1.6211,0.9790,16.7041;
33,Walking,99944821,-6.3232,-1.5649,5.7886;
33,Walking,99995821,-2.7515,6.8237,12.3071;
33,Walking,100046821,-2.0508,3.2446,13.0713;
33,Walking,100097821,-2.8857,0.2075,9.3384;
33,Walking,100148821,-2.7637,-0.1855,11.2573;
33,Walking,100199821,-2.9028,-0.8716,11.4990;
33,Walking,100250821,-2.5391,-0.3125,10.4712;
33,Walking,100301821,-2.7319,0.5176,11.7285;
33,Walking,100352821,-1.7407,1.3135,11.5894;
33,Walking,100403821,-1.2720,0.7397,12.0947;
33,Walking,100454821,-2.1924,-0.1807,11.4600;
33,Walking,100505821,-2.3364,-0.0708,11.3013;
33,Walking,100556821,-1.6650,0.7520,11.3892;
33,Walking,100607821,-2.5513,0.0928,11.1426;
33,Walking,100658821,-3.2739,0.2246,11.0669;
33,Walking,100709821,-2.6221,0.1392,10.9497;
33,Walking,100760821,-2.8418,-0.7300,12.5586;
33,Walking,100811821,-2.8174,1.6650,12.7930;
33,Walking,100862821,-1.4136,2.1631,12.4121;
33,Walking,100913821,-0.4956,0.7275,11.9653;
33,Walking,100964821,0.6860,-0.0513,12.3096;
33,Walking,101015821,-0.2759,1.0278,13.4277;
33,Walking,101066821,-4.5117,4.0552,11.9824;
33,Walking,101117821,-1.8726,2.4878,11.3574;
33,Walking,101168821,0.2002,-1.8433,10.7568;
33,Walking,101219821,-1.2988,0.7983,9.4385;
33,Walking,101270821,-0.9082,1.0156,8.7817;
33,Walking,101321821,-0.6836,0.7056,9.6411;
33,Walking,101372821,1.5894,-0.1685,11.7603;
33,Walking,101423821,1.8188,-8.6499,14.8779;
33,Walking,101474821,2.1411,-0.6445,11.5161;
33,Walking,101525821,1.8091,2.3901,9.9634;
33,Walking,101576821,4.2114,-2.9712,20.1611;
33,Walking,101627821,-0.8789,0.7202,6.9580;
33,Walking,101678821,-3.0908,7.0337,11.4868;
33,Walking,101729821,-3.4521,1.5210,13.3228;
33,Walking,101780821,-1.1646,-0.5444,8.5254;
33,Walking,101831821,-2.1802,0.5664,11.7041;
33,Walking,101882821,-3.1348,-0.6323,12.5073;
33,Walking,101933821,-2.2778,-0.4663,10.9814;
33,Walking,101984821,-3.3472,-0.8936,11.1426;
33,Walking,102035821,-1.9873,1.1597,11.5723;
33,Walking,102086821,-1.1670,2.0801,11.9629;
33,Walking,102137821,-1.9751,0.6104,11.7896;
33,Walking,102188821,-1.8164,0.0903,11.7432;
33,Walking,102239821,-1.5259,0.3955,11.5503;
33,Walking,102290821,-2.7393,0.9131,11.1523;
33,Walking,102341821,-3.2275,-0.0049,11.0889;
33,Walking,102392821,-2.7783,-0.9668,11.7676;
33,Walking,102443821,-2.1802,-0.2466,13.1250;
33,Walking,102494821,-1.6113,2.4878,12.3364;
33,Walking,102545821,-1.7310,1.0718,11.6577;
33,Walking,102596821,-0.3516,0.3223,12.4268;
33,Walking,102647821,1.6455,1.3623,12.3169;
33,Walking,102698821,-1.8994,3.1665,12.7051;
33,Walking,102749821,-4.9194,2.8979,11.3403;
33,Walking,102800821,2.6025,-1.2427,10.8203;
33,Walking,102851821,0.3516,-0.0024,11.6406;
33,Walking,102902821,-1.1450,0.3076,9.2334;
33,Walking,102953821,-0.3809,0.3589,9.7559;
33,Walking,103004821,-1.2500,-0.3979,10.3271;
33,Walking,103055821,0.1611,-0.7397,11.1914;
33,Walking,103106821,3.4839,-3.6182,14.8535;
33,Walking,103157821,2.4976,-3.5815,13.5254;
33,Walking,103208821,0.4297,2.1460,9.9585;
33,Walking,103259831,0.9009,2.6074,16.3647;
33,Walking,103310821,-0.9106,-5.5029,11.5601;
33,Walking,103361821,-4.2358,5.5396,7.4878;
33,Walking,103412821,-1.9971,4.0186,13.2300;
33,Walking,103463821,-0.8813,-1.5015,9.9438;
33,Walking,103514821,-1.3770,0.1172,10.8228;
33,Walking,103565821,-2.3267,0.7935,11.4990;
33,Walking,103616821,-2.5928,0.3418,11.0083;
33,Walking,103667821,-2.5513,0.0830,11.3428;
33,Walking,103718821,-1.7529,-0.0830,12.0703;
33,Walking,103769821,-1.6211,0.7007,11.6504;
33,Walking,103820821,-2.1924,0.2344,11.8457;
33,Walking,103871821,-1.8945,0.1416,11.5137;
33,Walking,103922821,-1.9434,0.5151,11.6553;
33,Walking,103973821,-1.3940,0.8521,11.6089;
33,Walking,104024821,-2.1216,0.6030,11.1670;
33,Walking,104075821,-2.6636,0.1001,11.2769;
33,Walking,104126821,-2.5708,0.5176,12.0337;
33,Walking,104177821,-2.3462,-0.9131,13.6646;
33,Walking,104228821,-1.3013,-0.3149,11.5234;
33,Walking,104279821,-0.5615,3.8013,13.0737;
33,Walking,104330821,1.8970,0.8984,12.8857;
33,Walking,104381821,1.5430,-1.1353,12.2217;
33,Walking,104432821,-9.9292,3.7305,11.6821;
33,Walking,104483821,1.3525,1.6846,10.7959;
33,Walking,104534821,-1.3696,-3.1665,9.9341;
33,Walking,104585821,-1.2891,0.1318,9.7046;
33,Walking,104636821,-0.5664,1.5503,8.9673;
33,Walking,104687821,-0.5200,2.7026,10.6934;
33,Walking,104738821,1.3794,-0.0317,12.1533;
33,Walking,104789821,3.4375,-6.2231,13.6792;
33,Walking,104840821,2.0605,-2.0679,12.7173;
33,Walking,104891821,0.3662,0.5176,8.8525;
33,Walking,104942821,-4.8877,0.9888,16.6211;
33,Walking,104993821,7.0825,-13.6523,18.0371;
33,Walking,105044821,-0.5713,8.5327,10.0293;
33,Walking,105095821,-3.5522,6.7505,11.3403;
33,Walking,105146821,-2.5049,1.4404,9.7485;
33,Walking,105197821,-2.5830,0.4639,10.2539;
33,Walking,105248821,-4.2114,-1.9995,12.9858;
33,Walking,105299821,0.4028,-2.8003,11.0474;