33,Walking,13337848,-0.1538,1.8042,12.6099;
33,Walking,13398842,0.1562,0.6372,11.4160;
33,Walking,13449846,1.8628,2.6562,12.3022;
33,Walking,13500829,-2.4805,3.7451,13.7158;
33,Walking,13551828,-3.0933,1.8970,10.5200;
33,Walking,13602828,1.2231,-3.4106,11.8799;
33,Walking,13653828,-0.3320,0.1001,11.0303;
33,Walking,13704828,-0.8105,2.0117,8.9307;
33,Walking,13755828,1.3525,1.5967,11.1011;
33,Walking,13806828,0.9668,0.7153,12.7832;
33,Walking,13857828,-1.2573,-1.0352,10.1807;
33,Walking,13908828,2.0923,0.3882,11.9482;
33,Walking,13959828,0.9985,-1.7236,11.7310;
33,Walking,14010828,1.5723,-2.3291,12.0972;
33,Walking,14061828,0.4370,-1.4722,11.7456;
33,Walking,14112828,-2.7026,-1.8848,15.5420;
33,Walking,14163828,1.8237,-2.1338,13.9136;
33,Walking,14214828,0.1392,-0.0049,9.9536;
33,Walking,14265828,0.1904,8.1519,9.2773;
33,Walking,14316828,-3.4424,3.4448,11.5723;
33,Walking,14367828,-2.6392,0.2710,11.7261;
33,Walking,14418828,-3.4009,-2.5391,11.6943;
33,Walking,14469828,-3.2300,-2.1167,11.0449;
33,Walking,14520828,0.3955,1.8921,11.8164;
33,Walking,14571828,-2.4487,1.4478,11.8262;
33,Walking,14622828,-2.3193,0.5273,11.5015;
33,Walking,14673828,-2.8638,1.3623,11.5039;
33,Walking,14724828,-2.1411,1.3525,11.6162;
33,Walking,14775828,-1.8237,0.5615,11.4624;
33,Walking,14826828,-1.9800,0.7861,11.3892;
33,Walking,14877828,-1.9702,-0.2344,11.9775;
33,Walking,14928828,-2.4048,-1.6772,13.2739;
33,Walking,14979828,-2.6245,-1.1230,12.6245;
33,Walking,15030828,-1.3403,1.8164,11.5967;
33,Walking,15081828,0.2051,2.2437,12.0728;
33,Walking,15132828,1.6406,2.3340,12.5024;
33,Walking,15183828,-1.7358,2.1948,13.2275;
33,Walking,15234828,-6.0547,2.1753,11.2378;
33,Walking,15285828,1.8115,-0.2979,11.9043;
33,Walking,15336828,1.5527,-0.1147,11.3965;
33,Walking,15387835,-0.3101,1.0864,10.3857;
33,Walking,15438828,-0.1685,0.0586,9.7021;
33,Walking,15489828,-1.4893,1.0913,9.5874;
33,Walking,15540828,0.8691,-0.2539,11.0303;
33,Walking,15591828,5.4004,-4.0015,14.1724;
33,Walking,15642828,1.1963,-4.5264,13.0737;
33,Walking,15693828,0.3125,1.4844,9.2676;
33,Walking,15744828,-1.9849,4.6875,19.5679;
33,Walking,15795828,1.8433,-6.6772,10.5005;
33,Walking,15846828,-4.1040,3.9331,5.6934;
33,Walking,15897828,-2.2168,3.1738,12.4634;
33,Walking,15948828,-1.7578,1.2866,11.5430;
33,Walking,15999828,-1.7847,-1.0083,10.4053;
33,Walking,16050828,-3.1323,-0.8081,12.6904;
33,Walking,16101828,0.1807,-0.1660,11.6211;
33,Walking,16152828,-2.0117,0.7324,11.9507;
33,Walking,16203828,-1.6895,0.0317,11.7529;
33,Walking,16254828,-1.7969,0.0952,11.8481;
33,Walking,16305828,-1.3428,-0.1318,11.7773;
33,Walking,16356828,-1.1768,0.1172,11.5088;
33,Walking,16407828,-1.6602,-0.6128,11.3672;
33,Walking,16458828,-1.6895,-0.1538,11.1182;
33,Walking,16509828,-1.9800,-0.6006,11.4868;
33,Walking,16560828,-1.5918,-1.0840,11.3965;
33,Walking,16611828,-1.6943,-1.3184,12.4243;
33,Walking,16662828,-2.7637,0.7812,13.8550;
33,Walking,16713828,-0.3101,3.2324,12.8540;
33,Walking,16764828,1.4453,0.8252,12.7148;
33,Walking,16815828,0.5615,0.0024,13.0957;
33,Walking,16866828,-5.8057,2.8345,11.2378;
33,Walking,16917828,-2.1558,1.2109,11.5332;
33,Walking,16968828,-0.3027,-1.4648,10.6519;
33,Walking,17019828,-0.2759,0.4272,10.3931;
33,Walking,17070828,-0.2246,0.9448,9.6875;
33,Walking,17121828,-0.9668,1.2939,9.4067;
33,Walking,17172828,1.2598,0.9131,12.2656;
33,Walking,17223828,2.2949,-4.5703,13.2788;
33,Walking,17274828,2.2412,-2.4683,14.1309;
33,Walking,17325828,1.1621,0.1636,10.3125;
33,Walking,17376828,-1.6113,0.9204,11.9702;
33,Walking,17427828,2.0410,-4.4580,15.2173;
33,Walking,17478828,-1.4429,1.1597,9.3701;
33,Walking,17529828,0.6641,7.9126,10.2539;
33,Walking,17580828,-2.5879,3.3423,14.2407;
33,Walking,17631828,-1.6333,-2.0605,9.8975;
33,Walking,17682828,-2.7002,-2.6489,12.1069;
33,Walking,17733828,-1.7651,-0.9912,11.6113;
33,Walking,17784828,-1.8604,0.7495,10.8057;
33,Walking,17835828,-2.5366,0.9766,11.2524;
33,Walking,17886828,-2.0557,1.4233,11.4990;
33,Walking,17937828,-1.8896,1.4746,12.4609;
33,Walking,17988828,-1.1743,-0.6592,11.8115;
33,Walking,18039828,-0.1123,-2.0898,11.7188;
33,Walking,18090828,-0.9058,0.6641,11.7017;
33,Walking,18141828,-1.9458,1.5479,11.0620;
33,Walking,18192828,-2.3975,0.0537,11.0913;
33,Walking,18243828,-3.6108,-1.6187,14.1382;
33,Walking,18294828,-2.6562,-0.0293,12.5488;
33,Walking,18345828,1.2378,2.4365,11.8530;
33,Walking,18396828,2.8638,0.8813,12.2998;
33,Walking,18447828,-0.1245,0.5273,12.6440;
33,Walking,18498828,-8.4546,1.3965,12.1387;
33,Walking,18549828,1.7017,-1.6260,11.3208;
33,Walking,18600828,-0.3174,-1.1963,11.3477;
33,Walking,18651828,-0.2563,1.0205,10.7764;
33,Walking,18702828,-0.2539,1.9800,9.6118;
33,Walking,18753828,-0.7300,2.6636,9.5361;
33,Walking,18804828,-0.3052,-0.3467,10.4761;
33,Walking,18855828,3.9111,-4.1455,14.1895;
33,Walking,18906828,1.2329,-5.7935,13.9673;
33,Walking,18957828,2.1436,2.0850,9.6216;
33,Walking,19008828,-2.0728,4.0552,20.6470;
33,Walking,19059828,1.7480,-8.4814,14.6558;
33,Walking,19110828,-4.5020,4.1284,6.1572;
33,Walking,19161828,-2.3071,5.0732,11.7529;
33,Walking,19212828,-2.6416,2.1118,11.6821;
33,Walking,19263828,-1.9141,0.1099,10.1270;
33,Walking,19314828,-4.2017,-2.1436,11.5796;
33,Walking,19365828,-1.2866,-0.1221,11.5454;
33,Walking,19416828,-1.8628,1.5796,11.5039;
33,Walking,19467828,-2.2974,0.9985,11.3159;
33,Walking,19518828,-2.4927,1.6211,12.0483;
33,Walking,19569828,-2.1460,1.0889,11.9458;
33,Walking,19620828,-1.9629,0.7544,11.7017;
33,Walking,19671828,-0.5029,1.5771,11.4624;
33,Walking,19722828,-2.1704,-0.2515,12.0776;
33,Walking,19773828,-2.0459,-1.7896,11.4453;
33,Walking,19824828,-1.8506,-3.4058,14.0283;
33,Walking,19875828,-0.6714,1.4624,12.0435;
33,Walking,19926828,0.0073,2.6685,11.6357;
33,Walking,19977828,1.2012,2.7319,12.4780;
33,Walking,20028828,-6.8066,3.3862,12.0654;
33,Walking,20079828,-2.6782,2.2632,11.4453;
33,Walking,20130828,0.0146,-2.0288,10.2686;
33,Walking,20181828,-1.9727,-0.3052,10.5737;
33,Walking,20232828,2.3950,1.4404,10.8813;
33,Walking,20283828,0.6909,0.0220,12.1143;
33,Walking,20334828,-0.6494,1.7065,11.6675;
33,Walking,20385828,-0.2246,0.2271,10.8154;
33,Walking,20436828,3.3716,-2.2095,13.5254;
33,Walking,20487828,1.1450,-2.6416,11.8066;
33,Walking,20538828,-2.5122,-1.5625,9.8999;
33,Walking,20589828,-1.0083,-0.1733,10.1489;
33,Walking,20640828,-2.1118,-0.3052,23.9307;
33,Walking,20691828,1.2769,0.6348,12.2144;
33,Walking,20742828,-3.5669,8.2300,7.1411;
33,Walking,20793828,-3.6597,2.8711,9.5386;
33,Walking,20844828,-2.3706,1.4380,12.0923;
33,Walking,20895828,-1.8921,-0.0513,10.8472;
33,Walking,20946828,-3.3472,-2.1021,11.9727;
33,Walking,20997828,0.0708,-1.3770,11.6431;
33,Walking,21048828,-1.2866,2.8247,11.9238;
33,Walking,21099828,-2.3608,0.6958,11.2915;
33,Walking,21150828,-2.1582,0.1904,11.6187;
33,Walking,21201828,-2.2388,0.1318,11.9165;
33,Walking,21252828,-2.0264,0.7324,11.2744;
33,Walking,21303828,-0.3174,1.7188,11.7358;
33,Walking,21354828,-2.3730,-0.2832,11.2915;
33,Walking,21405828,-2.6587,-0.1367,11.2964;
33,Walking,21456828,-2.3901,0.0854,11.8579;
33,Walking,21507828,-2.5024,-1.0327,12.7197;
33,Walking,21558828,-1.1230,0.8447,11.9580;
33,Walking,21609828,0.5664,0.7471,11.6162;
33,Walking,21660828,3.3545,-0.5713,12.1973;
33,Walking,21711828,-0.6860,1.8311,13.3130;
33,Walking,21762828,-9.2700,2.1240,12.8540;
33,Walking,21813828,0.7446,-0.4053,10.6812;
33,Walking,21864828,-0.2319,-1.1890,11.0254;
33,Walking,21915828,0.1709,1.4551,10.1807;
33,Walking,21966828,-0.8789,1.5918,9.5923;
33,Walking,22017828,-0.5737,1.0962,12.1997;
33,Walking,22068828,2.8027,-0.0098,11.7822;
33,Walking,22119828,0.4028,-4.8242,12.9053;
33,Walking,22170828,1.1279,-1.0791,11.4160;
33,Walking,22221828,-0.5859,-1.8774,9.3433;
33,Walking,22272828,-2.0264,-1.7700,9.6997;
33,Walking,22323828,1.3525,0.6006,27.6733;
33,Walking,22374828,-2.0776,2.0972,10.0195;
33,Walking,22425828,-3.9478,5.2686,6.9531;
33,Walking,22476847,-2.9517,2.5635,10.0952;
33,Walking,22527828,-1.1133,0.2197,11.3452;
33,Walking,22578828,-1.7090,-1.8091,11.6162;
33,Walking,22629828,-0.8301,-1.3843,11.6724;
33,Walking,22680828,-2.4414,0.1953,11.0059;
33,Walking,22731828,-3.1104,0.8765,11.4233;
33,Walking,22782828,-1.9214,0.9692,11.4526;
33,Walking,22833828,-1.9043,1.7993,11.5796;
33,Walking,22884828,-1.9043,-0.2612,11.6992;
33,Walking,22935828,-1.4722,-0.5762,11.8970;
33,Walking,22986828,-2.0776,0.0806,11.2231;
33,Walking,23037828,-2.4512,2.0264,11.3452;
33,Walking,23088828,-2.4414,1.2549,11.3013;
33,Walking,23139828,-2.0459,-0.8179,11.8140;
33,Walking,23190828,-2.0410,-1.5430,11.5381;
33,Walking,23241828,-2.2729,-2.8955,13.2349;
33,Walking,23292828,-0.7959,1.6626,13.5205;
33,Walking,23343828,0.0513,2.2852,12.5269;
33,Walking,23394828,0.9546,2.7368,11.6431;
33,Walking,23445828,-2.4927,2.6929,12.2046;
33,Walking,23496828,-2.8369,0.9375,11.5356;
33,Walking,23547828,-0.4663,-1.6553,11.1084;
33,Walking,23598828,-0.6616,0.0439,10.9302;
33,Walking,23649828,0.4541,1.1450,10.2612;
33,Walking,23700828,-0.0220,-0.6763,10.1196;
33,Walking,23751828,-0.1196,2.4976,11.2671;
33,Walking,23802828,0.9546,-0.0098,11.0303;
33,Walking,23853828,2.7222,-7.0239,15.1416;
33,Walking,23904828,1.1694,-1.8628,11.5503;
33,Walking,23955828,-0.2905,-0.4980,8.4570;
33,Walking,24006828,-3.6621,-3.9868,20.9277;
33,Walking,24057828,-1.8555,4.7388,6.5747;
33,Walking,24108828,-5.3320,9.9316,8.0859;
33,Walking,24159828,-2.5928,3.0420,12.3364;
33,Walking,24210828,-2.3193,-0.4443,9.7583;
33,Walking,24261828,-4.2920,-3.4741,12.2046;
33,Walking,24312828,0.2246,-3.4790,11.3721;
33,Walking,24363828,-0.8643,2.1484,11.3867;
33,Walking,24414828,-2.5000,1.2793,11.6162;
33,Walking,24465828,-1.8750,1.5283,11.5723;
33,Walking,24516828,-2.8198,2.0947,11.9873;
33,Walking,24567828,-2.3413,1.4160,11.4331;
33,Walking,24618828,-2.1606,0.8276,11.6211;
33,Walking,24669828,-0.4590,1.1792,11.7749;
33,Walking,24720828,-1.7822,-1.1108,11.6699;
33,Walking,24771828,-2.0264,-2.3730,12.9858;
33,Walking,24822828,-1.7676,-2.2412,12.8955;
33,Walking,24873828,0.4248,3.3203,12.9688;
33,Walking,24924828,2.2534,1.7334,11.9116;
33,Walking,24975828,-0.0146,0.6445,12.2266;
33,Walking,25026828,-9.0015,3.5791,13.2935;
33,Walking,25077834,0.9204,1.8311,10.5029;
33,Walking,25128828,-0.4199,-2.0996,10.5322;
33,Walking,25179828,-0.6299,-0.4395,10.5884;
33,Walking,25230828,1.0986,1.4624,10.1343;
33,Walking,25281828,-0.5762,1.0620,11.3892;
33,Walking,25332828,0.1367,0.6006,11.5820;
33,Walking,25383828,2.5122,-4.7461,13.3740;
33,Walking,25434828,1.6064,0.1782,11.5894;
33,Walking,25485828,-0.6519,-0.3882,9.4458;
33,Walking,25536828,-2.2241,-1.6821,12.4121;
33,Walking,25587828,8.2495,-7.5171,18.8721;
33,Walking,25638828,-0.6396,8.4766,9.1113;
33,Walking,25689828,-3.9648,5.8057,10.0586;
33,Walking,25740828,-3.8940,1.0571,11.8286;
33,Walking,25791828,-0.8203,-0.6396,10.2051;
33,Walking,25842828,-2.7100,-2.0703,11.8896;
33,Walking,25893828,-1.0571,-2.5708,10.9497;
33,Walking,25944828,-2.5513,1.6089,11.4893;
33,Walking,25995828,-2.7563,1.7041,11.2134;
33,Walking,26046828,-2.2900,1.3647,12.0215;
33,Walking,26097828,-1.6113,0.6348,11.7944;
33,Walking,26148828,-1.7407,-0.1318,11.9067;
33,Walking,26199828,-0.4834,-0.5762,11.4746;
33,Walking,26250828,-1.1426,0.3882,11.1719;
33,Walking,26301828,-3.0933,-0.2222,11.2573;
33,Walking,26352828,-3.3057,-0.3345,11.7188;
33,Walking,26403828,-3.1543,-0.7788,13.3911;
33,Walking,26454828,-1.8335,1.2622,12.5586;
33,Walking,26505828,1.5723,1.4990,12.2900;
33,Walking,26556828,3.0884,0.1050,12.4341;
33,Walking,26607828,-0.5835,1.4868,13.4277;
33,Walking,26658828,-9.8071,3.4814,12.6733;
33,Walking,26709828,1.6577,-1.3818,10.5029;
33,Walking,26760828,-1.0962,-0.9521,10.2197;
33,Walking,26811828,0.6787,0.4419,10.4175;
33,Walking,26862828,-0.7104,0.7544,9.1528;
33,Walking,26913828,-1.6919,1.5283,10.2222;
33,Walking,26964828,0.4883,0.6079,11.1572;
33,Walking,27015828,4.0039,-7.0459,14.8926;
33,Walking,27066828,1.8286,-3.1494,12.8003;
33,Walking,27117828,-0.1367,-0.5273,8.8818;
33,Walking,27168828,-4.7852,1.9263,17.7954;
33,Walking,27219828,6.1670,-11.1792,16.8408;
33,Walking,27270828,-1.9653,9.4678,6.4624;
33,Walking,27321828,-3.9062,5.1270,10.4907;
33,Walking,27372828,-2.2705,0.3857,10.4224;
33,Walking,27423828,-2.1167,-0.3955,11.6406;
33,Walking,27474828,-3.3008,-2.9370,11.9214;
33,Walking,27525828,-1.1157,-3.0884,11.3843;
33,Walking,27576828,-2.2485,2.2974,11.5942;
33,Walking,27627828,-2.3975,1.5894,11.4966;
33,Walking,27678828,-2.2778,1.1621,11.7480;
33,Walking,27729828,-2.0874,0.4468,11.5161;
33,Walking,27780828,-2.4585,-0.2026,11.6187;
33,Walking,27831828,-1.0840,0.1514,11.2891;
33,Walking,27882828,-1.5454,1.5063,11.5894;
33,Walking,27933828,-2.9956,-0.4248,11.2720;
33,Walking,27984828,-2.8979,-0.1392,11.4600;
33,Walking,28035828,-2.3267,1.3086,11.6040;
33,Walking,28086828,-1.5527,-0.9668,13.6230;
33,Walking,28137828,-1.5259,-2.0190,13.7988;
33,Walking,28188828,-1.3794,0.6982,11.8018;
33,Walking,28239828,-0.6470,1.3013,11.3892;
33,Walking,28290828,1.1230,1.8994,11.7920;
33,Walking,28341828,-2.7051,2.0337,13.7476;
33,Walking,28392828,-2.0142,1.8896,11.5527;
33,Walking,28443828,-1.0278,-1.8530,10.6470;
33,Walking,28494828,-0.2515,-0.0415,10.8911;
33,Walking,28545828,-0.6641,0.0830,9.3823;
33,Walking,28596828,-1.8262,0.9546,8.5425;
33,Walking,28647828,-1.5283,2.0825,10.0366;
33,Walking,28698828,3.3105,-3.0566,13.9185;
33,Walking,28749828,3.9697,-7.7100,15.5029;
33,Walking,28800828,1.1841,0.8862,11.1255;
33,Walking,28851828,-0.4541,2.6367,8.2275;
33,Walking,28902828,-2.2949,-2.6465,18.9453;
33,Walking,28953842,-5.2783,1.5381,7.6343;
33,Walking,29004828,-1.8579,8.2324,9.3213;
33,Walking,29055828,-2.4097,3.9819,13.7866;
33,Walking,29106828,-0.5396,-1.6431,10.2661;
33,Walking,29157828,-2.7979,-0.9595,11.6528;
33,Walking,29208828,-2.3267,-2.8784,11.7822;
33,Walking,29259828,-0.9937,0.0366,11.0205;
33,Walking,29310828,-3.3032,1.6919,11.5161;
33,Walking,29361828,-2.1924,1.3794,11.5308;
33,Walking,29412828,-1.9409,1.4282,12.0581;
33,Walking,29463828,-1.8970,0.4736,11.7090;
33,Walking,29514828,-1.4380,-0.6616,11.5405;
33,Walking,29565828,-0.6445,1.3965,11.5283;
33,Walking,29616828,-3.1543,0.9351,11.0034;
33,Walking,29667828,-2.8442,-0.6836,11.7114;
33,Walking,29718828,-2.6318,-2.1729,13.5229;
33,Walking,29769828,-2.4829,-0.9888,13.3203;
33,Walking,29820828,1.0498,3.7207,12.7051;
33,Walking,29871828,0.9351,1.5527,11.5991;
33,Walking,29922828,1.2036,1.3013,12.0483;
33,Walking,29973828,-7.1533,2.8296,12.0117;
33,Walking,30024828,-1.6699,2.7905,12.6978;
33,Walking,30075828,0.3296,-1.0620,10.6006;
33,Walking,30126828,0.0098,0.2490,10.7520;
33,Walking,30177828,0.6934,0.1416,10.3979;
33,Walking,30228828,-1.0913,0.9814,9.9756;
33,Walking,30279828,-1.0864,1.2524,11.9849;
33,Walking,30330828,2.5928,-4.9268,13.4448;
33,Walking,30381828,2.5293,-2.4658,12.1973;
33,Walking,30432828,0.3784,-1.7578,11.3843;
33,Walking,30483828,-1.0522,-1.5796,9.4971;
33,Walking,30534828,-2.2168,-1.0352,9.3506;
33,Walking,30585828,-2.8931,2.7881,19.1943;
33,Walking,30636828,7.7710,-5.2393,16.9067;
33,Walking,30687828,-0.9790,7.2559,7.2144;
33,Walking,30738828,-2.6807,3.6890,11.3721;
33,Walking,30789828,-2.8906,-2.0093,12.7490;
33,Walking,30840828,-1.0352,-3.8037,10.7568;
33,Walking,30891828,-2.6270,1.5991,11.0474;
33,Walking,30942828,-2.2925,1.3696,11.5967;
33,Walking,30993828,-1.9629,1.5649,10.4614;
33,Walking,31044828,-2.6074,0.7275,11.9116;
33,Walking,31095828,-2.2998,0.1855,11.0522;
33,Walking,31146828,-2.5610,0.6079,12.2388;
33,Walking,31197828,-1.9800,0.3979,11.6943;
33,Walking,31248828,-1.4014,0.0244,11.5088;
33,Walking,31299828,-1.1694,0.0586,11.6333;
33,Walking,31350828,-1.4697,-0.1099,11.3184;
33,Walking,31401828,-2.2412,0.0903,11.3208;
33,Walking,31452828,-2.6001,0.9448,11.6650;
33,Walking,31503828,-1.7383,0.0732,13.0322;
33,Walking,31554828,-2.7612,-1.1230,13.5596;
33,Walking,31605828,-1.9897,-0.0977,11.4404;
33,Walking,31656828,-0.2441,0.7251,11.0620;
33,Walking,31707828,2.8076,1.0205,13.5547;
33,Walking,31758828,1.4819,0.1489,13.5083;
33,Walking,31809828,-7.1045,3.3789,12.2534;
33,Walking,31860828,-2.4365,2.3193,11.4063;
33,Walking,31911828,0.0195,-2.5708,10.5981;
33,Walking,31962828,0.4565,0.0732,10.9473;
33,Walking,32013828,-0.3564,1.2085,9.0869;
33,Walking,32064828,-1.4648,1.3232,9.3652;
33,Walking,32115828,-0.4077,0.4297,11.3696;
33,Walking,32166828,3.7134,-6.2866,15.0610;
33,Walking,32217828,2.7686,-3.3398,13.7769;
33,Walking,32268828,0.1392,1.0376,8.6304;
33,Walking,32319828,-2.4072,0.8521,8.5596;
33,Walking,32370828,-3.4692,-1.3916,22.0068;
33,Walking,32421828,-6.8359,-0.1562,7.1289;
33,Walking,32472828,-1.9629,10.5469,11.1670;
33,Walking,32523828,-3.2178,3.7866,10.1050;
33,Walking,32574828,-2.5488,1.1963,9.6948;
33,Walking,32625828,-2.6880,-0.7935,12.6343;
33,Walking,32676828,-3.6450,-4.9146,12.2144;
33,Walking,32727828,0.4346,-0.5591,10.9399;
33,Walking,32778828,-2.4414,2.2998,11.9458;
33,Walking,32829828,-2.3633,1.4404,11.2622;
33,Walking,32880828,-2.3682,1.1914,11.4819;
33,Walking,32931828,-2.3486,0.7031,12.0850;
33,Walking,32982828,-1.9873,0.1489,11.5527;
33,Walking,33033828,0.8618,0.9692,12.0728;
33,Walking,33084828,-1.7139,0.9985,11.3818;
33,Walking,33135828,-3.5693,-0.3027,11.2573;
33,Walking,33186828,-3.7207,-1.3794,12.6221;
33,Walking,33237828,-3.5815,-1.2915,11.9556;
33,Walking,33288828,-3.2227,0.5664,11.3623;
33,Walking,33339828,-0.1880,4.7559,12.6343;
33,Walking,33390828,0.0464,1.6724,12.6001;
33,Walking,33441828,0.8813,-2.0898,11.7480;
33,Walking,33492828,2.1460,-1.0425,11.4746;
33,Walking,33543828,-5.2222,0.4956,11.9946;
33,Walking,33594828,-4.6118,3.6743,13.4448;
33,Walking,33645828,0.1953,-0.5005,11.0107;
33,Walking,33696828,-1.0986,0.2393,11.0400;
33,Walking,33747828,-0.3369,0.8276,10.5225;
33,Walking,33798828,2.0386,0.0269,12.1509;
33,Walking,33849828,-0.1709,-0.5835,12.3413;
33,Walking,33900828,0.7129,-0.0513,10.8740;
33,Walking,33951828,-0.7568,-0.7959,10.9131;
33,Walking,34002828,0.6567,-3.6426,11.4502;
33,Walking,34053828,-0.8960,-3.0566,11.3647;
33,Walking,34104828,-1.9434,-0.7178,10.3198;
33,Walking,34155828,-2.4976,2.1777,11.2451;
33,Walking,34206828,-0.1880,5.7251,23.2251;
33,Walking,34257828,2.3999,0.2905,10.5591;
33,Walking,34308828,-1.3525,2.6440,8.8770;
33,Walking,34359828,-4.8193,1.6870,11.4111;
33,Walking,34410828,-2.5391,-1.4844,12.1143;
33,Walking,34461828,-2.2852,-1.9775,11.7896;
33,Walking,34512828,2.1680,-0.4492,11.7798;
33,Walking,34563828,-4.1650,0.6909,11.2109;
33,Walking,34614828,-3.8428,0.9448,10.4126;
33,Walking,34665828,-5.3760,-0.1489,11.1279;
33,Walking,34716828,-3.3179,1.6382,11.5259;
33,Walking,34767828,-1.3452,2.4634,11.7017;
33,Walking,34818828,0.0854,1.3477,11.9360;
33,Walking,34869828,-2.9346,0.5493,11.2915;
33,Walking,34920828,-3.0884,1.0767,11.2891;
33,Walking,34971828,-2.5708,0.6055,11.3403;
33,Walking,35022828,-2.8052,-0.2734,11.5503;
33,Walking,35073828,-1.6772,0.2930,11.9287;
33,Walking,35124828,-1.6138,0.6201,11.4795;
33,Walking,35175828,-2.2412,-0.1416,11.4233;
33,Walking,35226828,-3.0176,0.2246,10.8105;
33,Walking,35277828,-3.4497,0.8813,11.3403;
33,Walking,35328828,-2.0776,1.2158,11.3110;
33,Walking,35379828,-1.2329,1.0181,12.1655;
33,Walking,35430828,-1.4648,0.2856,12.5732;
33,Walking,35481828,-0.9033,-0.3662,12.7344;
33,Walking,35532828,-0.4663,-0.2734,11.4185;
33,Walking,35583828,-0.5737,1.0498,11.5503;
33,Walking,35634828,-0.8643,2.6807,12.2510;
33,Walking,35685828,0.1074,0.1123,12.6001;
33,Walking,35736828,0.0439,-1.0352,10.5981;
33,Walking,35787828,-3.7305,-0.6787,11.3086;
33,Walking,35838828,1.6528,0.3174,12.7612;
33,Walking,35889828,0.8447,2.3193,11.2817;
33,Walking,35940828,0.7739,1.2549,10.6665;
33,Walking,35991828,0.6348,0.7031,10.4102;
33,Walking,36042828,0.6055,-0.5640,10.7349;
33,Walking,36093828,0.2441,-2.2900,11.4478;
33,Walking,36144828,1.8384,-5.7520,13.5522;
33,Walking,36195828,1.8188,-2.1704,10.9741;
33,Walking,36246828,-2.7466,2.7466,21.5405;
33,Walking,36297828,-0.3003,-1.9653,12.0020;
33,Walking,36348828,-1.8335,5.1099,8.3716;
33,Walking,36399828,-3.4033,3.0933,10.0269;
33,Walking,36450828,-0.7568,1.1255,10.8105;
33,Walking,36501828,-2.5366,0.3223,12.2510;
33,Walking,36552828,-2.7686,-1.6919,12.8052;
33,Walking,36603828,-1.2134,-3.3960,11.9995;
33,Walking,36654828,-0.4492,0.1465,11.1548;
33,Walking,36705828,-2.5098,0.6494,11.7358;
33,Walking,36756828,-2.4438,1.4063,11.9482;
33,Walking,36807828,-1.9922,1.3354,11.6016;
33,Walking,36858828,-1.5894,0.5054,11.1230;
33,Walking,36909828,-2.1729,0.7568,11.5894;
33,Walking,36960828,-2.0142,0.5762,11.1548;
33,Walking,37011828,-1.9946,-0.0488,11.9824;
33,Walking,37062828,-2.0947,-0.8398,13.4204;
33,Walking,37113828,-2.3560,0.0415,12.3682;
33,Walking,37164828,-1.6064,1.3623,10.8301;
33,Walking,37215828,0.3613,2.3169,11.8604;
33,Walking,37266828,1.4087,0.2026,12.7686;
33,Walking,37317828,0.0146,-0.0488,13.0127;
33,Walking,37368828,-5.5981,2.6465,12.2949;
33,Walking,37419828,-1.2427,2.0874,11.4673;
33,Walking,37470828,-0.0708,-0.9180,10.5811;
33,Walking,37521828,-0.3760,1.0474,10.5859;
33,Walking,37572828,-0.1514,0.2222,9.8608;
33,Walking,37623828,-1.0620,1.4404,9.4971;
33,Walking,37674828,1.2842,1.0669,11.7383;
33,Walking,37725828,1.0620,-4.5312,12.8882;
33,Walking,37776828,1.4478,-4.6191,13.4717;
33,Walking,37827828,1.0303,-1.2183,11.4844;
33,Walking,37878828,-0.9155,0.2881,8.1812;
33,Walking,37929828,-1.4380,-0.7983,15.6104;
33,Walking,37980828,1.1011,2.4316,10.7104;
33,Walking,38031828,-2.2705,6.6699,10.1758;
33,Walking,38082828,-2.5488,3.9014,9.7095;
33,Walking,38133828,-2.4268,0.6714,10.1196;
33,Walking,38184828,-4.0479,-2.6855,12.7612;
33,Walking,38235828,-3.1006,-3.1006,10.9253;
33,Walking,38286828,0.7227,1.0010,11.2036;
33,Walking,38337828,-2.3120,1.3525,11.9043;
33,Walking,38388828,-2.0166,1.3843,11.4502;
33,Walking,38439828,-2.2803,1.6528,11.7090;
33,Walking,38490828,-2.0068,1.1865,11.5649;
33,Walking,38541828,-1.8530,1.1816,11.1914;
33,Walking,38592828,-2.2485,1.3379,11.3452;
33,Walking,38643828,-2.4292,0.4907,12.0215;
33,Walking,38694828,-2.4414,-1.0767,13.1909;
33,Walking,38745828,-2.5610,-1.6431,12.6807;
33,Walking,38796828,-1.5918,0.2563,11.3965;
33,Walking,38847828,2.3315,4.2456,13.3276;
33,Walking,38898828,3.4912,2.4951,13.0493;
33,Walking,38949828,-1.6919,1.8018,12.4048;
33,Walking,39000828,-3.9233,2.9468,13.7964;
33,Walking,39051828,-0.0269,-0.2393,9.3872;
33,Walking,39102828,0.1392,-1.8384,11.1865;
33,Walking,39153828,-0.6372,0.4687,10.2344;
33,Walking,39204828,-0.7324,0.7031,9.3066;
33,Walking,39255828,-1.7163,0.4810,9.9805;
33,Walking,39306828,1.7822,-0.1978,10.8618;
33,Walking,39357828,3.8647,-5.5786,14.9536;
33,Walking,39408828,1.5332,-2.3535,12.7026;
33,Walking,39459828,-1.7676,0.0928,19.2700;
33,Walking,39510828,-3.6719,-4.1455,11.0059;
33,Walking,39561828,0.9717,7.3071,8.4546;
33,Walking,39612828,-1.8872,5.9570,13.0566;
33,Walking,39663828,-1.1914,0.4028,10.3198;
33,Walking,39714828,-3.3521,0.1318,10.5347;
33,Walking,39765828,-3.8062,-3.3545,12.1509;
33,Walking,39816828,-0.4517,-0.1709,10.8667;
33,Walking,39867828,-2.1582,1.4038,11.8530;
33,Walking,39918835,-1.7651,0.7422,11.5918;
33,Walking,39969828,-1.9385,0.4736,11.9849;
33,Walking,40020828,-2.4976,0.3564,11.4624;
33,Walking,40071828,-1.9385,0.5273,11.3452;
33,Walking,40122828,-1.9360,1.9922,11.0596;
33,Walking,40173828,-1.3770,1.2915,11.8799;
33,Walking,40224828,-2.2217,-0.8350,12.0972;
33,Walking,40275828,-2.2852,-2.0557,13.5840;
33,Walking,40326828,-2.6758,-2.0825,11.5796;
33,Walking,40377828,-2.0410,1.6602,11.6992;
33,Walking,40428828,4.2187,4.2261,13.7158;
33,Walking,40479828,1.7358,-1.5991,11.8262;
33,Walking,40530828,-3.7793,2.0386,13.0493;
33,Walking,40581828,-3.6475,3.7329,11.8164;
33,Walking,40632828,1.6382,-2.4146,11.6406;
33,Walking,40683828,-0.3003,0.7446,10.6738;
33,Walking,40734828,-1.2451,2.3901,8.3545;
33,Walking,40785828,-1.6553,2.5659,8.3691;
33,Walking,40836828,-0.3027,2.0068,10.3540;
33,Walking,40887828,6.2744,-8.2129,19.3579;
33,Walking,40938828,2.2217,-5.1855,11.3257;
33,Walking,40989828,-1.5088,5.0171,17.3901;
33,Walking,41040828,-4.2896,-5.0000,10.5151;
33,Walking,41091828,2.3779,4.7461,13.4692;
33,Walking,41142828,-2.6318,4.6021,11.1938;
33,Walking,41193828,-1.9214,4.7363,9.0723;
33,Walking,41244828,-2.0972,1.2402,10.1172;
33,Walking,41295828,-4.6753,-1.9409,13.1323;
33,Walking,41346828,-0.0952,-2.5366,11.4917;
33,Walking,41397828,-1.3647,1.1353,11.3306;
33,Walking,41448828,-1.7993,1.1792,11.7212;
33,Walking,41499828,-1.7529,1.2061,12.0483;
33,Walking,41550828,-2.1729,0.9692,11.8701;
33,Walking,41601828,-2.2632,0.2222,11.0352;
33,Walking,41652828,-2.3657,0.6299,11.8530;
33,Walking,41703828,-2.0166,1.0059,11.2500;
33,Walking,41754828,-2.0703,-1.1108,13.5669;
33,Walking,41805828,-0.9863,-0.7642,13.5327;
33,Walking,41856828,0.9302,0.8105,11.9775;
33,Walking,41907828,1.6406,1.5991,12.4438;
33,Walking,41958828,-1.2036,3.8745,12.7759;
33,Walking,42009828,-5.3198,4.4629,13.1714;
33,Walking,42060828,-0.5713,-1.0278,10.1270;
33,Walking,42111828,-0.6226,-1.4795,10.6836;
33,Walking,42162828,-0.4736,1.1230,10.2856;
33,Walking,42213828,0.3442,0.9448,8.8086;
33,Walking,42264828,-2.3486,0.6641,9.1455;
33,Walking,42315828,-0.1196,0.5273,11.7871;
33,Walking,42366828,5.4712,-6.9043,16.7773;
33,Walking,42417828,1.2183,-2.3022,12.5122;
33,Walking,42468828,0.8936,2.7222,8.6523;
33,Walking,42519828,-6.2524,1.9238,17.0190;
33,Walking,42570828,4.4409,-12.1118,17.6343;
33,Walking,42621828,-1.9604,6.2354,9.5166;
33,Walking,42672828,-3.6572,7.8345,10.2954;
33,Walking,42723828,-3.6133,2.6147,9.9658;
33,Walking,42774828,-4.4482,-0.2808,10.9668;
33,Walking,42825828,-4.9219,-4.3433,12.5586;
33,Walking,42876828,0.4224,-1.6895,11.4844;
33,Walking,42927828,-1.8213,2.3242,11.7188;
33,Walking,42978828,-2.9443,1.4844,11.2817;
33,Walking,43029828,-1.8896,0.6152,11.9067;
33,Walking,43080828,-1.7505,-0.0928,11.5991;
33,Walking,43131828,-1.9434,0.4175,11.3843;
33,Walking,43182828,-2.1582,0.6689,11.3794;
33,Walking,43233828,-2.2339,-0.1538,11.5161;
33,Walking,43284828,-2.2852,-0.8179,13.4375;
33,Walking,43335828,-1.9556,-0.4980,12.2510;
33,Walking,43386828,-1.4136,-0.2417,10.5981;
33,Walking,43437828,2.9053,2.1338,13.5425;
33,Walking,43488828,2.8516,1.2524,13.4546;
33,Walking,43539828,-5.7324,3.3789,12.4756;
33,Walking,43590828,-1.5308,3.1006,12.0605;
33,Walking,43641828,-0.9814,-1.7700,9.8267;
33,Walking,43692828,-0.4541,-1.0620,10.8032;
33,Walking,43743828,-0.3101,0.2905,9.3652;
33,Walking,43794836,-1.2842,0.5396,10.8618;
33,Walking,43845828,-0.0854,1.5161,11.0327;
33,Walking,43896828,2.3389,-1.9971,12.8101;
33,Walking,43947828,1.5674,-1.1572,12.3608;
33,Walking,43998828,0.8618,-1.6797,11.5332;
33,Walking,44049828,-0.8105,-1.0889,13.3813;
33,Walking,44100828,0.6714,-2.3267,12.5220;
33,Walking,44151828,0.9448,-1.5869,11.6089;
33,Walking,44202828,-0.5103,5.9692,9.6924;
33,Walking,44253828,-1.9653,3.0347,12.0703;
33,Walking,44304828,-1.7456,0.0171,9.4897;
33,Walking,44355828,-2.5000,-0.3491,12.7197;
33,Walking,44406828,-2.7515,-1.4917,10.8301;
33,Walking,44457828,-1.9824,-0.7910,11.3037;
33,Walking,44508828,-2.2876,1.3184,11.4795;
33,Walking,44559828,-2.5049,1.1035,11.8408;
33,Walking,44610828,-1.5601,0.8154,11.9116;
33,Walking,44661828,-1.1865,-0.5591,11.8530;
33,Walking,44712828,-1.3159,-1.0254,11.3330;
33,Walking,44763828,-1.5381,1.1523,11.0840;
33,Walking,44814828,-2.3779,0.7324,11.4722;
33,Walking,44865828,-1.9458,-0.3662,13.0249;
33,Walking,44916828,-3.3765,-0.2246,12.9907;
33,Walking,44967828,-2.1704,0.2173,11.6089;
33,Walking,45018828,0.1099,1.0278,13.4229;
33,Walking,45069828,4.1333,2.1704,12.9834;
33,Walking,45120828,-0.3394,1.5186,12.1777;
33,Walking,45171828,-4.6777,4.0234,12.2363;
33,Walking,45222828,1.0327,-1.2573,10.6519;
33,Walking,45273828,-1.3232,-3.6182,10.8838;
33,Walking,45324828,-0.5029,1.6357,9.0479;
33,Walking,45375828,-0.8203,1.1035,8.2715;
33,Walking,45426828,-0.9692,0.7227,9.9561;
33,Walking,45477828,2.4463,-2.2095,13.8232;
33,Walking,45528828,5.8569,-7.9736,16.5161;
33,Walking,45579828,1.3916,0.6274,9.5264;
33,Walking,45630828,-1.3013,2.7148,22.2021;
33,Walking,45681828,-3.9478,-7.0898,7.7808;
33,Walking,45732828,-3.8794,7.8906,11.0083;
33,Walking,45783828,-1.4038,5.4004,12.5806;
33,Walking,45834828,-0.9106,-0.9155,10.0488;
33,Walking,45885828,-2.0068,0.6299,11.2207;
33,Walking,45936828,-4.6655,-3.1201,11.7188;
33,Walking,45987828,-0.5103,-0.7153,11.3306;
33,Walking,46038828,-2.3779,1.3794,11.4600;
33,Walking,46089828,-2.5854,0.9619,11.3110;
33,Walking,46140828,-2.0215,1.0400,11.9214;
33,Walking,46191828,-1.9458,0.8350,11.6943;
33,Walking,46242828,-1.6968,0.3491,11.6968;
33,Walking,46293828,-1.8823,0.9399,10.9790;
33,Walking,46344828,-2.3560,0.8545,11.8604;
33,Walking,46395828,-1.9336,-0.6934,12.0215;
33,Walking,46446828,-2.6587,-1.2354,12.2729;
33,Walking,46497828,-1.9141,0.0562,11.8286;
33,Walking,46548828,0.0586,1.8213,12.1606;
33,Walking,46599828,1.1060,1.8066,12.8076;
33,Walking,46650828,1.2646,1.4038,12.5635;
33,Walking,46701828,-6.5845,4.4312,11.3940;
33,Walking,46752828,-0.6250,2.3340,11.7944;
33,Walking,46803828,1.0913,-1.2939,10.8301;
33,Walking,46854828,-0.2856,-0.7104,10.9521;
33,Walking,46905828,-0.3296,0.5176,9.2163;
33,Walking,46956828,-1.1157,0.2881,9.5264;
33,Walking,47007828,-0.2148,-0.2612,10.7202;
33,Walking,47058828,1.1255,-2.5659,11.5430;
33,Walking,47109828,3.6377,-4.6875,14.9170;
33,Walking,47160828,2.3242,0.9106,11.9116;
33,Walking,47211828,1.0840,-0.3076,11.5796;
33,Walking,47262828,-0.8105,-4.1187,13.2202;
33,Walking,47313828,1.1157,-2.4756,9.9316;
33,Walking,47364828,-0.5444,7.6196,10.8569;
33,Walking,47415828,-2.4780,2.8149,11.1597;
33,Walking,47466828,-3.2202,1.8359,10.7422;
33,Walking,47517828,-3.1421,0.6934,11.1133;
33,Walking,47568828,-4.0381,-2.0850,11.7822;
33,Walking,47619828,-0.0586,-1.1523,10.9204;
33,Walking,47670818,-1.7676,1.3721,12.1460;
33,Walking,47721828,-1.7407,1.0376,11.8555;
33,Walking,47772828,-1.8384,0.9106,11.9189;
33,Walking,47823828,-1.8188,0.0269,11.5747;
33,Walking,47874828,-2.0752,0.0854,11.3403;
33,Walking,47925828,-1.8018,0.5762,11.2891;
33,Walking,47976828,-1.9580,0.2490,11.4111;
33,Walking,48027828,-1.7578,-0.8203,11.9263;
33,Walking,48078828,-2.4561,-1.5649,12.6855;
33,Walking,48129828,-2.1631,0.9473,12.2949;
33,Walking,48180828,1.4478,2.2046,12.5977;
33,Walking,48231828,2.5879,1.2036,13.3472;
33,Walking,48282828,-0.0977,1.9556,13.1323;
33,Walking,48333828,-4.5288,4.0796,11.6553;
33,Walking,48384828,0.9619,-2.2046,10.4907;
33,Walking,48435828,-1.7578,-3.6426,10.4102;
33,Walking,48486828,-0.7446,1.9238,9.6826;
33,Walking,48537828,-0.4810,1.9360,8.3179;
33,Walking,48588828,-0.5225,1.2964,10.8398;
33,Walking,48639828,0.3076,-1.0352,12.2070;
33,Walking,48690828,2.8662,-9.3677,15.3613;
33,Walking,48741828,0.6104,-1.3037,12.7905;
33,Walking,48792828,-0.9814,-0.2856,9.2822;
33,Walking,48843828,-2.6587,-1.1426,16.7285;
33,Walking,48894828,2.2852,-2.8296,11.6919;
33,Walking,48945828,-1.6992,6.8652,8.9893;
33,Walking,48996828,-2.8027,3.4302,13.0908;
33,Walking,49047828,-0.3882,-1.0742,10.1611;
33,Walking,49098828,-2.3193,-0.0781,11.5771;
33,Walking,49149828,-2.5732,-1.1426,11.1719;
33,Walking,49200828,-2.1680,-0.5762,11.5991;
33,Walking,49251828,-1.7627,1.8335,11.4087;
33,Walking,49302828,-1.5430,1.0693,12.1680;
33,Walking,49353828,-1.4136,0.3418,11.8872;
33,Walking,49404828,-1.1499,-0.9009,11.8848;
33,Walking,49455828,-1.0571,-1.3721,11.3159;
33,Walking,49506828,-1.2817,-0.7397,9.8950;
33,Walking,49557828,-1.2427,-1.6797,11.1133;
33,Walking,49608828,-0.0854,0.5859,12.9346;
33,Walking,49659828,0.9546,4.5850,18.1641;
33,Walking,49710828,-2.3462,1.4844,11.5674;
33,Walking,49761828,-1.9263,2.1753,11.7310;
33,Walking,49812828,4.5093,0.0586,12.9883;
33,Walking,49863828,-1.5356,-0.8179,10.2686;
33,Walking,49914828,-0.2905,0.6909,10.5249;
33,Walking,49965828,-0.3809,1.1548,9.9072;
33,Walking,50016828,0.3442,0.0293,9.9390;
33,Walking,50067828,0.2197,-0.1953,10.3833;
33,Walking,50118828,0.9644,0.1587,11.2329;
33,Walking,50169828,1.6919,-6.0425,15.0977;
33,Walking,50220828,3.3691,-2.6465,13.4644;
33,Walking,50271828,0.3418,0.5566,9.6143;
33,Walking,50322828,-2.3389,1.6382,18.4229;
33,Walking,50373828,0.5786,-7.1997,13.2031;
33,Walking,50424828,-0.6030,6.6284,8.8452;
33,Walking,50475828,-1.1011,6.6675,12.2803;
33,Walking,50526828,-2.9102,-0.4175,10.4956;
33,Walking,50577828,-2.2534,-2.1265,10.4321;
33,Walking,50628828,-2.4463,-0.8911,11.5356;
33,Walking,50679828,-1.9482,-0.6372,11.0376;
33,Walking,50730828,-1.3037,0.7397,11.5918;
33,Walking,50781828,-2.0557,0.6323,11.8652;
33,Walking,50832828,-1.9653,0.5127,11.9043;
33,Walking,50883828,-1.6260,-0.0562,11.8774;
33,Walking,50934828,-1.2524,-0.5859,11.2427;
33,Walking,50985828,-1.3281,-0.1782,11.4063;
33,Walking,51036828,-1.7578,0.7764,11.0254;
33,Walking,51087828,-1.6626,-0.4272,11.0498;
33,Walking,51138828,-1.8994,-0.8813,11.9678;
33,Walking,51189828,-2.9858,0.5322,13.6914;
33,Walking,51240828,-0.9155,3.3521,12.8052;
33,Walking,51291828,0.6152,1.3428,13.5083;
33,Walking,51342828,1.7700,-0.2612,12.5928;
33,Walking,51393828,0.0928,1.2817,13.3984;
33,Walking,51444828,-4.6094,4.9951,11.5381;
33,Walking,51495828,1.2036,-0.7446,10.5347;
33,Walking,51546828,-1.1646,-2.2314,10.5981;
33,Walking,51597828,-0.7202,0.5371,8.6963;
33,Walking,51648828,-0.8496,0.3784,8.4204;
33,Walking,51699828,-0.4102,1.2085,9.4263;
33,Walking,51750828,4.3311,-3.1226,17.3633;
33,Walking,51801828,4.2212,-4.0918,14.4165;
33,Walking,51852828,1.4648,1.7725,9.8071;
33,Walking,51903828,1.2329,1.0596,16.4575;
33,Walking,51954828,-2.2192,-6.4502,7.2729;
33,Walking,52005828,-2.7441,6.7236,12.0630;
33,Walking,52056828,-1.6016,5.8691,12.2559;
33,Walking,52107828,-2.7588,0.6934,9.6631;
33,Walking,52158828,-3.0859,0.3296,11.5991;
33,Walking,52209828,-3.0688,-2.9761,11.5454;
33,Walking,52260828,-2.1338,-1.8774,11.6626;
33,Walking,52311828,-1.2231,0.5029,11.3354;
33,Walking,52362828,-2.0557,0.5493,11.5771;
33,Walking,52413828,-2.1509,0.6104,11.9922;
33,Walking,52464828,-1.7554,-0.2563,11.7798;
33,Walking,52515828,-0.1221,1.2524,11.7212;
33,Walking,52566828,-2.1777,1.0571,11.0962;
33,Walking,52617828,-2.8198,-0.7520,11.2744;
33,Walking,52668828,-2.7368,-0.2515,11.4258;
33,Walking,52719828,-2.8906,-0.7861,13.2983;
33,Walking,52770828,-1.4307,0.6177,13.0591;
33,Walking,52821828,0.1831,1.2549,13.2837;
33,Walking,52872828,0.6934,-1.6064,12.3267;
33,Walking,52923828,3.4351,0.9570,11.7480;
33,Walking,52974828,-4.0259,3.8989,12.7148;
33,Walking,53025828,-3.2422,4.5630,11.4282;
33,Walking,53076828,0.8423,-3.2910,10.7544;
33,Walking,53127828,-0.2246,-1.4355,11.0156;
33,Walking,53178828,-0.2075,0.9644,9.4360;
33,Walking,53229828,-1.5918,0.7153,8.6841;
33,Walking,53280828,-0.1440,0.9326,11.6992;
33,Walking,53331828,1.8140,-2.3096,12.2119;
33,Walking,53382828,4.4678,-3.9502,14.6899;
33,Walking,53433828,0.2417,-0.8374,11.4917;
33,Walking,53484828,-1.3940,1.2646,8.7158;
33,Walking,53535828,-0.3662,0.1636,14.1772;
33,Walking,53586828,5.1733,-6.1597,14.3750;
33,Walking,53637828,-1.9946,4.8267,8.6841;
33,Walking,53688828,-1.8652,3.5937,11.3477;
33,Walking,53739828,-3.0664,2.0142,10.0244;
33,Walking,53790828,-2.3950,0.3418,11.7358;
33,Walking,53841828,-4.9414,-5.4663,12.1167;
33,Walking,53892828,0.1294,0.7593,11.5308;
33,Walking,53943828,-3.0151,1.8701,11.5503;
33,Walking,53994828,-2.0508,1.4673,11.1597;
33,Walking,54045828,-2.4878,1.5991,11.5820;
33,Walking,54096828,-1.8457,0.2368,11.6846;
33,Walking,54147828,-1.9702,-0.0854,11.5869;
33,Walking,54198828,-1.8848,0.5933,11.3330;
33,Walking,54249828,-1.9238,-0.2808,11.6748;
33,Walking,54300828,-2.2070,-1.0107,12.3877;
33,Walking,54351828,-2.1753,-1.3916,12.5537;
33,Walking,54402828,-2.1094,0.4565,11.9409;
33,Walking,54453828,1.1890,4.1333,11.9580;
33,Walking,54504828,2.6611,2.0410,12.6270;
33,Walking,54555828,-2.3437,1.7456,12.4487;
33,Walking,54606828,-7.5586,3.9062,14.0894;
33,Walking,54657828,1.9263,-1.2183,10.8228;
33,Walking,54708828,0.2344,-0.9766,11.4795;
33,Walking,54759828,-0.8105,1.5234,10.2173;
33,Walking,54810828,-0.6519,2.5757,8.7671;
33,Walking,54861828,-1.9141,1.5918,9.5044;
33,Walking,54912828,0.5566,-0.9497,11.8433;
33,Walking,54963828,3.8281,-8.4595,15.4053;
33,Walking,55014828,-0.0464,-1.6064,11.8604;
33,Walking,55065828,0.9937,2.0605,8.9819;
33,Walking,55116828,-1.5698,0.6934,10.8447;
33,Walking,55167828,1.2988,-5.1880,20.0610;
33,Walking,55218828,-5.0122,3.5547,8.7866;
33,Walking,55269828,-3.9844,8.0615,8.9038;
33,Walking,55320828,-1.7310,3.9429,11.4673;
33,Walking,55371828,-3.1836,0.5005,9.8413;
33,Walking,55422828,-2.7588,0.4785,10.7568;
33,Walking,55473828,-3.7988,-2.9297,13.1689;
33,Walking,55524828,-1.6187,-0.2100,10.8716;
33,Walking,55575828,-1.7725,1.5894,11.5479;
33,Walking,55626828,-1.2695,0.7202,12.1802;
33,Walking,55677828,-1.4209,-0.1196,11.6504;
33,Walking,55728828,-2.1582,1.0718,11.4502;
33,Walking,55779828,-2.1509,1.0986,11.1182;
33,Walking,55830828,-2.0996,0.4590,11.4502;
33,Walking,55881828,-2.7686,1.0913,11.7041;
33,Walking,55932828,-1.9604,0.4639,11.2378;
33,Walking,55983828,-2.1143,-1.5283,14.1260;
33,Walking,56034828,-1.4648,-1.4258,12.5049;
33,Walking,56085828,-0.2222,3.3203,11.9653;
33,Walking,56136828,1.2695,1.5332,11.6553;
33,Walking,56187828,1.6064,-1.0645,11.7310;
33,Walking,56238828,-5.1318,3.5376,14.0063;
33,Walking,56289828,-0.0708,4.5581,12.6929;
33,Walking,56340828,-2.9565,-3.2568,9.2065;
33,Walking,56391828,-0.1953,0.5542,9.1504;
33,Walking,56442828,-1.0254,-0.4614,9.2603;
33,Walking,56493828,-0.2612,1.1450,12.5928;
33,Walking,56544828,1.9971,-0.2539,12.6440;
33,Walking,56595828,3.5229,-4.3433,15.0049;
33,Walking,56646828,0.2759,1.2549,10.8325;
33,Walking,56697828,-0.9497,1.0767,8.8062;
33,Walking,56748828,-2.9565,0.0610,15.4785;
33,Walking,56799828,7.3657,-11.5112,16.7334;
33,Walking,56850828,-2.5244,7.1753,5.6299;
33,Walking,56901828,-3.1348,5.5542,9.6069;
33,Walking,56952828,-3.6279,1.3306,12.8003;
33,Walking,57003828,-1.3965,-0.7031,10.5591;
33,Walking,57054828,-3.1689,-2.3389,12.0923;
33,Walking,57105828,-2.5391,-2.0825,11.1133;
33,Walking,57156828,-1.1450,1.8945,11.9019;
33,Walking,57207828,-2.6660,1.3550,11.0229;
33,Walking,57258828,-2.5000,1.2964,12.0093;
33,Walking,57309828,-1.6821,0.9302,11.4258;
33,Walking,57360828,-1.6650,-0.4272,11.8506;
33,Walking,57411828,-1.1816,0.0684,11.2329;
33,Walking,57462828,-2.4146,0.1221,11.2964;
33,Walking,57513828,-2.9639,-1.0376,11.0034;
33,Walking,57564828,-2.7026,-1.4722,13.7036;
33,Walking,57615828,-2.7490,0.7056,12.3022;
33,Walking,57666828,-0.4639,2.7466,12.2949;
33,Walking,57717828,1.4795,1.7847,12.1460;
33,Walking,57768828,1.5845,0.3247,12.8931;
33,Walking,57819828,-4.0039,3.7793,13.1934;
33,Walking,57870828,-1.9482,3.5962,12.5195;
33,Walking,57921828,1.1670,-2.0020,10.4761;
33,Walking,57972828,-0.4370,-0.9204,10.9961;
33,Walking,58023828,-0.4858,0.9375,9.9634;
33,Walking,58074828,-1.3525,1.4844,8.5864;
33,Walking,58125828,-0.9326,0.2515,10.7202;
33,Walking,58176828,1.6846,-1.9263,11.7456;
33,Walking,58227828,4.3677,-7.8027,14.7144;
33,Walking,58278828,0.7129,-0.5908,11.4648;
33,Walking,58329828,0.2734,2.3584,11.3379;
33,Walking,58380828,2.3999,0.0928,18.4619;
33,Walking,58431828,-1.0718,-0.5298,6.6187;
33,Walking,58482828,-2.8833,6.2695,11.1011;
33,Walking,58533828,-2.6001,2.0728,12.2412;
33,Walking,58584828,-0.9570,0.6958,10.0464;
33,Walking,58635828,-2.8613,0.5933,11.1499;
33,Walking,58686828,-2.9639,-0.9424,11.7334;
33,Walking,58737828,-2.8320,-0.9766,11.4185;
33,Walking,58788828,-2.0825,0.1294,11.4722;
33,Walking,58839828,-1.9702,0.9863,11.8604;
33,Walking,58890828,-1.7236,0.4614,11.8115;
33,Walking,58941828,-1.9141,-0.3003,12.0020;
33,Walking,58992828,-2.2046,0.0708,11.0425;
33,Walking,59043828,-2.3413,0.8301,11.5698;
33,Walking,59094828,-2.1509,0.3955,11.1963;
33,Walking,59145828,-2.5244,0.1733,11.7139;
33,Walking,59196828,-2.7515,1.0059,11.5039;
33,Walking,59247828,-1.9409,0.1294,13.2837;
33,Walking,59298828,-2.1069,-0.7031,12.2900;
33,Walking,59349828,-1.8262,0.1294,11.1523;
33,Walking,59400828,-0.3735,0.6641,11.6309;
33,Walking,59451828,0.5811,0.7642,11.9775;
33,Walking,59502828,1.1499,-0.0098,12.9346;
33,Walking,59553828,0.9863,0.6128,14.4995;
33,Walking,59604828,-5.4907,4.9146,13.1274;
33,Walking,59655828,1.4575,-0.0439,11.2109;
33,Walking,59706828,-2.1265,-2.2559,9.6851;
33,Walking,59757828,-0.6641,0.1978,9.2383;
33,Walking,59808828,-1.7236,0.6079,8.1177;
33,Walking,59859828,-0.9644,1.1816,9.6484;
33,Walking,59910828,1.8872,0.1685,13.8379;
33,Walking,59961828,4.7681,-11.4624,16.5991;
33,Walking,60012828,1.3916,-0.5127,10.6470;
33,Walking,60063828,-0.7446,2.5146,8.3838;
33,Walking,60114828,-3.2593,0.9302,14.4727;
33,Walking,60165828,6.5649,-7.0703,11.7627;
33,Walking,60216828,-1.8774,9.5508,10.5762;
33,Walking,60267828,-1.7993,5.4517,13.5913;
33,Walking,60318828,-1.3818,-1.9629,10.3662;
33,Walking,60369828,-1.8677,-2.3950,11.9019;
33,Walking,60420828,-2.1362,-0.6250,11.2280;
33,Walking,60471828,-2.1924,-0.2026,10.5127;
33,Walking,60522828,-3.2397,1.1523,11.7188;
33,Walking,60573828,-1.9287,0.5078,11.8042;
33,Walking,60624828,-1.9336,1.0400,11.8066;
33,Walking,60675828,-1.8799,0.4956,11.8848;
33,Walking,60726828,-1.7773,0.0830,11.4966;
33,Walking,60777828,-2.1680,-0.4687,11.3672;
33,Walking,60828828,-0.8228,1.4258,11.6943;
33,Walking,60879828,-2.5391,0.0171,11.2573;
33,Walking,60930828,-2.3193,-1.6919,12.2363;
33,Walking,60981828,-2.8174,-0.8105,13.5815;
33,Walking,61032828,-1.4893,3.0640,12.5439;
33,Walking,61083828,-0.1978,1.8896,11.8799;
33,Walking,61134828,1.1060,0.8252,12.3950;
33,Walking,61185828,0.4907,1.7676,12.7441;
33,Walking,61236828,-4.7192,3.7280,11.7529;
33,Walking,61287828,-2.4487,0.4077,10.8496;
33,Walking,61338828,0.2661,-1.6626,10.2026;
33,Walking,61389828,-0.0977,-0.4663,10.9790;
33,Walking,61440828,-0.4492,0.2710,10.0024;
33,Walking,61491828,-1.0718,1.0205,10.6104;
33,Walking,61542828,0.4663,0.6274,11.2720;
33,Walking,61593828,1.8018,-2.9810,12.2534;
33,Walking,61644828,1.4331,-3.5034,13.2471;
33,Walking,61695828,1.0107,-0.7300,11.1548;
33,Walking,61746828,-0.4687,-0.4614,9.7729;
33,Walking,61797828,-5.1025,-0.4419,19.8584;
33,Walking,61848828,7.5879,-7.2778,13.9063;
33,Walking,61899828,-3.3472,7.9810,8.6255;
33,Walking,61950828,-2.1851,4.0454,10.5200;
33,Walking,62001828,-2.0654,-0.3638,10.0171;
33,Walking,62052828,-1.0645,-0.9912,11.9409;
33,Walking,62103828,-1.6919,-0.3223,10.8789;
33,Walking,62154828,-2.7002,-1.6968,11.3721;
33,Walking,62205828,-2.1460,0.1172,11.1646;
33,Walking,62256828,-2.4854,1.1743,11.7944;
33,Walking,62307828,-2.4121,1.1353,11.5845;
33,Walking,62358828,-1.8066,0.2759,11.7676;
33,Walking,62409828,-1.6479,-0.5176,11.7896;
33,Walking,62460828,-0.6152,0.0171,12.2021;
33,Walking,62511828,-1.4087,0.7300,10.8423;
33,Walking,62562828,-2.4658,-0.8447,11.3550;
33,Walking,62613828,-2.1313,-1.6650,11.2720;
33,Walking,62664828,-2.6392,-0.9399,12.1924;
33,Walking,62715828,-1.2158,3.0396,13.9575;
33,Walking,62766828,0.7007,2.2998,13.5522;
33,Walking,62817828,0.8545,-0.6885,12.2778;
33,Walking,62868828,-0.4687,0.5176,12.4487;
33,Walking,62919828,-1.2939,4.5166,12.9443;
33,Walking,62970828,0.4053,-0.1294,11.0352;
33,Walking,63021828,0.1538,-1.1646,10.9277;
33,Walking,63072828,-0.1270,-0.0171,10.0684;
33,Walking,63123828,-0.5054,0.4248,9.4409;
33,Walking,63174828,-1.0840,0.3345,9.6802;
33,Walking,63225828,0.8569,0.7910,11.4185;
33,Walking,63276828,3.2690,-6.3818,15.0757;
33,Walking,63327828,2.7173,-2.0972,13.2813;
33,Walking,63378828,1.7505,-0.4761,10.1172;
33,Walking,63429828,-3.7305,-1.0815,19.5776;
33,Walking,63480828,3.3105,-8.1152,13.3716;
33,Walking,63531828,-1.6992,7.4902,10.2246;
33,Walking,63582828,-3.8965,6.0669,10.8789;
33,Walking,63633828,-3.1519,0.0439,9.9048;
33,Walking,63684828,-1.2891,-1.3721,11.7554;
33,Walking,63735828,-2.3486,-0.8740,11.0010;
33,Walking,63786828,-2.3340,-1.0205,11.0498;
33,Walking,63837838,-3.1104,0.8154,10.9912;
33,Walking,63888828,-2.3511,1.2549,11.4087;
33,Walking,63939828,-2.4805,0.9180,11.8457;
33,Walking,63990828,-2.1289,0.0708,12.0044;
33,Walking,64041828,-1.6504,-0.7642,11.5649;
33,Walking,64092828,-2.1387,-0.4053,11.4282;
33,Walking,64143828,-2.3853,1.0327,11.2451;
33,Walking,64194828,-2.6782,-0.2295,11.0059;
33,Walking,64245828,-2.7637,-0.2197,11.5649;
33,Walking,64296828,-2.8760,1.1133,11.3989;
33,Walking,64347828,-2.0337,0.4199,12.9590;
33,Walking,64398828,-1.8140,-0.2368,12.7051;
33,Walking,64449828,-2.3047,0.8936,11.5210;
33,Walking,64500828,-0.6885,0.3467,10.8765;
33,Walking,64551828,0.1709,0.2222,11.4746;
33,Walking,64602828,1.7627,-0.3516,13.2837;
33,Walking,64653828,1.0693,0.6812,16.1987;
33,Walking,64704828,-5.2075,7.7393,12.3218;
33,Walking,64755828,1.2036,-0.4956,10.2075;
33,Walking,64806828,-1.0962,-1.8164,9.9365;
33,Walking,64857828,-0.5591,0.1245,9.1138;
33,Walking,64908828,-1.5967,-1.9971,8.8477;
33,Walking,64959828,-1.9849,-0.3955,10.8569;
33,Walking,65010828,2.3462,-1.9971,14.0747;
33,Walking,65061828,5.3467,-5.2686,14.7778;
33,Walking,65112828,3.2959,-0.4077,11.1450;
33,Walking,65163828,-1.3135,0.2368,13.0347;
33,Walking,65214828,-5.6763,-1.5405,13.7280;
33,Walking,65265828,6.0547,0.5811,11.8384;
33,Walking,65316828,-3.2471,6.0303,9.9707;
33,Walking,65367828,-3.5645,2.5610,10.1465;
33,Walking,65418828,-2.4683,2.2363,10.7544;
33,Walking,65469828,-2.4756,0.1514,12.0410;
33,Walking,65520828,-2.7002,-2.5098,11.7920;
33,Walking,65571828,-2.8320,-2.0923,11.1401;
33,Walking,65622828,-1.4917,1.6406,11.4185;
33,Walking,65673828,-2.4463,1.5234,11.7554;
33,Walking,65724828,-2.0166,0.1978,11.6382;
33,Walking,65775828,-2.2388,-0.0562,11.7529;
33,Walking,65826828,-2.4487,1.0425,11.2207;
33,Walking,65877828,-2.1338,0.9863,11.3477;
33,Walking,65928828,-2.0459,0.3662,11.3818;
33,Walking,65979828,-2.2803,-0.2588,11.6016;
33,Walking,66030828,-2.0239,-0.1025,11.3818;
33,Walking,66081828,-1.3550,0.0781,11.7041;
33,Walking,66132828,-1.4136,-0.2832,12.3193;
33,Walking,66183828,-1.7236,1.4136,11.4160;
33,Walking,66234828,-0.9668,1.3965,11.3989;
33,Walking,66285828,0.8130,0.1880,12.7466;
33,Walking,66336828,4.3799,0.2368,13.7671;
33,Walking,66387828,-1.6138,4.0942,14.1333;
33,Walking,66438828,-4.4653,6.6602,13.4351;
33,Walking,66489828,1.3574,-1.0742,9.4971;
33,Walking,66540828,-1.0132,-2.6978,9.8267;
33,Walking,66591828,-1.7188,-2.2900,8.2886;
33,Walking,66642828,-1.8213,-0.8960,8.1592;
33,Walking,66693828,0.9058,1.5894,12.7466;
33,Walking,66744828,2.0605,-4.6362,12.0679;
33,Walking,66795828,3.4888,-0.5469,12.4658;
33,Walking,66846828,2.2363,1.1816,9.8633;
33,Walking,66897828,-0.7300,3.2129,19.8145;
33,Walking,66948828,-4.3042,-14.2432,11.3477;
33,Walking,66999828,-1.2012,8.4155,13.4302;
33,Walking,67050828,0.1270,6.3330,10.7007;
33,Walking,67101828,-3.6255,2.2852,10.2344;
33,Walking,67152828,-4.0967,-0.7568,10.6567;
33,Walking,67203828,-4.6826,-2.7246,11.6748;
33,Walking,67254828,0.8643,-1.8921,11.5332;
33,Walking,67305828,-1.9360,1.8970,11.9067;
33,Walking,67356828,-2.2852,1.5625,11.7456;
33,Walking,67407828,-2.2559,1.5894,11.5894;
33,Walking,67458828,-1.3062,0.3491,12.1118;
33,Walking,67509828,-1.7065,-0.4248,11.1890;
33,Walking,67560828,-2.0312,0.4028,11.4722;
33,Walking,67611828,-2.3560,0.4224,11.1060;
33,Walking,67662828,-2.3975,0.3687,11.3379;
33,Walking,67713828,-2.5635,0.4346,12.0288;
33,Walking,67764828,-2.1948,0.8496,11.1304;
33,Walking,67815828,-1.5723,-0.7422,14.5898;
33,Walking,67866828,-1.6431,-0.0781,12.3706;
33,Walking,67917828,-1.9946,3.1787,10.6128;
33,Walking,67968828,0.7422,1.8140,11.7993;
33,Walking,68019828,1.1255,-1.9727,12.1558;
33,Walking,68070828,2.5391,-0.0317,14.3042;
33,Walking,68121828,-4.5239,4.1895,15.0269;
33,Walking,68172828,-0.1392,1.8872,10.2344;
33,Walking,68223828,-2.6904,-2.5977,10.1050;
33,Walking,68274828,1.0889,-0.0513,9.7119;
33,Walking,68325828,-0.5054,0.6665,8.9771;
33,Walking,68376828,-0.8179,1.5967,8.4863;
33,Walking,68427828,2.8223,2.5464,11.3501;
33,Walking,68478828,1.8384,-16.6089,17.4292;
33,Walking,68529828,0.4199,0.1440,9.7412;
33,Walking,68580828,-1.3159,3.7378,13.8550;
33,Walking,68631828,1.8701,-1.8384,15.4541;
33,Walking,68682828,-3.8135,2.5122,9.4116;
33,Walking,68733828,-3.5059,6.5601,10.3247;
33,Walking,68784828,-1.3452,3.5352,10.9473;
33,Walking,68835828,-1.9385,1.5869,10.1001;
33,Walking,68886828,-2.6221,-0.2222,12.2559;
33,Walking,68937828,-2.5830,-3.3081,11.9653;
33,Walking,68988828,-0.5029,-1.3135,10.9595;
33,Walking,69039828,-1.0034,1.5527,11.8530;
33,Walking,69090828,-2.4780,1.8579,11.3184;
33,Walking,69141828,-2.4536,2.1460,11.3989;
33,Walking,69192828,-2.0752,1.3574,11.7310;
33,Walking,69243828,-1.7334,0.3442,11.3892;
33,Walking,69294828,-0.1367,1.1133,11.6138;
33,Walking,69345828,-2.3608,0.4175,11.6626;
33,Walking,69396828,-1.9897,-1.5088,11.7285;
33,Walking,69447828,-1.8823,-2.7588,14.2261;
33,Walking,69498828,-3.3643,0.5835,12.0923;
33,Walking,69549828,1.3794,2.8418,12.0996;
33,Walking,69600828,1.8604,0.7837,12.8491;
33,Walking,69651828,0.1611,0.6616,12.5171;
33,Walking,69702828,-4.2847,3.2642,12.5244;
33,Walking,69753828,-4.9414,2.5293,11.2939;
33,Walking,69804828,1.0083,-1.4575,10.6177;
33,Walking,69855828,0.1147,0.3857,11.0278;
33,Walking,69906828,-0.6519,1.8018,9.7266;
33,Walking,69957828,-0.8862,1.4771,10.2710;
33,Walking,70008828,0.9351,0.0562,12.4780;
33,Walking,70059828,1.3940,-5.6738,13.2910;
33,Walking,70110828,1.9116,-0.6348,12.5439;
33,Walking,70161828,0.9912,0.2222,10.4565;
33,Walking,70212828,-1.4111,-1.8774,10.0024;
33,Walking,70263828,-2.4194,-0.8740,9.4604;
33,Walking,70314841,-5.9766,1.7163,23.4937;
33,Walking,70365828,5.8740,-6.0669,12.7783;
33,Walking,70416828,-1.8018,9.6069,11.6821;
33,Walking,70467828,-2.3755,4.2847,10.8276;
33,Walking,70518828,-3.4448,0.3149,10.2832;
33,Walking,70569828,-0.0464,-4.1357,12.5488;
33,Walking,70620828,-1.4990,-0.6567,11.4966;
33,Walking,70671828,-2.6440,-0.6909,10.8154;
33,Walking,70722828,-1.6455,0.9717,11.9702;
33,Walking,70773828,-2.2827,1.6675,11.4258;
33,Walking,70824828,-2.4438,1.7334,11.5356;
33,Walking,70875828,-2.7637,1.5234,11.5601;
33,Walking,70926828,-1.9653,0.5420,11.5918;
33,Walking,70977828,-1.5796,0.1904,11.7261;
33,Walking,71028828,-1.6602,0.7251,11.4746;
33,Walking,71079828,-1.9141,0.3979,12.1191;
33,Walking,71130828,-1.7285,-1.2891,13.4814;
33,Walking,71181828,-2.1069,-1.0327,12.9395;
33,Walking,71232828,-1.5918,0.5664,10.8984;
33,Walking,71283828,1.1938,2.2827,12.5781;
33,Walking,71334828,2.3267,0.2930,12.8979;
33,Walking,71385828,-1.2769,1.2402,12.8687;
33,Walking,71436828,-4.4214,5.4150,11.9751;
33,Walking,71487828,1.0327,-1.6333,11.1035;
33,Walking,71538828,-1.2598,-0.8862,10.0562;
33,Walking,71589828,-0.7349,1.8286,9.0210;
33,Walking,71640828,-0.5225,1.9995,9.8169;
33,Walking,71691828,-0.1050,-0.9229,11.4893;
33,Walking,71742828,0.4297,-1.5259,11.5942;
33,Walking,71793828,4.2114,-6.5479,15.0293;
33,Walking,71844828,0.6055,-1.4185,11.1719;
33,Walking,71895828,-1.6504,1.4063,14.8828;
33,Walking,71946828,3.9233,0.1172,15.8057;
33,Walking,71997828,-2.1216,1.6675,6.6187;
33,Walking,72048828,-1.9434,6.8091,12.5073;
33,Walking,72099828,-1.8701,2.0020,10.0171;
33,Walking,72150828,-2.9810,-0.3345,10.0269;
33,Walking,72201828,-2.7588,-1.6846,13.0298;
33,Walking,72252828,-0.4419,-1.6577,11.3037;
33,Walking,72303828,-2.0166,0.6299,11.3281;
33,Walking,72354828,-1.5625,0.8569,12.1582;
33,Walking,72405828,-2.0288,1.1963,11.4600;
33,Walking,72456828,-2.2534,1.0352,11.8188;
33,Walking,72507828,-2.0215,0.2563,11.6870;
33,Walking,72558828,-2.0068,0.0977,11.6504;
33,Walking,72609828,-1.8701,0.9082,11.3013;
33,Walking,72660828,-1.3867,1.0620,11.1304;
33,Walking,72711828,-2.0532,-0.1367,11.7578;
33,Walking,72762828,-2.3901,-0.3076,12.7344;
33,Walking,72813828,-2.4585,-0.4736,11.9995;
33,Walking,72864828,-2.1191,0.2637,11.3770;
33,Walking,72915828,-1.5698,0.6836,10.8594;
33,Walking,72966828,3.7915,1.7554,13.0640;
33,Walking,73017828,2.0361,-0.4443,14.3701;
33,Walking,73068828,-6.8750,3.8843,12.5122;
33,Walking,73119828,-1.5332,2.6489,11.9775;
33,Walking,73170828,-0.7666,-2.2266,10.6934;
33,Walking,73221828,0.0000,0.3027,10.7153;
33,Walking,73272828,-0.5908,1.0645,9.0503;
33,Walking,73323828,-1.5063,2.0337,8.7036;
33,Walking,73374828,0.0977,1.8311,10.4419;
33,Walking,73425828,3.0493,-8.1250,15.3320;
33,Walking,73476828,2.1729,-4.2285,13.7280;
33,Walking,73527828,0.3247,0.2222,9.1870;
33,Walking,73578828,-3.5107,0.9888,17.6099;
33,Walking,73629828,6.0742,-5.3638,13.3838;
33,Walking,73680828,-3.2812,11.1816,7.4390;
33,Walking,73731828,-1.9873,5.4175,11.9434;
33,Walking,73782828,-0.0513,-2.3584,10.5029;
33,Walking,73833828,-2.6611,-3.9795,12.0117;
33,Walking,73884828,-1.1060,-2.4634,11.2964;
33,Walking,73935828,-1.8994,1.0864,11.1060;
33,Walking,73986828,-2.3828,2.4268,11.9165;
33,Walking,74037828,-1.8701,1.3794,11.2476;
33,Walking,74088828,-2.0508,0.9497,11.8384;
33,Walking,74139828,-1.9751,0.4468,11.7017;
33,Walking,74190828,-1.3989,-0.4321,11.4722;
33,Walking,74241828,-1.5918,-0.4517,11.5894;
33,Walking,74292828,-1.1719,1.5283,11.3745;
33,Walking,74343828,-1.7676,-0.7227,10.7104;
33,Walking,74394828,-2.7441,-2.2778,11.7627;
33,Walking,74445828,-3.1641,-0.4346,13.3472;
33,Walking,74496828,-1.6553,3.5547,13.2593;
33,Walking,74547828,2.4292,3.9062,13.2935;
33,Walking,74598828,0.7959,0.4834,12.2290;
33,Walking,74649828,-1.9287,2.6758,12.5806;
33,Walking,74700828,-1.8945,2.0459,12.5635;
33,Walking,74751828,-0.8081,-1.6504,10.1807;
33,Walking,74802828,-0.5054,0.0830,10.2856;
33,Walking,74853828,0.6445,0.7495,10.9692;
33,Walking,74904828,-0.6567,2.2339,9.9268;
33,Walking,74955828,-0.4175,0.1270,10.7324;
33,Walking,75006828,1.4624,-2.3364,11.9507;
33,Walking,75057828,2.6831,-4.9146,12.8442;
33,Walking,75108828,1.8994,-3.0005,11.9360;
33,Walking,75159828,-0.5444,-1.9360,9.8145;
33,Walking,75210828,-4.4263,2.2021,19.6753;
33,Walking,75261828,5.8740,-3.0469,15.4614;
33,Walking,75312828,-2.9517,6.3818,6.2695;
33,Walking,75363828,-3.0176,3.2764,11.3232;
33,Walking,75414828,-1.6455,-0.3735,11.9727;
33,Walking,75465828,-1.6138,0.0464,11.2134;
33,Walking,75516828,-3.2153,-1.2354,11.4819;
33,Walking,75567828,-1.3940,-0.6909,11.6284;
33,Walking,75618828,-3.1006,2.6807,11.0693;
33,Walking,75669828,-2.0020,1.5771,11.2305;
33,Walking,75720828,-2.2778,1.0303,11.6016;
33,Walking,75771828,-2.7783,0.5493,11.9946;
33,Walking,75822828,-2.0068,-0.4834,11.7700;
33,Walking,75873828,-2.0264,-0.7471,11.6724;
33,Walking,75924828,-1.1377,0.4199,11.5454;
33,Walking,75975828,-1.9507,0.3027,11.4087;
33,Walking,76026828,-1.9751,-0.1392,11.4307;
33,Walking,76077828,-2.5269,0.4639,11.2402;
33,Walking,76128828,-2.2314,0.7812,11.2256;
33,Walking,76179828,-2.4585,-0.3955,13.2666;
33,Walking,76230828,-1.5112,-0.8032,13.4058;
33,Walking,76281828,-1.9287,0.9155,11.2793;
33,Walking,76332828,-0.8545,3.4180,10.7202;
33,Walking,76383828,1.4844,2.4487,11.7993;
33,Walking,76434828,2.0898,-0.0342,13.1250;
33,Walking,76485828,-2.9736,3.6133,14.9121;
33,Walking,76536828,-0.9961,2.5732,11.4795;
33,Walking,76587828,0.7910,-0.9888,11.4111;
33,Walking,76638828,0.3589,1.4893,10.1953;
33,Walking,76689828,-0.6396,0.3882,9.7681;
33,Walking,76740828,-1.9653,-0.2515,8.9209;
33,Walking,76791828,-0.9033,2.3975,9.8999;
33,Walking,76842828,4.7705,-2.6294,12.9785;
33,Walking,76893828,6.3672,-9.3237,15.1074;
33,Walking,76944828,1.5112,0.6909,18.3228;
33,Walking,76995828,-1.0742,4.2505,11.5894;
33,Walking,77046828,-4.9487,0.5347,4.9854;
33,Walking,77097828,0.7739,4.0942,14.5093;
33,Walking,77148828,-1.1670,0.8057,11.5796;
33,Walking,77199828,-2.0776,0.0244,10.8252;
33,Walking,77250828,-3.3423,-1.4502,11.3159;
33,Walking,77301828,-2.8687,0.0781,11.3452;
33,Walking,77352828,-1.7285,1.2085,11.1865;
33,Walking,77403828,-1.8970,0.6372,11.9580;
33,Walking,77454828,-1.9263,1.0498,11.7651;
33,Walking,77505828,-2.1948,1.3428,11.7969;
33,Walking,77556828,-1.8311,0.4565,11.2988;
33,Walking,77607828,-2.1997,-0.2026,11.8774;
33,Walking,77658828,-1.7090,-0.5811,11.7285;
33,Walking,77709828,-1.4014,-0.7739,11.3550;
33,Walking,77760828,-1.3281,-0.7275,11.3306;
33,Walking,77811828,-1.8213,-1.2402,10.8203;
33,Walking,77862828,-2.2510,-0.1245,11.8481;
33,Walking,77913828,-2.5586,4.3457,15.5273;
33,Walking,77964828,0.8618,2.7441,12.9956;
33,Walking,78015828,-0.6104,0.7715,11.6553;
33,Walking,78066828,-0.5566,2.3413,12.3340;
33,Walking,78117828,0.6934,2.5391,11.6992;
33,Walking,78168828,-0.6958,1.5698,11.2695;
33,Walking,78219828,0.5640,-0.1953,11.0449;
33,Walking,78270828,0.1636,0.8276,10.9961;
33,Walking,78321828,-0.0195,-0.5200,9.5801;
33,Walking,78372828,-0.8154,-1.8872,10.8740;
33,Walking,78423828,-0.9473,-0.3369,10.4883;
33,Walking,78474828,2.6123,0.4053,11.9653;
33,Walking,78525828,2.0190,-2.4561,12.4561;
33,Walking,78576828,1.9702,-1.7017,11.8799;
33,Walking,78627828,1.0718,-0.2490,11.4941;
33,Walking,78678828,1.3330,-0.7593,12.8833;
33,Walking,78729828,-2.5024,-5.1709,13.2227;
33,Walking,78780828,-2.1973,2.7661,9.8926;
33,Walking,78831828,0.8325,6.8457,10.4883;
33,Walking,78882828,-2.0532,-0.0171,12.6733;
33,Walking,78933828,-2.4902,-1.3062,9.9292;
33,Walking,78984828,-1.8774,-0.7861,12.0972;
33,Walking,79035828,-1.3721,0.4443,11.9604;
33,Walking,79086828,-3.3423,0.2808,10.7959;
33,Walking,79137828,-3.2935,-0.1929,11.0010;
33,Walking,79188828,-1.7749,0.3638,11.9385;
33,Walking,79239828,-1.6772,0.7275,11.7529;
33,Walking,79290828,-1.9507,0.9497,11.5112;
33,Walking,79341828,-1.8848,0.4956,12.0386;
33,Walking,79392828,-1.7749,-0.1318,11.9385;
33,Walking,79443828,-1.1597,-1.0547,11.4722;
33,Walking,79494828,-1.8457,-0.3442,11.2720;
33,Walking,79545828,-2.1948,0.0903,11.3403;
33,Walking,79596828,-2.4414,-0.1489,11.9946;
33,Walking,79647828,-3.6255,0.3857,13.0249;
33,Walking,79698828,-2.3999,0.9961,11.7017;
33,Walking,79749828,-1.9434,1.6162,11.8311;
33,Walking,79800828,2.7539,2.6978,12.6392;
33,Walking,79851828,-0.4736,-0.5811,12.1558;
33,Walking,79902828,-0.1929,0.3979,12.2852;
33,Walking,79953828,-3.2520,4.3799,12.8345;
33,Walking,80004828,-0.8276,3.0811,10.8130;
33,Walking,80055828,-0.6958,-1.2695,10.4346;
33,Walking,80106828,-0.0562,0.2710,10.5957;
33,Walking,80157828,-0.2075,0.1904,9.7144;
33,Walking,80208828,-1.7554,0.0122,9.0112;
33,Walking,80259828,2.0850,0.0513,12.5854;
33,Walking,80310828,1.6211,-3.9502,13.2129;
33,Walking,80361828,3.2202,-1.3574,12.5757;
33,Walking,80412828,1.3013,-0.1562,11.0522;
33,Walking,80463828,1.9458,-3.7231,15.0146;
33,Walking,80514828,-3.7988,-5.3735,9.0405;
33,Walking,80565828,-3.4155,8.8306,8.1055;
33,Walking,80616828,-2.8979,4.7852,15.4077;
33,Walking,80667829,-1.9751,-0.8887,10.2490;
33,Walking,80718828,-2.7124,-0.5835,10.8911;
33,Walking,80769828,-2.4683,-1.0913,11.7310;
33,Walking,80820828,-2.3291,-0.8716,10.8911;
33,Walking,80871828,-2.3779,1.2036,11.3672;
33,Walking,80922828,-1.7505,0.7202,11.8896;
33,Walking,80973828,-2.1680,0.8105,11.8237;
33,Walking,81024828,-2.6001,0.6152,11.6260;
33,Walking,81075828,-2.1997,0.1709,11.4941;
33,Walking,81126828,-1.9067,0.1294,11.5259;
33,Walking,81177828,-1.2183,1.4771,11.4063;
33,Walking,81228828,-2.6025,-0.0024,11.5771;
33,Walking,81279842,-2.5854,0.0513,11.1670;
33,Walking,81330828,-2.6465,-0.0024,11.3794;
33,Walking,81381828,-1.9653,-0.6763,11.8262;
33,Walking,81432828,-1.9312,-1.8481,13.1543;
33,Walking,81483828,-1.3989,1.3184,11.2500;
33,Walking,81534828,0.1636,2.0874,10.8325;
33,Walking,81585828,0.6348,1.4893,12.0996;
33,Walking,81636828,1.6650,1.2646,13.1665;
33,Walking,81687828,-5.7129,3.7158,12.7197;
33,Walking,81738828,-2.0850,4.7803,11.7798;
33,Walking,81789828,0.1733,-4.1260,9.8462;
33,Walking,81840828,-0.3613,0.8252,10.7178;
33,Walking,81891828,-1.2524,2.5171,9.5264;
33,Walking,81942828,-1.5576,0.6445,10.4761;
33,Walking,81993828,2.1729,-0.9155,13.4521;
33,Walking,82044828,2.3828,-4.5923,14.2871;
33,Walking,82095828,1.5869,1.1694,12.0215;
33,Walking,82146828,0.0732,0.8643,9.9316;
33,Walking,82197828,-1.9214,-1.9043,10.1929;
33,Walking,82248828,-1.3843,-1.6479,9.1528;
33,Walking,82299828,-1.9873,-0.7275,10.0635;
33,Walking,82350828,7.1875,-2.6782,19.0234;
33,Walking,82401828,-0.0854,-0.9595,10.6348;
33,Walking,82452828,-1.2036,6.6016,7.3022;
33,Walking,82503828,-3.8916,3.7964,11.7188;
33,Walking,82554828,-2.8857,1.3354,11.3770;
33,Walking,82605828,-1.9141,-1.7749,12.1973;
33,Walking,82656828,-2.8687,-2.7661,11.4038;
33,Walking,82707828,-1.1377,0.5713,10.7837;
33,Walking,82758828,-2.8589,1.8262,11.8237;
33,Walking,82809828,-2.0923,1.5747,11.1475;
33,Walking,82860828,-2.4829,1.4575,11.7944;
33,Walking,82911828,-2.5195,0.9790,11.0352;
33,Walking,82962828,-2.2803,0.2783,11.8701;
33,Walking,83013828,-2.2925,0.6128,11.2915;
33,Walking,83064828,-1.8042,0.5884,11.8701;
33,Walking,83115828,-1.5454,-0.2393,12.4194;
33,Walking,83166828,-1.2866,-0.8838,11.1035;
33,Walking,83217828,-1.7407,-2.0898,12.4561;
33,Walking,83268828,-1.8018,-1.0645,12.7051;
33,Walking,83319828,0.5103,5.4492,12.5488;
33,Walking,83370828,2.3730,2.5488,11.3647;
33,Walking,83421828,-1.3208,1.9995,13.3228;
33,Walking,83472828,-5.1025,5.6274,14.4043;
33,Walking,83523828,2.3364,-1.8945,11.0181;
33,Walking,83574828,-1.3501,-1.1182,10.4248;
33,Walking,83625828,-0.2588,1.3843,9.1431;
33,Walking,83676828,-1.7358,-0.7617,7.2852;
33,Walking,83727828,-0.7104,2.3755,10.9204;
33,Walking,83778828,2.6538,-1.0400,15.4175;
33,Walking,83829828,5.3931,-7.2339,13.9648;
33,Walking,83880828,-0.2246,5.0317,18.0811;
33,Walking,83931828,-0.6421,1.6748,12.0776;
33,Walking,83982828,-4.9146,1.0840,6.7139;
33,Walking,84033828,-3.3203,1.2744,13.4351;
33,Walking,84084828,-0.3931,0.4126,10.8130;
33,Walking,84135828,-1.7188,0.9131,10.2612;
33,Walking,84186828,-2.6489,1.4526,11.3013;
33,Walking,84237828,-2.4731,0.0317,11.3257;
33,Walking,84288828,-2.5757,-0.1636,11.3867;
33,Walking,84339828,-2.0044,-0.1611,11.5894;
33,Walking,84390828,-1.7432,0.5176,11.9751;
33,Walking,84441828,-1.8872,0.5591,11.9482;
33,Walking,84492828,-1.5527,0.0391,11.6016;
33,Walking,84543828,-1.9897,0.6763,11.3696;
33,Walking,84594828,-1.9702,0.3247,11.2598;
33,Walking,84645828,-2.2388,0.0024,11.3110;
33,Walking,84696828,-2.8149,0.5005,11.4063;
33,Walking,84747828,-2.2974,1.5601,11.1865;
33,Walking,84798828,-1.7432,-0.1904,12.6782;
33,Walking,84849828,-1.9238,-0.6421,12.2314;
33,Walking,84900828,-1.4990,1.1499,10.8521;
33,Walking,84951828,0.1538,0.8936,12.1240;
33,Walking,85002828,1.9287,0.8813,13.3960;
33,Walking,85053828,0.7935,-0.1343,13.7695;
33,Walking,85104828,-4.5068,5.2563,12.9614;
33,Walking,85155828,-0.4492,3.0469,10.5420;
33,Walking,85206828,-2.0264,-2.6147,10.2783;
33,Walking,85257828,-0.1514,0.8130,9.5605;
33,Walking,85308828,-0.4346,-0.0220,9.0942;
33,Walking,85359828,-1.3867,-0.1733,11.0376;
33,Walking,85410828,1.8872,0.1733,12.6465;
33,Walking,85461828,1.9824,-4.1943,13.5669;
33,Walking,85512828,2.7295,-1.1768,12.9614;
33,Walking,85563828,1.7700,0.5444,10.0513;
33,Walking,85614828,-3.0127,0.6812,17.6782;
33,Walking,85665828,0.2344,-8.4180,14.8145;
33,Walking,85716828,-6.0425,6.0913,7.6147;
33,Walking,85767828,0.2368,6.0547,10.2124;
33,Walking,85818828,-2.6636,1.0352,11.2915;
33,Walking,85869828,-2.4170,-0.3271,9.3213;
33,Walking,85920828,-3.0737,-1.4233,12.1558;
33,Walking,85971828,-1.7432,-0.8057,10.9497;
33,Walking,86022828,-2.4854,1.2915,11.5259;
33,Walking,86073828,-1.6724,0.9814,11.9360;
33,Walking,86124828,-2.1338,1.1304,11.6602;
33,Walking,86175828,-1.7969,0.4785,11.9580;
33,Walking,86226828,-1.7944,0.1294,11.6968;
33,Walking,86277828,-1.9824,0.4248,11.4258;
33,Walking,86328828,-1.8823,0.9302,11.3013;
33,Walking,86379828,-1.9897,0.4834,11.5576;
33,Walking,86430828,-2.1582,0.2637,11.7969;
33,Walking,86481828,-2.0972,0.3491,11.6357;
33,Walking,86532828,-2.3145,-0.2930,12.7979;
33,Walking,86583828,-1.6382,0.0977,12.2778;
33,Walking,86634828,-1.2817,0.8960,11.5356;
33,Walking,86685828,0.7764,1.4429,13.0811;
33,Walking,86736828,5.1978,-0.0610,13.9331;
33,Walking,86787828,-1.9385,2.4414,13.8940;
33,Walking,86838828,-4.1870,5.7861,11.9141;
33,Walking,86889828,-0.7446,-2.6685,9.4922;
33,Walking,86940828,1.9141,-3.7793,11.9238;
33,Walking,86991828,-0.8960,2.5366,8.2617;
33,Walking,87042828,-1.2671,1.8701,7.6733;
33,Walking,87093828,2.5317,0.6836,11.8066;
33,Walking,87144828,-0.7397,-5.7812,14.6826;
33,Walking,87195828,4.0991,-3.4863,13.1836;
33,Walking,87246828,1.3086,0.4370,12.4536;
33,Walking,87297828,-2.3193,-2.8516,10.9888;
33,Walking,87348828,2.6001,3.4399,11.8457;
33,Walking,87399828,-1.9678,6.2793,10.0195;
33,Walking,87450828,-2.7588,4.3848,11.7725;
33,Walking,87501828,-2.8369,0.1758,9.7925;
33,Walking,87552828,-4.3726,-2.7173,13.2593;
33,Walking,87603828,0.0439,-2.9932,10.6372;
33,Walking,87654828,-2.3047,1.6431,10.8350;
33,Walking,87705828,-2.7783,2.1899,11.5015;
33,Walking,87756828,-2.1558,1.8311,11.8091;
33,Walking,87807828,-2.0190,1.1768,11.7749;
33,Walking,87858828,-1.4746,0.2148,11.5479;
33,Walking,87909828,-1.4941,-0.3833,11.1743;
33,Walking,87960828,-2.4365,0.9399,11.2695;
33,Walking,88011828,-2.6978,1.5869,11.6040;
33,Walking,88062828,-2.0654,0.2368,11.6870;
33,Walking,88113828,-2.4463,-0.6567,12.4414;
33,Walking,88164828,-2.2974,-0.9937,12.7612;
33,Walking,88215828,-1.3354,0.0854,10.8374;
33,Walking,88266828,0.3833,1.6968,12.4292;
33,Walking,88317828,1.7871,1.7651,13.1763;
33,Walking,88368828,0.8398,0.7349,13.0762;
33,Walking,88419828,-4.1870,3.5742,12.7319;
33,Walking,88470828,-3.5547,3.5742,11.0815;
33,Walking,88521828,1.1060,-3.3154,10.6299;
33,Walking,88572828,0.5713,0.8740,10.3442;
33,Walking,88623828,-1.5137,1.5186,8.8232;
33,Walking,88674828,-0.5176,-0.1294,10.2100;
33,Walking,88725828,1.2891,-0.3418,11.1255;
33,Walking,88776828,1.3916,-8.6938,16.1157;
33,Walking,88827828,2.6807,-1.6089,11.6724;
33,Walking,88878828,0.6006,2.0703,9.4507;
33,Walking,88929828,-3.1714,1.6772,14.9756;
33,Walking,88980828,0.7129,-11.8652,15.8325;
33,Walking,89031847,-4.2261,5.0977,9.3140;
33,Walking,89082828,-2.9419,4.2651,10.2734;
33,Walking,89133828,-1.9971,2.8882,10.0977;
33,Walking,89184828,-3.3179,0.6714,11.2305;
33,Walking,89235828,-2.7905,-0.7495,12.3096;
33,Walking,89286828,-1.3159,-1.3330,10.8496;
33,Walking,89337828,-2.9004,-1.4063,11.9165;
33,Walking,89388828,-0.9106,1.7798,11.4502;
33,Walking,89439828,-2.3706,1.4038,11.7114;
33,Walking,89490828,-2.1265,0.6226,11.7529;
33,Walking,89541828,-1.8115,0.5566,11.7773;
33,Walking,89592828,-1.5796,0.4443,11.3062;
33,Walking,89643828,-2.0166,0.9741,11.3477;
33,Walking,89694828,-2.2852,0.8398,11.4014;
33,Walking,89745828,-2.1973,0.1440,11.6089;
33,Walking,89796828,-2.7197,0.4858,11.5796;
33,Walking,89847828,-2.5513,-0.6519,13.3276;
33,Walking,89898828,-2.0776,-0.6519,12.0996;
33,Walking,89949828,-1.7603,1.0181,11.3379;
33,Walking,90000828,1.6626,1.1304,12.3193;
33,Walking,90051828,0.5884,-0.5786,12.1069;
33,Walking,90102828,1.5674,0.8154,12.6318;
33,Walking,90153828,-2.2974,2.4683,12.5903;
33,Walking,90204828,-4.4897,4.3652,13.0859;
33,Walking,90255828,1.5259,-0.7959,10.6250;
33,Walking,90306828,-0.7910,-0.1685,11.7578;
33,Walking,90357828,-1.4502,-0.0439,9.1748;
33,Walking,90408828,0.0610,0.3101,9.5923;
33,Walking,90459828,-0.0220,2.3877,10.4443;
33,Walking,90510828,1.9971,-4.3140,14.9048;
33,Walking,90561828,1.6113,-4.9927,13.7524;
33,Walking,90612828,0.6348,1.6479,9.8437;
33,Walking,90663828,-0.7153,1.6357,8.7109;
33,Walking,90714828,-3.7524,-1.8481,18.4448;
33,Walking,90765828,1.6992,-1.5845,11.9873;
33,Walking,90816828,-1.2158,8.7891,9.5972;
33,Walking,90867828,-3.3423,4.1943,12.2266;
33,Walking,90918828,-1.2598,-0.3857,10.1099;
33,Walking,90969828,-2.8052,-2.3926,12.3389;
33,Walking,91020828,-1.5503,-1.5137,11.2720;
33,Walking,91071828,-2.0581,0.6055,11.1304;
33,Walking,91122828,-2.3096,2.2827,12.0898;
33,Walking,91173828,-1.7163,1.0938,10.9912;
33,Walking,91224828,-2.1851,0.4224,12.1436;
33,Walking,91275828,-2.0020,-0.2808,11.6968;
33,Walking,91326828,-1.6650,-0.6519,11.5601;
33,Walking,91377828,-1.9629,0.6006,11.1060;
33,Walking,91428828,-2.4268,0.7861,11.1816;
33,Walking,91479828,-2.0312,-0.1294,11.2695;
33,Walking,91530828,-2.2339,-0.1221,12.2729;
33,Walking,91581828,-3.2666,0.2100,12.1094;
33,Walking,91632829,-2.6196,0.8081,12.0557;
33,Walking,91683828,-1.9409,1.6553,11.6602;
33,Walking,91734828,1.4917,0.4150,12.5049;
33,Walking,91785828,0.4736,-0.8765,12.5220;
33,Walking,91836828,0.6787,1.7456,13.4839;
33,Walking,91887828,-4.6167,4.4604,13.2324;
33,Walking,91938828,-1.8628,1.2891,10.6494;
33,Walking,91989828,0.0195,-1.8335,11.0791;
33,Walking,92040828,-0.8569,0.0903,10.4858;
33,Walking,92091828,-0.5908,0.9155,9.4482;
33,Walking,92142828,-1.2183,0.0684,8.8916;
33,Walking,92193828,0.1465,0.9937,11.1328;
33,Walking,92244828,2.0776,-4.0601,14.2139;
33,Walking,92295828,3.3179,-6.4478,15.6274;
33,Walking,92346828,1.1475,-0.2759,10.1172;
33,Walking,92397828,-1.0547,2.1216,8.8916;
33,Walking,92448828,-2.5537,-2.3633,13.8745;
33,Walking,92499828,5.3638,-2.5415,14.3921;
33,Walking,92550828,-0.3442,7.1851,9.5142;
33,Walking,92601828,-1.8384,5.3101,10.9375;
33,Walking,92652828,-1.9482,0.0464,10.2173;
33,Walking,92703828,-2.6782,-4.0186,13.3252;
33,Walking,92754828,-0.4321,-0.6299,11.2598;
33,Walking,92805828,-3.0469,-0.0635,10.0732;
33,Walking,92856828,-2.3389,1.6479,11.8164;
33,Walking,92907828,-2.4316,1.3281,11.4722;
33,Walking,92958828,-1.8384,1.2256,11.7529;
33,Walking,93009828,-2.0630,0.5933,11.7480;
33,Walking,93060828,-1.6479,-0.0610,11.4502;
33,Walking,93111828,-1.6724,0.1880,11.4844;
33,Walking,93162828,-1.6357,0.9155,11.4331;
33,Walking,93213828,-1.8188,0.8228,11.5723;
33,Walking,93264828,-1.6357,-0.0366,11.3818;
33,Walking,93315828,-3.6182,-0.7080,12.7319;
33,Walking,93366828,-2.3120,-0.0610,12.1045;
33,Walking,93417828,-1.3232,1.5527,10.9448;
33,Walking,93468828,2.9443,2.5122,12.6904;
33,Walking,93519828,2.0361,0.2026,13.0981;
33,Walking,93570828,-2.2607,2.7588,12.9395;
33,Walking,93621828,-4.7949,4.1821,11.8872;
33,Walking,93672828,1.1475,-1.2524,11.1450;
33,Walking,93723828,-0.3149,-0.6836,10.9863;
33,Walking,93774828,-0.2759,1.1914,10.2832;
33,Walking,93825828,-0.7935,1.3232,9.4824;
33,Walking,93876828,-1.2939,-0.3223,10.1904;
33,Walking,93927828,0.9814,-0.4272,11.2817;
33,Walking,93978828,2.6221,-5.8789,14.4995;
33,Walking,94029828,1.5649,-2.1240,12.5830;
33,Walking,94080828,0.5054,-0.0806,10.4688;
33,Walking,94131828,-0.7153,-1.0669,19.6680;
33,Walking,94182828,-1.2549,-3.7524,7.0703;
33,Walking,94233828,-2.7124,10.5249,8.7500;
33,Walking,94284828,-2.7173,4.7852,14.4727;
33,Walking,94335828,-1.7163,-2.6904,11.2134;
33,Walking,94386828,-2.4927,-2.7271,11.8604;
33,Walking,94437828,-1.3257,0.5322,11.2769;
33,Walking,94488828,-2.4634,2.5708,10.4932;
33,Walking,94539828,-2.5049,1.2061,11.4575;
33,Walking,94590828,-2.2485,0.0537,11.6211;
33,Walking,94641828,-2.4536,-0.1343,11.8311;
33,Walking,94692828,-2.6025,0.0391,11.6553;
33,Walking,94743828,-1.7407,0.4712,11.7407;
33,Walking,94794828,-1.3501,0.6982,11.3647;
33,Walking,94845828,-1.4966,0.9253,11.9556;
33,Walking,94896828,-1.6089,0.4468,11.0767;
33,Walking,94947828,-2.3853,0.3955,11.5869;
33,Walking,94998828,-2.3828,0.4883,11.3159;
33,Walking,95049828,-2.5806,1.1865,11.3599;
33,Walking,95100828,-1.9775,0.3198,13.8452;
33,Walking,95151828,-1.6846,-0.2393,12.8882;
33,Walking,95202828,-1.8433,0.7764,11.1914;
33,Walking,95253828,-1.0889,0.9082,10.2319;
33,Walking,95304828,-1.1938,0.3442,11.5356;
33,Walking,95355828,1.2964,1.6357,12.5391;
33,Walking,95406828,2.1704,-0.2563,13.6890;
33,Walking,95457828,-0.7886,0.8057,14.1577;
33,Walking,95508828,-5.2710,7.1045,11.4697;
33,Walking,95559828,-0.5591,-0.9814,10.2002;
33,Walking,95610828,-0.9131,-1.3110,11.1108;
33,Walking,95661828,-0.4370,0.8667,9.4775;
33,Walking,95712828,-1.8750,-1.2524,9.2676;
33,Walking,95763828,-0.6226,0.0000,12.1948;
33,Walking,95814828,1.1133,-1.2036,11.8359;
33,Walking,95865828,1.5210,-2.2827,12.8174;
33,Walking,95916828,1.5259,-2.2021,11.8506;
33,Walking,95967828,-0.2051,-1.8555,10.5957;
33,Walking,96018828,-3.1396,-0.2271,13.3667;
33,Walking,96069828,4.2749,-0.3760,17.1362;
33,Walking,96120828,-1.6772,3.2886,8.4497;
33,Walking,96171828,-2.8394,6.0034,9.8340;
33,Walking,96222828,-2.7246,2.0703,11.9360;
33,Walking,96273828,-3.2056,-2.6099,11.5967;
33,Walking,96324828,-0.8838,-0.3418,10.8618;
33,Walking,96375828,-1.4063,1.4038,12.1948;
33,Walking,96426828,-2.8833,-0.0586,10.6104;
33,Walking,96477828,-1.7944,-0.0098,11.5674;
33,Walking,96528828,-1.8115,0.6445,11.6382;
33,Walking,96579828,-2.5220,0.9082,11.6650;
33,Walking,96630828,-1.9189,0.5884,11.6992;
33,Walking,96681828,-1.8481,0.3369,11.6919;
33,Walking,96732828,-1.7114,0.3101,11.4893;
33,Walking,96783828,-1.7139,0.3955,11.8457;
33,Walking,96834828,-1.5210,0.3320,11.2524;
33,Walking,96885828,-1.8140,-0.0439,11.2939;
33,Walking,96936828,-2.3267,-0.6079,12.0898;
33,Walking,96987828,-3.3887,-0.4004,12.7515;
33,Walking,97038828,-1.7554,1.4893,11.3208;
33,Walking,97089828,-0.0952,3.2373,12.4463;
33,Walking,97140828,3.6328,1.9507,13.5767;
33,Walking,97191828,-2.1143,2.0337,12.8369;
33,Walking,97242828,-0.4175,2.1558,11.3281;
33,Walking,97293828,-2.3022,2.3804,11.9971;
33,Walking,97344828,0.4492,-1.4355,10.7764;
33,Walking,97395828,-0.1904,0.0415,10.7227;
33,Walking,97446828,-0.1392,2.2998,9.7949;
33,Walking,97497828,-1.0815,-0.5981,11.1035;
33,Walking,97548828,0.9058,-4.0503,12.8516;
33,Walking,97599828,1.6260,0.5127,13.0884;
33,Walking,97650828,1.0693,1.0791,11.0107;
33,Walking,97701828,0.4810,0.1074,10.4224;
33,Walking,97752828,-0.4004,-1.9214,11.2817;
33,Walking,97803828,0.4370,-0.7520,11.2695;
33,Walking,97854828,-0.5322,0.5054,11.0352;
33,Walking,97905828,1.3574,-0.3638,14.2578;
33,Walking,97956828,1.6870,-1.7017,14.9683;
33,Walking,98007828,-2.2974,2.5000,8.6133;
33,Walking,98058828,0.1538,5.5103,11.3892;
33,Walking,98109828,-1.0913,-0.0171,12.3462;
33,Walking,98160828,-2.2021,-0.8594,10.1440;
33,Walking,98211828,-2.4194,0.7690,12.1387;
33,Walking,98262828,-3.0713,1.5161,10.9717;
33,Walking,98313828,-3.0713,0.3271,10.8105;
33,Walking,98364828,-2.3706,0.3198,11.5381;
33,Walking,98415828,-1.8506,1.2158,11.9360;
33,Walking,98466828,-2.2314,0.6177,11.1621;
33,Walking,98517828,-2.6147,0.0391,11.4868;
33,Walking,98568828,-2.4707,0.1538,11.7603;
33,Walking,98619828,-1.8945,0.4517,11.5381;
33,Walking,98670828,-2.2485,0.1636,11.3452;
33,Walking,98721828,-2.2583,0.3882,11.6870;
33,Walking,98772828,-2.0874,0.7251,11.5161;
33,Walking,98823828,-1.8774,-0.0635,11.2451;
33,Walking,98874828,-2.3291,-0.4932,11.5161;
33,Walking,98925828,-2.3071,0.6274,11.9922;
33,Walking,98976828,-1.5771,0.6616,10.7739;
33,Walking,99027828,-2.1021,0.2075,13.3057;
33,Walking,99078828,-1.6553,0.9033,11.2891;
33,Walking,99129828,-1.0156,0.6689,10.6519;
33,Walking,99180828,-0.9302,0.2246,12.1875;
33,Walking,99231828,2.6294,1.4478,13.0029;
33,Walking,99282828,0.2466,2.6050,14.1309;
33,Walking,99333828,-3.8232,4.9316,12.0166;
33,Walking,99384828,0.0757,-0.0635,11.6895;
33,Walking,99435828,-0.7715,-0.6567,10.9253;
33,Walking,99486828,-0.0439,-0.9399,10.2417;
33,Walking,99537828,-1.2915,-1.2329,9.1919;
33,Walking,99588828,0.3101,1.0083,10.7886;
33,Walking,99639828,0.8667,1.1890,11.0303;
33,Walking,99690828,1.7871,-6.9092,13.6157;
33,Walking,99741828,2.9663,-1.1328,13.0957;
33,Walking,99792828,1.0620,1.5698,10.5811;
33,Walking,99843828,-1.7505,1.7090,15.2637;
33,Walking,99894828,5.0049,-4.9683,17.4292;
33,Walking,99945828,-3.4741,3.9893,7.9126;
33,Walking,99996828,-2.1216,5.0977,9.6265;
33,Walking,100047828,-3.0176,0.6470,12.4731;
33,Walking,100098828,-1.6870,-1.6821,10.3613;
33,Walking,100149828,-2.5464,-1.3257,10.9888;
33,Walking,100200828,-2.1973,-0.9619,11.1768;
33,Walking,100251828,-2.5977,1.4233,11.9287;
33,Walking,100302828,-1.8872,0.9839,11.3306;
33,Walking,100353828,-1.4087,1.0352,11.7480;
33,Walking,100404828,-2.2632,0.4492,11.6040;
33,Walking,100455828,-2.1826,-0.0854,11.4893;
33,Walking,100506828,-1.7236,-0.0220,11.5063;
33,Walking,100557828,-1.6724,0.6396,11.7065;
33,Walking,100608828,-1.3916,0.1978,11.3013;
33,Walking,100659828,-1.7920,-0.1733,11.5356;
33,Walking,100710828,-1.8042,-0.4102,10.7935;
33,Walking,100761828,-1.8433,-1.3306,12.3926;
33,Walking,100812828,-2.7954,-0.2246,13.1812;
33,Walking,100863828,-2.4487,3.1323,11.9800;
33,Walking,100914828,0.3442,2.0190,11.7310;
33,Walking,100965828,1.4624,-1.1719,13.1250;
33,Walking,101016828,1.7749,0.7104,12.9150;
33,Walking,101067828,-6.3062,3.8623,11.4990;
33,Walking,101118828,0.2539,1.6602,10.9399;
33,Walking,101169828,-0.8667,-3.3545,9.8975;
33,Walking,101220828,-0.6567,0.9131,10.0293;
33,Walking,101271828,0.3564,0.1904,9.9219;
33,Walking,101322828,-0.3027,0.4590,11.6675;
33,Walking,101373828,1.2988,0.4248,11.4258;
33,Walking,101424828,1.4160,-4.1626,13.3423;
33,Walking,101475828,1.8652,-1.1206,13.1982;
33,Walking,101526828,0.2881,-0.6396,9.0869;
33,Walking,101577828,-1.5527,-0.6079,11.8237;
33,Walking,101628828,5.9351,-5.6982,14.5532;
33,Walking,101679828,-2.0703,4.2627,10.2515;
33,Walking,101730828,-2.2803,6.1914,9.3359;
33,Walking,101781828,-3.8281,1.1011,12.2632;
33,Walking,101832828,-0.3247,-2.7002,11.4185;
33,Walking,101883828,-2.0972,-0.5933,11.4575;
33,Walking,101934828,-1.9385,-0.1953,11.7847;
33,Walking,101985828,-2.6245,0.0244,10.8350;
33,Walking,102036828,-2.3413,0.1270,11.3110;
33,Walking,102087828,-2.2095,0.4712,11.7871;
33,Walking,102138828,-2.4194,1.5869,11.4453;
33,Walking,102189828,-2.2754,1.7261,11.9775;
33,Walking,102240828,-1.5894,0.8350,11.6113;
33,Walking,102291828,-2.0068,0.1123,11.6113;
33,Walking,102342828,-1.2793,0.5933,11.8384;
33,Walking,102393828,-2.3804,0.0000,11.1304;
33,Walking,102444828,-2.5195,-1.1206,13.2300;
33,Walking,102495828,-2.7197,-0.5688,13.2202;
33,Walking,102546828,-1.9189,2.0117,11.3232;
33,Walking,102597828,-0.2148,1.8579,11.7065;
33,Walking,102648828,1.3379,1.7773,12.8540;
33,Walking,102699828,0.3882,1.1401,12.7271;
33,Walking,102750828,-5.1978,2.1118,12.0801;
33,Walking,102801828,-3.5669,2.7026,10.9619;
33,Walking,102852828,1.8359,-1.4209,11.2036;
33,Walking,102903828,-0.6201,0.4517,10.8618;
33,Walking,102954828,-0.1636,-0.1074,9.9561;
33,Walking,103005828,-1.3672,1.5845,10.2222;
33,Walking,103056828,-0.2344,1.3452,10.6494;
33,Walking,103107828,2.6929,-4.0283,13.6475;
33,Walking,103158828,1.8457,-4.1602,13.1396;
33,Walking,103209828,0.8252,-0.7275,10.8838;
33,Walking,103260828,-1.8677,3.0396,16.7310;
33,Walking,103311828,0.3491,-4.5581,14.5703;
33,Walking,103362828,-1.0962,4.2187,7.5073;
33,Walking,103413828,-3.7524,6.4941,9.9341;
33,Walking,103464828,-3.0762,0.9009,12.6904;
33,Walking,103515828,-0.8081,-1.3477,10.4907;
33,Walking,103566828,-2.8320,-0.9717,11.6260;
33,Walking,103617828,-3.2300,-1.5039,11.0571;
33,Walking,103668828,-1.9507,1.5967,11.5771;
33,Walking,103719828,-2.2070,1.8359,11.2891;
33,Walking,103770828,-1.6895,0.9814,12.1655;
33,Walking,103821828,-2.3511,0.1611,11.5991;
33,Walking,103872828,-2.4121,-0.5713,11.6138;
33,Walking,103923828,-1.3208,1.1133,11.1621;
33,Walking,103974828,-1.8701,1.0864,11.6650;
33,Walking,104025828,-2.5830,-0.5664,11.5283;
33,Walking,104076828,-2.6050,-0.8960,11.9751;
33,Walking,104127828,-2.7051,-0.6201,12.5757;
33,Walking,104178828,-2.3560,0.9229,11.9482;
33,Walking,104229828,-0.9644,2.8101,11.7896;
33,Walking,104280828,-0.4956,1.3477,11.2988;
33,Walking,104331828,-1.2231,-0.3979,11.5820;
33,Walking,104382828,-0.5249,1.1206,11.9653;
33,Walking,104433828,0.8618,2.8516,12.6685;
33,Walking,104484828,-3.0811,1.5112,11.5527;
33,Walking,104535828,-1.1377,0.7935,11.8384;
33,Walking,104586828,-0.7935,-0.1392,11.0742;
33,Walking,104637828,-1.2012,-0.2979,10.9985;
33,Walking,104688828,-0.6519,0.7251,10.6348;
33,Walking,104739828,-0.1587,0.0562,10.9204;
33,Walking,104790828,-0.3345,2.6123,10.9497;
33,Walking,104841828,1.3403,-1.2256,12.1143;
33,Walking,104892828,0.8960,-3.2275,12.9028;
33,Walking,104943828,-0.4370,-1.5332,11.5454;
33,Walking,104994828,-0.2051,-0.7910,10.8545;
33,Walking,105045828,-0.3735,-0.8447,10.7056;
33,Walking,105096828,-3.1348,0.0220,16.6626;
33,Walking,105147828,1.7993,1.5503,14.1260;
33,Walking,105198828,-0.9595,-1.2939,9.5093;
33,Walking,105249828,-2.0557,5.6226,9.8682;
33,Walking,105300828,-4.0283,2.4243,12.8979;
33,Walking,105351828,0.8984,-4.2773,11.5210;
33,Walking,105402828,-1.0059,-0.5420,10.6616;
33,Walking,105453828,-0.9790,1.7993,12.4878;
33,Walking,105504828,-2.2168,1.1865,11.3867;
33,Walking,105555828,-2.4243,0.4980,11.1230;