33,Walking,10703952,-1.3257,-0.2490,10.7886;
33,Walking,10764833,-1.0596,0.3809,12.0410;
33,Walking,10815837,-1.2720,0.9448,11.7041;
33,Walking,10866820,0.0122,1.9043,11.0767;
33,Walking,10917819,-0.5127,2.3218,9.9658;
33,Walking,10968819,-0.1880,0.5811,10.8325;
33,Walking,11019819,0.8813,-1.0474,11.2500;
33,Walking,11070819,1.3623,-3.0786,13.0615;
33,Walking,11121819,0.3418,-3.6230,12.2339;
33,Walking,11172819,-0.2881,0.6982,10.1392;
33,Walking,11223819,-2.8345,3.4351,17.2607;
33,Walking,11274819,5.5786,-1.1768,18.3032;
33,Walking,11325819,-2.9761,-0.4004,7.3071;
33,Walking,11376819,-2.4707,6.0303,10.5176;
33,Walking,11427819,-2.1753,4.5166,11.8140;
33,Walking,11478819,-0.6152,-1.3159,10.5103;
33,Walking,11529819,-1.9214,-0.8960,12.2485;
33,Walking,11580819,-3.1567,-0.6494,11.2573;
33,Walking,11631819,-2.5610,-0.1611,11.4063;
33,Walking,11682819,-2.2754,-0.1416,11.6040;
33,Walking,11733819,-1.0840,1.4941,11.4600;
33,Walking,11784819,-2.5269,1.3843,11.3647;
33,Walking,11835819,-3.1885,0.8667,11.4526;
33,Walking,11886819,-2.5171,0.3198,11.3965;
33,Walking,11937819,-0.6226,1.0156,11.6138;
33,Walking,11988819,-2.0923,2.8247,11.1108;
33,Walking,12039819,-4.1602,0.8228,10.9277;
33,Walking,12090819,-3.0811,-0.8911,11.1816;
33,Walking,12141819,-2.2681,-1.3062,12.5244;
33,Walking,12192819,-2.9346,2.3730,11.7456;
33,Walking,12243819,-1.7139,3.4937,11.8506;
33,Walking,12294819,-0.4150,0.8301,12.0337;
33,Walking,12345819,-0.0928,-1.5405,12.1558;
33,Walking,12396819,0.6348,-0.2002,12.3901;
33,Walking,12447819,-2.0728,3.1860,13.7109;
33,Walking,12498819,-6.2524,3.4570,11.6675;
33,Walking,12549819,2.1875,-2.0850,11.3403;
33,Walking,12600819,-0.6055,0.0732,10.8472;
33,Walking,12651819,-0.5835,0.8594,9.7241;
33,Walking,12702819,-0.7471,0.7666,9.1309;
33,Walking,12753819,-0.4980,1.8701,10.9106;
33,Walking,12804819,2.4048,-0.5054,12.2974;
33,Walking,12855819,2.0312,-7.0972,14.3579;
33,Walking,12906819,1.5259,-2.0972,12.1558;
33,Walking,12957819,-0.5371,1.6724,8.9868;
33,Walking,13008819,-1.6602,1.5430,13.8232;
33,Walking,13059819,3.7891,-6.8726,13.4155;
33,Walking,13110819,-2.3779,5.8472,8.8257;
33,Walking,13161819,-1.4893,5.7422,11.9531;
33,Walking,13212819,-0.7788,-0.9277,10.0854;
33,Walking,13263819,-2.4878,-3.6060,11.7334;
33,Walking,13314819,-1.2109,-0.3247,11.5308;
33,Walking,13365819,-2.0166,1.5137,10.8740;
33,Walking,13416819,-2.7295,1.0034,11.1841;
33,Walking,13467819,-2.2266,1.2109,11.6382;
33,Walking,13518819,-2.1680,1.2476,11.5259;
33,Walking,13569819,-2.3462,1.5332,12.0313;
33,Walking,13620819,-1.5942,0.3906,11.5210;
33,Walking,13671819,-1.4209,-0.2246,11.6895;
33,Walking,13722819,-0.0024,0.7007,11.8604;
33,Walking,13773819,-2.0679,0.5908,11.1597;
33,Walking,13824819,-2.3022,-0.1489,11.3354;
33,Walking,13875819,-2.1826,-0.4419,11.9727;
33,Walking,13926819,-3.5620,-0.3174,13.2544;
33,Walking,13977819,-2.4805,1.6064,12.1729;
33,Walking,14028819,0.6738,3.6157,11.8701;
33,Walking,14079819,1.1499,0.8105,12.9590;
33,Walking,14130819,0.6616,-0.2173,11.8286;
33,Walking,14181819,-1.7871,2.1826,12.5635;
33,Walking,14232819,-4.7070,2.5928,11.4893;
33,Walking,14283819,0.0415,-1.5796,10.9692;
33,Walking,14334819,0.0537,-0.6348,11.3818;
33,Walking,14385819,-0.7495,1.1987,10.6567;
33,Walking,14436819,-0.6641,1.0938,9.5825;
33,Walking,14487819,-0.4468,1.2183,10.1611;
33,Walking,14538819,1.6211,0.9644,11.4038;
33,Walking,14589819,1.4966,-4.7998,13.6646;
33,Walking,14640819,1.4624,-4.0381,13.4253;
33,Walking,14691819,0.2905,0.0269,10.1831;
33,Walking,14742819,-1.2817,2.1777,15.2563;
33,Walking,14793819,3.4058,-3.7305,13.8354;
33,Walking,14844819,-2.4609,3.9038,6.2280;
33,Walking,14895819,-1.5918,6.3306,10.7031;
33,Walking,14946819,-1.8652,-1.7725,15.1953;
33,Walking,14997819,-3.2837,-1.8213,8.3276;
33,Walking,15048819,-1.5698,-0.3394,12.4609;
33,Walking,15099819,-1.5234,0.7520,11.7676;
33,Walking,15150819,-3.0542,1.7969,10.3613;
33,Walking,15201819,-2.8394,1.1646,11.7603;
33,Walking,15252819,-2.1094,1.0425,11.2891;
33,Walking,15303819,-2.1777,0.6152,10.5469;
33,Walking,15354819,-2.1777,0.2051,12.2827;
33,Walking,15405819,-1.9897,-0.1660,12.7148;
33,Walking,15456819,0.7910,-1.3013,11.4697;
33,Walking,15507819,0.0586,2.4512,11.1328;
33,Walking,15558819,-2.8564,0.6079,11.1182;
33,Walking,15609819,-3.2007,-0.2246,10.6787;
33,Walking,15660819,-3.9307,-1.0596,12.9688;
33,Walking,15711819,-3.3765,0.9058,12.0459;
33,Walking,15762819,-2.1191,3.3228,11.2354;
33,Walking,15813819,3.8232,3.5425,13.0127;
33,Walking,15864819,-0.1196,-0.6372,12.1509;
33,Walking,15915819,-1.1572,1.4966,12.1558;
33,Walking,15966819,-5.4297,3.4448,11.8506;
33,Walking,16017819,-0.5688,-0.6519,10.5737;
33,Walking,16068819,0.2319,-0.9619,11.4380;
33,Walking,16119819,-0.7153,1.1157,10.3906;
33,Walking,16170819,-0.6641,2.5146,9.3579;
33,Walking,16221819,-1.3818,0.5493,9.7559;
33,Walking,16272819,-1.1670,-1.0449,11.5405;
33,Walking,16323819,1.8604,-4.2920,13.6768;
33,Walking,16374819,1.7505,-4.0186,13.2544;
33,Walking,16425819,0.1465,-1.9922,11.1792;
33,Walking,16476819,-2.0947,0.8911,8.9160;
33,Walking,16527819,-4.6118,3.7109,19.2041;
33,Walking,16578819,7.2461,-2.3267,15.9790;
33,Walking,16629819,-2.0508,3.1519,6.9702;
33,Walking,16680819,-2.6343,4.5483,11.3135;
33,Walking,16731819,-2.8369,1.9580,11.7969;
33,Walking,16782819,-0.2344,-0.9277,10.1465;
33,Walking,16833819,-1.7163,-0.0757,12.9639;
33,Walking,16884819,-3.1543,-0.6812,10.1147;
33,Walking,16935819,-2.5024,-0.3613,10.7983;
33,Walking,16986819,-3.1934,0.7715,12.2681;
33,Walking,17037819,-2.0020,2.4902,11.5674;
33,Walking,17088819,-0.7446,1.5063,11.8848;
33,Walking,17139819,-2.3047,-0.0415,11.6406;
33,Walking,17190819,-2.6660,-0.9668,11.6602;
33,Walking,17241819,-1.4600,0.8276,11.2939;
33,Walking,17292819,-1.5771,2.8442,11.4697;
33,Walking,17343819,-2.6123,0.3711,11.4478;
33,Walking,17394819,-2.6978,-2.3437,13.0298;
33,Walking,17445819,-2.0605,-1.5503,13.1982;
33,Walking,17496819,-0.7104,4.3408,12.7783;
33,Walking,17547819,0.3809,3.2715,11.5771;
33,Walking,17598819,-0.4248,2.2363,11.7798;
33,Walking,17649819,-2.1313,2.5830,12.1777;
33,Walking,17700819,-3.0371,1.8115,11.3184;
33,Walking,17751819,-1.1206,-0.0049,9.9634;
33,Walking,17802819,-0.0732,-0.7568,11.0718;
33,Walking,17853819,0.6958,0.1685,10.7910;
33,Walking,17904819,0.1660,0.9839,10.8545;
33,Walking,17955819,-0.7129,-0.0928,12.4487;
33,Walking,18006819,0.0049,-0.3784,11.0840;
33,Walking,18057819,1.8921,-3.0249,13.2495;
33,Walking,18108819,0.2710,-0.7764,11.4526;
33,Walking,18159819,-1.6235,-1.7896,9.9146;
33,Walking,18210819,-0.8105,-0.6104,10.5371;
33,Walking,18261819,-0.2417,1.1792,10.0659;
33,Walking,18312819,-1.2549,2.3950,16.6016;
33,Walking,18363819,3.0298,0.2222,15.4102;
33,Walking,18414819,-2.7124,0.0049,7.1216;
33,Walking,18465819,-3.5181,1.5503,9.8950;
33,Walking,18516819,-3.0078,0.6567,12.5757;
33,Walking,18567819,-1.0229,-0.4443,10.5542;
33,Walking,18618819,-0.4907,1.3037,12.6123;
33,Walking,18669819,-1.9702,-0.3174,11.2451;
33,Walking,18720819,-2.1826,-0.1758,11.2231;
33,Walking,18771819,-2.2778,0.7959,11.3232;
33,Walking,18822819,-2.3267,1.6504,11.7017;
33,Walking,18873819,-2.0898,1.5845,11.6602;
33,Walking,18924819,-1.7334,0.6152,11.5479;
33,Walking,18975819,-1.6626,0.0293,11.4526;
33,Walking,19026819,-1.7310,1.4648,11.5039;
33,Walking,19077819,-1.4282,2.1216,11.6064;
33,Walking,19128819,-2.3389,0.1318,11.7065;
33,Walking,19179819,-2.3340,-2.4854,11.9507;
33,Walking,19230819,-3.6816,-1.3403,12.3511;
33,Walking,19281819,-0.6250,3.6108,12.5317;
33,Walking,19332819,-0.1465,2.3071,11.9116;
33,Walking,19383819,-0.3394,0.4980,12.1753;
33,Walking,19434819,-1.1279,1.0718,12.1240;
33,Walking,19485819,-2.2461,2.2925,11.7114;
33,Walking,19536819,-1.0962,-0.1807,11.1865;
33,Walking,19587819,-1.1035,-0.4150,11.0474;
33,Walking,19638819,-0.5884,0.5518,11.2500;
33,Walking,19689819,0.2710,1.8799,10.0854;
33,Walking,19740819,-0.9717,1.2329,9.4946;
33,Walking,19791819,0.3735,0.3857,11.1230;
33,Walking,19842819,1.3062,-4.2310,12.5366;
33,Walking,19893819,0.7593,-4.7803,13.3813;
33,Walking,19944819,1.1792,-2.2412,11.2427;
33,Walking,19995819,-2.9224,1.5112,17.9443;
33,Walking,20046819,1.0596,-2.7905,11.9507;
33,Walking,20097819,-1.2451,5.2979,6.3794;
33,Walking,20148819,-2.5317,5.7300,12.0093;
33,Walking,20199819,-1.4526,2.0679,10.1318;
33,Walking,20250819,-3.9478,0.4419,11.9458;
33,Walking,20301819,-2.9590,-1.6528,11.7944;
33,Walking,20352819,-0.5737,-2.5586,11.4966;
33,Walking,20403819,-1.1816,0.8081,11.6797;
33,Walking,20454819,-2.0020,1.7285,11.5137;
33,Walking,20505819,-2.1997,1.7603,11.4160;
33,Walking,20556819,-2.2388,1.4990,11.8921;
33,Walking,20607819,-1.7065,0.6030,11.5112;
33,Walking,20658819,-2.2559,0.2637,11.1572;
33,Walking,20709819,-2.0605,1.5210,11.2793;
33,Walking,20760819,-1.7700,1.2061,11.7114;
33,Walking,20811819,-1.8262,-0.5371,11.5283;
33,Walking,20862819,-2.3926,-1.7798,12.9834;
33,Walking,20913819,-2.7539,-0.5005,11.9141;
33,Walking,20964819,-0.5151,3.0371,12.0386;
33,Walking,21015819,0.1685,2.7368,12.2852;
33,Walking,21066819,0.5859,0.7129,11.9580;
33,Walking,21117819,-3.8428,3.3765,12.4048;
33,Walking,21168819,-0.4858,2.6978,12.8027;
33,Walking,21219819,0.3906,-0.1758,11.0278;
33,Walking,21270819,-1.6870,-0.8984,10.6470;
33,Walking,21321819,-0.1001,-0.0952,10.6641;
33,Walking,21372819,0.2466,-0.2539,9.8169;
33,Walking,21423819,0.0635,0.5200,9.8853;
33,Walking,21474819,-0.5908,0.4346,9.6460;
33,Walking,21525819,1.0718,0.0732,10.6787;
33,Walking,21576819,2.5854,-5.7373,14.7217;
33,Walking,21627819,2.1533,-2.0654,12.4219;
33,Walking,21678819,2.1338,0.9058,16.7700;
33,Walking,21729819,-5.7764,-4.2114,8.3691;
33,Walking,21780819,-1.4990,4.8901,5.7300;
33,Walking,21831819,0.0928,6.5552,14.1724;
33,Walking,21882819,-0.9595,-1.4673,10.3979;
33,Walking,21933819,-4.2700,-2.3657,9.8926;
33,Walking,21984819,-3.1665,-1.3550,11.5820;
33,Walking,22035819,-1.5039,3.1006,10.5688;
33,Walking,22086819,-2.4121,1.5063,11.1865;
33,Walking,22137819,-1.7480,0.9204,12.0508;
33,Walking,22188819,-1.5576,0.3418,11.8213;
33,Walking,22239819,-1.7700,-0.3003,11.7407;
33,Walking,22290819,-1.5430,-0.3809,11.4673;
33,Walking,22341819,-1.4331,0.5713,11.5112;
33,Walking,22392819,-1.1157,1.7236,11.8042;
33,Walking,22443819,-1.3770,0.0513,11.3159;
33,Walking,22494819,-1.9116,-0.0171,11.2500;
33,Walking,22545819,-2.2485,0.2051,11.5967;
33,Walking,22596819,-2.0972,0.2197,10.9863;
33,Walking,22647819,-1.8286,-0.4883,13.9014;
33,Walking,22698819,-2.0874,-0.4370,12.7246;
33,Walking,22749819,-1.2598,1.2817,10.1294;
33,Walking,22800819,3.8354,4.1528,13.5278;
33,Walking,22851819,1.2451,0.6958,12.6636;
33,Walking,22902819,-7.3071,4.3970,12.9395;
33,Walking,22953819,2.1680,-0.8789,12.1777;
33,Walking,23004819,-1.4380,-0.4028,10.6763;
33,Walking,23055819,-1.0254,2.0532,9.7900;
33,Walking,23106819,-0.5103,1.5820,8.5596;
33,Walking,23157819,-0.5884,1.0645,10.2759;
33,Walking,23208819,-0.0049,-0.9521,11.0400;
33,Walking,23259819,2.3462,-4.5728,13.6475;
33,Walking,23310819,2.8784,-2.3218,13.1836;
33,Walking,23361819,1.6040,0.0122,10.0342;
33,Walking,23412819,-0.5176,1.3501,10.5884;
33,Walking,23463819,2.3608,-1.3550,15.5493;
33,Walking,23514819,-2.4194,0.2466,8.9258;
33,Walking,23565819,-2.0630,7.4976,7.6904;
33,Walking,23616819,-2.8271,3.9331,15.5591;
33,Walking,23667819,-2.6611,-2.1240,8.8965;
33,Walking,23718819,-2.1411,0.2832,11.3086;
33,Walking,23769819,-3.2739,0.1562,12.0166;
33,Walking,23820819,-1.3770,0.0928,10.7471;
33,Walking,23871819,-1.6528,1.8091,11.8384;
33,Walking,23922819,-1.4697,0.9961,11.6235;
33,Walking,23973819,-1.9434,0.8716,11.8896;
33,Walking,24024819,-1.7603,0.3687,11.6797;
33,Walking,24075819,-1.5503,-0.1660,11.4893;
33,Walking,24126819,-1.5112,0.5884,11.7505;
33,Walking,24177819,-1.4209,0.7300,11.1255;
33,Walking,24228819,-1.3574,-0.4199,11.3062;
33,Walking,24279819,-1.8506,-1.7212,12.3413;
33,Walking,24330819,-3.7524,0.7861,12.7734;
33,Walking,24381819,-0.9644,4.2871,11.9800;
33,Walking,24432819,1.4453,3.3301,12.4048;
33,Walking,24483819,1.1841,0.4565,12.1680;
33,Walking,24534819,-1.9971,2.4219,12.1069;
33,Walking,24585819,-2.8662,4.0039,11.2256;
33,Walking,24636819,0.7227,-0.7739,10.7788;
33,Walking,24687819,0.5005,0.0928,11.0742;
33,Walking,24738819,0.1733,0.9741,9.7290;
33,Walking,24789819,-1.1963,0.3882,9.4702;
33,Walking,24840819,-1.4258,0.3247,10.1147;
33,Walking,24891819,3.0688,-2.3511,14.5190;
33,Walking,24942819,3.0786,-3.5474,13.1177;
33,Walking,24993819,1.7358,-0.3027,10.4199;
33,Walking,25044819,0.7593,1.4453,12.0996;
33,Walking,25095819,-1.3940,0.0269,15.8838;
33,Walking,25146819,3.7939,-6.5894,9.6191;
33,Walking,25197819,-3.3545,7.5757,9.3237;
33,Walking,25248819,-1.1084,6.1206,12.6611;
33,Walking,25299819,-0.5542,-0.9204,10.1416;
33,Walking,25350819,-1.6821,-1.9507,11.8872;
33,Walking,25401819,-2.0557,-0.6958,11.7261;
33,Walking,25452819,-3.0078,0.7910,10.8032;
33,Walking,25503819,-3.1152,1.4624,10.7178;
33,Walking,25554819,-2.2534,1.2524,11.6577;
33,Walking,25605819,-1.7407,1.4136,11.6699;
33,Walking,25656819,-2.2632,1.0352,11.4893;
33,Walking,25707819,-2.1924,0.2222,11.7334;
33,Walking,25758819,-2.1606,0.2271,11.6455;
33,Walking,25809819,-2.1631,0.7300,11.1890;
33,Walking,25860819,-1.7822,0.6226,11.7041;
33,Walking,25911819,-1.7163,0.2588,11.5479;
33,Walking,25962819,-2.2510,0.2075,11.6211;
33,Walking,26013819,-2.3535,0.7983,11.1719;
33,Walking,26064819,-1.9946,0.3052,12.1655;
33,Walking,26115819,-2.1826,0.0073,12.4756;
33,Walking,26166819,-2.3462,1.4917,11.5649;
33,Walking,26217819,-1.5649,1.6113,10.5176;
33,Walking,26268819,-1.3599,0.7300,11.2646;
33,Walking,26319819,-0.8105,1.7993,11.9458;
33,Walking,26370819,0.0513,0.5737,12.4927;
33,Walking,26421819,2.9517,0.3223,13.4399;
33,Walking,26472819,-2.5610,2.7246,12.9419;
33,Walking,26523819,-1.3452,3.2422,12.0728;
33,Walking,26574819,-2.4683,0.5713,9.9194;
33,Walking,26625819,-1.2329,-0.7568,10.2686;
33,Walking,26676819,-0.2808,0.3906,9.9609;
33,Walking,26727819,-0.6519,-0.8032,10.7397;
33,Walking,26778819,0.9302,-3.1128,12.4194;
33,Walking,26829819,0.5762,-1.6064,11.8823;
33,Walking,26880819,2.1362,-1.0669,14.3066;
33,Walking,26931819,0.4321,-1.2183,15.9595;
33,Walking,26982819,-4.7363,1.4209,6.1475;
33,Walking,27033819,-1.9873,4.6924,10.3320;
33,Walking,27084819,-2.3169,3.9746,12.8003;
33,Walking,27135819,-1.8237,-0.6812,9.9316;
33,Walking,27186819,-1.9189,0.5249,11.7114;
33,Walking,27237819,-2.3169,0.6616,11.6357;
33,Walking,27288819,-1.7725,-0.5981,11.5088;
33,Walking,27339819,-1.5112,-0.6201,11.5210;
33,Walking,27390819,-1.9116,0.3564,11.8384;
33,Walking,27441819,-0.8618,2.5049,12.0313;
33,Walking,27492819,-1.6357,0.7080,11.5796;
33,Walking,27543819,-1.9971,-0.0684,11.7017;
33,Walking,27594819,-2.7295,-0.2979,11.1914;
33,Walking,27645829,-2.4634,0.5054,11.1914;
33,Walking,27696819,-1.0522,2.8125,11.3745;
33,Walking,27747819,-1.6089,-0.0830,11.2817;
33,Walking,27798819,-1.8335,-0.2002,11.9653;
33,Walking,27849819,-2.8003,-0.0269,12.5781;
33,Walking,27900819,-1.8408,0.5688,11.9287;
33,Walking,27951819,-1.2305,1.2866,11.7529;
33,Walking,28002819,-0.6079,2.8296,12.5854;
33,Walking,28053819,-0.2393,2.6611,11.9409;
33,Walking,28104819,-1.4746,0.6763,11.7944;
33,Walking,28155819,-0.2637,1.5649,12.3535;
33,Walking,28206819,-1.9067,1.6382,10.3296;
33,Walking,28257819,1.8286,1.2549,11.7944;
33,Walking,28308819,0.1367,0.3247,11.4819;
33,Walking,28359819,-0.0684,1.0010,10.0488;
33,Walking,28410819,-0.5908,2.2314,9.5093;
33,Walking,28461819,0.3809,-0.3564,10.4932;
33,Walking,28512819,3.2910,-8.7231,15.0488;
33,Walking,28563819,0.4785,-1.4722,11.1548;
33,Walking,28614819,0.3271,1.4771,10.5493;
33,Walking,28665819,0.4517,2.3096,19.1455;
33,Walking,28716819,0.9619,-2.1143,9.0869;
33,Walking,28767819,-3.8647,5.5737,8.0859;
33,Walking,28818819,-2.3145,4.0210,10.9204;
33,Walking,28869819,-3.3984,2.0752,10.5200;
33,Walking,28920819,-1.9141,-0.6958,12.1655;
33,Walking,28971819,-2.5488,-1.3721,11.6846;
33,Walking,29022819,-2.0459,-0.6104,11.4063;
33,Walking,29073819,-2.4023,1.2109,11.5454;
33,Walking,29124819,-2.0190,1.3745,11.6992;
33,Walking,29175819,-2.2070,1.4551,11.6504;
33,Walking,29226819,-2.8247,-0.0146,11.2500;
33,Walking,29277819,-3.2788,-0.0195,11.5186;
33,Walking,29328819,-2.1460,0.6738,11.4966;
33,Walking,29379819,-2.1997,0.8594,11.4624;
33,Walking,29430819,-1.9873,0.8130,11.6675;
33,Walking,29481819,-1.9336,0.3687,11.2476;
33,Walking,29532819,-2.6538,-0.0562,11.3818;
33,Walking,29583819,-2.5073,0.4517,11.2085;
33,Walking,29634819,-1.7554,0.4932,12.6831;
33,Walking,29685819,-1.9629,0.6567,11.3037;
33,Walking,29736819,-1.5527,0.9521,11.3232;
33,Walking,29787819,-1.2573,-0.0317,12.2949;
33,Walking,29838819,1.6895,2.8516,12.7393;
33,Walking,29889819,2.5513,0.5591,12.1582;
33,Walking,29940819,-1.1719,2.0874,15.4224;
33,Walking,29991819,-4.1650,4.9780,12.3584;
33,Walking,30042819,0.2417,-2.4854,10.8325;
33,Walking,30093819,0.3076,1.6943,10.1489;
33,Walking,30144819,-0.9619,1.9141,7.8125;
33,Walking,30195819,-0.3052,1.2451,7.3999;
33,Walking,30246819,1.6162,1.6455,10.8667;
33,Walking,30297819,2.2900,-14.3677,18.3203;
33,Walking,30348819,-0.0146,-3.8696,15.3174;
33,Walking,30399819,-0.6152,3.2495,8.3179;
33,Walking,30450819,-9.1431,3.9697,3.6035;
33,Walking,30501819,-4.3066,4.0479,12.7051;
33,Walking,30552819,-1.7554,1.4990,8.9746;
33,Walking,30603819,-2.2778,1.9702,11.7090;
33,Walking,30654819,-2.2266,1.2939,13.4326;
33,Walking,30705819,-0.8496,-1.2085,11.8433;
33,Walking,30756819,-1.1230,-1.7310,12.0654;
33,Walking,30807819,-0.9863,0.8252,11.2646;
33,Walking,30858819,-2.1533,1.0645,12.0752;
33,Walking,30909819,-2.5439,1.3110,11.0303;
33,Walking,30960819,-2.3730,1.4624,11.3525;
33,Walking,31011819,-2.2217,1.1475,11.6357;
33,Walking,31062819,-1.9922,0.9155,11.3843;
33,Walking,31113819,-2.0801,0.5518,11.6113;
33,Walking,31164819,-1.6870,0.2222,11.5479;
33,Walking,31215819,-1.2793,-0.6348,11.1694;
33,Walking,31266819,-1.5869,-1.9043,13.2031;
33,Walking,31317819,-2.7515,0.4956,12.6196;
33,Walking,31368819,-2.6733,3.7183,10.8618;
33,Walking,31419819,0.6714,3.9404,11.4380;
33,Walking,31470819,1.0352,1.2915,12.0386;
33,Walking,31521819,0.4932,1.3477,13.3032;
33,Walking,31572819,-1.1890,2.1484,12.6733;
33,Walking,31623819,-0.8667,1.0645,10.1880;
33,Walking,31674819,-0.8984,-0.0171,10.4565;
33,Walking,31725819,-0.4468,0.9839,9.7827;
33,Walking,31776819,-1.5039,-0.1318,9.4653;
33,Walking,31827819,-2.4023,-1.9604,11.2524;
33,Walking,31878819,3.5986,-5.3247,15.1367;
33,Walking,31929819,1.0547,-2.8833,13.9600;
33,Walking,31980819,2.9932,0.4419,14.1528;
33,Walking,32031819,-1.9019,0.6250,9.0063;
33,Walking,32082819,-4.7681,-1.0620,10.2563;
33,Walking,32133819,2.3267,0.4053,11.7212;
33,Walking,32184819,-0.9375,1.6333,10.3833;
33,Walking,32235819,-0.1050,0.2148,11.8604;
33,Walking,32286819,0.7739,0.7373,11.2256;
33,Walking,32337819,-0.3931,-0.2490,11.8140;
33,Walking,32388819,2.2876,-4.4727,15.8521;
33,Walking,32439819,-1.7578,-2.5342,10.1123;
33,Walking,32490819,-0.1318,3.1299,11.9116;
33,Walking,32541819,-0.2197,4.6826,11.5259;
33,Walking,32592819,-1.3574,3.0444,11.4331;
33,Walking,32643819,-3.2764,-1.0376,11.0034;
33,Walking,32694819,-1.4600,-1.0962,10.8252;
33,Walking,32745819,-0.2686,2.2339,12.6294;
33,Walking,32796819,-2.0557,1.8091,11.3281;
33,Walking,32847819,-3.0859,0.3687,10.8984;
33,Walking,32898819,-2.4561,-0.1465,11.4526;
33,Walking,32949819,-1.7944,-0.0977,12.3340;
33,Walking,33000819,-2.0386,0.2246,11.3501;
33,Walking,33051819,-2.3633,0.5200,11.8311;
33,Walking,33102819,-1.8237,0.6860,11.6260;
33,Walking,33153819,-1.5649,0.5322,11.4209;
33,Walking,33204819,-1.6895,0.3491,11.6504;
33,Walking,33255819,-1.8652,0.1196,11.3086;
33,Walking,33306819,-2.0703,0.4297,11.5161;
33,Walking,33357819,-1.6602,-0.1855,10.8423;
33,Walking,33408819,-1.9775,-0.5200,13.0054;
33,Walking,33459819,-3.4424,1.3672,12.4048;
33,Walking,33510819,-2.5317,3.0542,11.1230;
33,Walking,33561819,3.4497,6.2451,14.0210;
33,Walking,33612819,-0.5518,2.5220,11.8774;
33,Walking,33663819,-3.9258,2.2656,11.2988;
33,Walking,33714819,5.9546,5.3564,14.6753;
33,Walking,33765819,-1.8945,2.1851,10.8057;
33,Walking,33816819,-1.5015,4.4434,10.5322;
33,Walking,33867819,-0.4028,1.5552,10.7983;
33,Walking,33918819,-1.9604,1.5698,10.4761;
33,Walking,33969819,-0.1196,1.7285,9.9512;
33,Walking,34020819,-0.4663,1.7676,10.2246;
33,Walking,34071819,0.5591,0.1343,10.7690;
33,Walking,34122820,0.5908,-3.6987,13.1519;
33,Walking,34173819,1.0571,-4.9438,11.8848;
33,Walking,34224819,3.0981,-1.3037,19.3970;
33,Walking,34275819,1.5942,0.3345,12.1484;
33,Walking,34326819,-4.1162,5.8887,9.8657;
33,Walking,34377819,-1.4380,7.3682,9.3188;
33,Walking,34428819,-2.7759,1.2769,11.7871;
33,Walking,34479819,-2.8101,-2.2095,12.4268;
33,Walking,34530819,-2.5586,-7.0679,12.1997;
33,Walking,34581819,-2.2290,-3.0493,10.6494;
33,Walking,34632819,-3.0542,3.4546,12.2437;
33,Walking,34683819,-1.8750,2.8809,10.8276;
33,Walking,34734819,-2.3535,3.0981,11.6309;
33,Walking,34785819,-1.5625,1.3257,11.9531;
33,Walking,34836819,-1.7822,0.2368,12.1021;
33,Walking,34887819,-2.1118,-1.4746,12.0728;
33,Walking,34938819,-1.9531,-3.0688,11.5234;
33,Walking,34989819,0.7788,-1.3794,12.3291;
33,Walking,35040819,-0.6030,4.6265,15.6860;
33,Walking,35091819,-2.7246,3.6401,11.7456;
33,Walking,35142819,-0.6470,5.6714,11.0352;
33,Walking,35193819,3.2739,0.3516,11.8896;
33,Walking,35244819,-2.5708,-1.0815,10.7617;
33,Walking,35295819,-0.3882,-0.8887,10.3198;
33,Walking,35346819,0.5957,0.3467,10.6470;
33,Walking,35397819,0.5542,0.8447,9.8169;
33,Walking,35448819,-0.9595,-1.1548,10.2222;
33,Walking,35499819,0.0659,-0.0977,10.8130;
33,Walking,35550819,3.1372,1.0791,11.7603;
33,Walking,35601819,0.8716,-3.1567,13.3228;
33,Walking,35652819,2.7783,-2.9932,11.8018;
33,Walking,35703819,-0.1245,0.1929,19.2578;
33,Walking,35754819,2.2290,-0.1050,13.7305;
33,Walking,35805819,-3.7646,1.3892,7.7222;
33,Walking,35856819,-3.0737,4.8267,12.3804;
33,Walking,35907819,-0.7837,3.1592,9.9707;
33,Walking,35958819,-2.0068,0.8081,10.9253;
33,Walking,36009819,-2.4683,-0.0488,11.8677;
33,Walking,36060819,-1.7383,-1.8018,11.8652;
33,Walking,36111819,-2.7539,-0.1538,11.4258;
33,Walking,36162819,-1.9629,1.0449,11.4551;
33,Walking,36213819,-1.6895,1.3062,11.8872;
33,Walking,36264819,-1.3208,0.6421,11.8750;
33,Walking,36315819,-1.2085,-0.0610,11.6675;
33,Walking,36366819,-2.1484,0.5444,11.0815;
33,Walking,36417819,-2.2998,1.2866,11.3940;
33,Walking,36468819,-1.7847,0.8374,11.4917;
33,Walking,36519819,-1.6479,-0.0098,11.6992;
33,Walking,36570819,-1.9116,-1.6309,13.1104;
33,Walking,36621819,-2.4683,1.0107,12.4341;
33,Walking,36672819,-1.3794,3.0713,12.1387;
33,Walking,36723819,1.1279,1.5161,12.6636;
33,Walking,36774819,1.3330,-1.4844,11.9995;
33,Walking,36825819,-1.2866,2.8784,13.0054;
33,Walking,36876819,-4.1577,3.7354,11.9141;
33,Walking,36927819,0.5566,-2.5269,11.0229;
33,Walking,36978819,-0.1172,0.6519,10.3564;
33,Walking,37029819,-0.5127,1.9946,8.8110;
33,Walking,37080819,-0.8960,1.3940,8.7915;
33,Walking,37131819,-0.3931,1.2354,11.2549;
33,Walking,37182819,5.5884,-5.0342,17.2974;
33,Walking,37233819,1.3354,-4.5020,12.7319;
33,Walking,37284819,-0.5444,2.0825,9.5288;
33,Walking,37335819,-0.9912,0.4077,12.2485;
33,Walking,37386819,2.3535,-6.6064,12.5586;
33,Walking,37437819,-4.7339,8.5278,8.6450;
33,Walking,37488819,-2.4316,5.4224,11.2085;
33,Walking,37539819,-2.0264,0.7471,10.0562;
33,Walking,37590819,-1.5503,0.2344,12.1997;
33,Walking,37641819,-3.1470,-2.9077,12.6367;
33,Walking,37692819,-1.0767,-3.0249,10.3809;
33,Walking,37743819,-2.4707,2.0654,12.2876;
33,Walking,37794819,-2.4487,2.1582,10.8472;
33,Walking,37845819,-2.3364,2.3975,11.6431;
33,Walking,37896819,-1.3208,1.4355,11.8799;
33,Walking,37947819,-1.7944,-0.2344,11.8335;
33,Walking,37998819,-0.4468,-0.6763,11.3379;
33,Walking,38049819,-1.9238,1.7236,11.4575;
33,Walking,38100819,-2.9785,-0.6128,12.7100;
33,Walking,38151819,-3.5718,-0.5957,12.7856;
33,Walking,38202819,-1.1011,1.1987,11.9971;
33,Walking,38253819,-0.0122,0.9521,11.6016;
33,Walking,38304819,1.3477,1.8286,12.6416;
33,Walking,38355819,-0.9985,2.3193,12.3584;
33,Walking,38406819,-4.6851,3.5376,11.3379;
33,Walking,38457819,-2.4951,-0.4590,10.9985;
33,Walking,38508819,1.6846,-1.5381,12.8857;
33,Walking,38559819,-1.0791,1.5625,11.0083;
33,Walking,38610819,-0.7715,2.5586,8.9014;
33,Walking,38661819,-0.4443,2.5293,8.4888;
33,Walking,38712819,-0.5811,2.1802,10.9180;
33,Walking,38763819,4.4434,-6.5503,16.9580;
33,Walking,38814819,2.1729,-6.0547,13.2861;
33,Walking,38865819,0.0513,0.8716,9.2773;
33,Walking,38916819,-2.7026,1.5088,15.5688;
33,Walking,38967819,2.8418,-7.5171,12.5317;
33,Walking,39018819,-2.1631,9.8242,8.1079;
33,Walking,39069819,-2.2266,5.0464,11.2939;
33,Walking,39120819,-2.5024,1.4429,10.5005;
33,Walking,39171819,-0.9790,-0.2417,12.3657;
33,Walking,39222819,-4.0552,-4.2578,11.5356;
33,Walking,39273819,-0.1489,-0.9399,11.2329;
33,Walking,39324819,-3.5962,2.6587,11.7505;
33,Walking,39375819,-2.3608,2.0776,10.4468;
33,Walking,39426819,-1.9897,2.5562,12.2852;
33,Walking,39477819,-1.3013,0.9863,12.0947;
33,Walking,39528819,-2.8101,-1.2988,11.3916;
33,Walking,39579819,-0.0073,0.2759,11.3794;
33,Walking,39630819,-2.6294,0.6689,11.2866;
33,Walking,39681819,-2.1753,-0.7861,12.0215;
33,Walking,39732819,-3.3276,-0.4565,13.3911;
33,Walking,39783819,-2.0459,1.1963,10.9497;
33,Walking,39834819,0.9937,2.7979,12.4316;
33,Walking,39885819,2.3511,2.3657,13.3936;
33,Walking,39936819,-1.1206,2.4414,12.2192;
33,Walking,39987819,-4.3286,2.6807,10.7251;
33,Walking,40038819,-0.1196,-1.5723,11.1084;
33,Walking,40089819,-0.1709,-0.5591,11.2695;
33,Walking,40140819,-0.1025,0.9180,10.7983;
33,Walking,40191819,-0.4785,2.0410,9.7485;
33,Walking,40242819,-0.7397,1.6357,9.2163;
33,Walking,40293819,0.3589,0.6592,11.1621;
33,Walking,40344819,2.1948,-6.5991,15.4028;
33,Walking,40395819,2.9272,-3.3838,14.1260;
33,Walking,40446819,0.6030,1.1255,9.9512;
33,Walking,40497819,-3.4961,2.8833,16.7090;
33,Walking,40548819,1.1670,-3.8062,15.9424;
33,Walking,40599819,-1.5918,4.1895,8.3325;
33,Walking,40650819,-0.4980,8.5181,10.4370;
33,Walking,40701819,-4.7241,2.8247,10.9790;
33,Walking,40752819,-2.5684,0.4248,10.8398;
33,Walking,40803819,-4.2383,-2.8052,12.1143;
33,Walking,40854819,-0.2319,-5.2441,11.6211;
33,Walking,40905819,-1.4795,3.3740,12.2559;
33,Walking,40956819,-1.4673,2.6196,11.5503;
33,Walking,41007819,-2.5488,1.5527,11.6577;
33,Walking,41058819,-1.6626,0.3662,11.9849;
33,Walking,41109819,-1.3599,-0.8813,11.3306;
33,Walking,41160819,-2.0435,-0.5786,11.1938;
33,Walking,41211819,-1.4941,0.8960,11.1646;
33,Walking,41262819,-1.6895,0.5176,11.0864;
33,Walking,41313819,-2.5073,-0.7886,13.3887;
33,Walking,41364819,-2.7197,0.0732,12.0508;
33,Walking,41415819,-1.8408,1.6162,10.9375;
33,Walking,41466819,1.7676,2.7686,12.3853;
33,Walking,41517819,3.0640,0.4443,13.6035;
33,Walking,41568819,-2.4097,1.9019,12.6807;
33,Walking,41619819,-4.0894,3.6499,11.7334;
33,Walking,41670819,0.5493,-3.0322,10.3418;
33,Walking,41721819,-0.7178,-1.7383,11.1548;
33,Walking,41772819,-1.2866,2.4976,9.3628;
33,Walking,41823819,-0.5786,3.1445,8.7646;
33,Walking,41874819,1.1304,1.5747,9.8877;
33,Walking,41925819,3.2861,-1.3696,16.1938;
33,Walking,41976819,2.9321,-7.7808,13.7695;
33,Walking,42027819,2.6489,-1.0376,11.6724;
33,Walking,42078819,-2.5146,1.2305,15.9814;
33,Walking,42129819,-0.7153,-2.6733,8.1836;
33,Walking,42180819,-3.7524,7.2852,10.3052;
33,Walking,42231819,-1.8384,6.2769,12.1021;
33,Walking,42282819,-2.2803,1.0059,9.7949;
33,Walking,42333819,-3.2886,-1.8506,12.3267;
33,Walking,42384819,-2.4487,-5.4321,11.3110;
33,Walking,42435819,-1.3257,0.5737,11.8774;
33,Walking,42486819,-2.5195,2.6099,11.2476;
33,Walking,42537819,-2.5757,1.4990,10.9937;
33,Walking,42588819,-2.6294,1.7017,10.9741;
33,Walking,42639819,-2.1606,1.2720,12.0996;
33,Walking,42690819,-1.5308,0.0928,11.7822;
33,Walking,42741819,-1.9165,-0.6689,12.0508;
33,Walking,42792819,0.6372,1.1646,12.2729;
33,Walking,42843819,-2.1191,-0.8838,13.2275;
33,Walking,42894819,-2.4219,-1.9946,12.7295;
33,Walking,42945819,-2.2949,1.1353,11.5161;
33,Walking,42996819,-0.0513,2.9346,10.7959;
33,Walking,43047819,2.3926,1.7212,12.9663;
33,Walking,43098819,-0.6958,1.6943,13.3252;
33,Walking,43149819,-5.3857,3.1885,11.1670;
33,Walking,43200819,-1.2939,-0.5884,10.8618;
33,Walking,43251819,-0.2319,-1.4673,11.3379;
33,Walking,43302819,-0.3613,-0.3979,11.6797;
33,Walking,43353819,-0.5103,1.3818,9.9487;
33,Walking,43404819,-0.6958,0.8032,10.9692;
33,Walking,43455819,-0.1489,1.5332,10.8691;
33,Walking,43506819,2.4097,-3.2349,14.4727;
33,Walking,43557819,0.3516,-3.0737,11.3647;
33,Walking,43608819,-0.0806,-1.2549,10.7788;
33,Walking,43659819,-0.5493,0.6738,9.7241;
33,Walking,43710819,-0.0952,1.4355,9.6143;
33,Walking,43761819,-0.3027,1.9507,12.4487;
33,Walking,43812819,-1.3037,1.1523,17.7124;
33,Walking,43863819,2.8784,1.2524,13.3398;
33,Walking,43914819,-0.4004,-2.9810,8.4131;
33,Walking,43965819,-2.7905,1.2695,11.6553;
33,Walking,44016819,-0.8984,2.0972,11.6846;
33,Walking,44067819,-1.6772,1.1377,10.8496;
33,Walking,44118819,0.1733,1.0791,11.9775;
33,Walking,44169819,-2.2095,0.7495,10.6689;
33,Walking,44220819,-3.7964,-0.2490,11.3647;
33,Walking,44271819,-3.0054,-0.1294,11.2183;
33,Walking,44322819,-2.1899,0.8301,11.2817;
33,Walking,44373819,-2.0386,1.2329,11.7017;
33,Walking,44424819,-1.6528,1.8701,11.8335;
33,Walking,44475819,-1.8652,0.5127,11.6699;
33,Walking,44526819,-1.7212,-0.4663,11.5576;
33,Walking,44577819,-2.1094,1.4966,11.4136;
33,Walking,44628819,-1.7480,1.7969,11.4258;
33,Walking,44679819,-2.2095,-1.2793,11.7773;
33,Walking,44730819,-3.7842,-0.7373,14.6045;
33,Walking,44781819,-1.9434,2.4780,11.0034;
33,Walking,44832819,-0.0928,3.6963,11.7480;
33,Walking,44883819,0.9155,2.7393,12.7246;
33,Walking,44934819,0.0464,-0.1514,11.9653;
33,Walking,44985819,-2.6147,1.0571,11.5576;
33,Walking,45036819,-6.1328,2.2925,11.9775;
33,Walking,45087819,1.4526,-1.8042,11.1646;
33,Walking,45138819,-0.3882,0.0439,11.1230;
33,Walking,45189819,-1.3989,1.5967,10.2295;
33,Walking,45240819,-0.7520,2.2583,10.1294;
33,Walking,45291819,-0.1099,1.9849,10.5151;
33,Walking,45342819,2.4463,-0.4004,12.9956;
33,Walking,45393819,1.0132,-2.7759,13.1274;
33,Walking,45444819,0.5591,-0.1709,10.9521;
33,Walking,45495819,0.8936,-1.2427,10.5127;
33,Walking,45546819,-1.2573,-1.9897,10.1123;
33,Walking,45597819,-3.0151,-1.2329,9.5215;
33,Walking,45648819,4.6899,-3.1055,18.0127;
33,Walking,45699819,-2.8809,1.7847,9.5898;
33,Walking,45750819,-2.3828,8.2642,8.2520;
33,Walking,45801819,-1.5747,4.4946,13.2251;
33,Walking,45852819,-3.2446,-3.0444,11.1914;
33,Walking,45903819,-0.2002,-1.8872,10.8325;
33,Walking,45954819,-0.8374,2.2192,12.5049;
33,Walking,46005819,-1.9409,1.5405,11.2964;
33,Walking,46056819,-3.1689,1.5356,10.2417;
33,Walking,46107819,-2.8223,0.7446,11.6309;
33,Walking,46158819,-1.6602,0.9644,11.5454;
33,Walking,46209819,-1.4185,0.9888,11.7261;
33,Walking,46260819,-1.3208,0.9985,11.8213;
33,Walking,46311819,-1.3281,0.7422,11.6846;
33,Walking,46362819,-1.6968,0.3467,11.7139;
33,Walking,46413819,-1.2964,0.5054,11.9507;
33,Walking,46464819,-1.4136,-0.0928,11.0498;
33,Walking,46515819,-1.2183,-1.1035,13.2666;
33,Walking,46566819,-3.1885,0.8960,13.1982;
33,Walking,46617819,-1.7432,3.1226,10.8740;
33,Walking,46668819,0.0049,4.2676,11.9800;
33,Walking,46719819,1.8066,1.9849,12.1558;
33,Walking,46770819,-1.3281,1.0181,12.4683;
33,Walking,46821819,-6.0034,2.1973,11.4429;
33,Walking,46872819,-0.0146,-1.5796,11.2817;
33,Walking,46923819,0.7959,-1.4502,11.4990;
33,Walking,46974819,-0.6543,1.2183,9.8364;
33,Walking,47025819,-0.3027,1.3159,9.2212;
33,Walking,47076819,-0.0317,2.5879,10.5444;
33,Walking,47127819,0.4346,0.0513,11.7871;
33,Walking,47178819,2.5024,-8.5522,15.1929;
33,Walking,47229819,1.1621,-0.6470,11.3843;
33,Walking,47280819,0.3174,1.7285,9.0894;
33,Walking,47331819,-4.2187,3.2983,18.6401;
33,Walking,47382819,2.7881,-2.3169,19.2554;
33,Walking,47433819,-3.1836,1.5625,7.5903;
33,Walking,47484819,-2.8027,6.8408,9.4824;
33,Walking,47535819,-2.4463,3.3789,10.6567;
33,Walking,47586819,-1.6431,1.4014,9.7852;
33,Walking,47637819,-2.5952,-0.2319,14.0894;
33,Walking,47688819,-2.0581,-1.9116,12.2461;
33,Walking,47739819,-1.4502,-2.3120,11.4966;
33,Walking,47790819,-0.5054,2.2046,11.6382;
33,Walking,47841819,-2.3120,1.3647,11.5356;
33,Walking,47892819,-2.1289,1.5845,11.9971;
33,Walking,47943819,-1.9849,1.4453,11.5747;
33,Walking,47994819,-1.5771,0.0537,11.1792;
33,Walking,48045819,-2.3706,0.7837,11.3403;
33,Walking,48096819,-2.1704,1.8750,11.2524;
33,Walking,48147819,-1.6943,0.4175,11.5356;
33,Walking,48198819,-1.3330,-0.1074,11.6162;
33,Walking,48249819,-2.2144,-1.6846,13.2910;
33,Walking,48300819,-2.7563,0.4517,11.9238;
33,Walking,48351819,-1.2988,4.0869,12.0630;
33,Walking,48402819,1.7944,1.8677,12.1387;
33,Walking,48453819,0.9839,-2.7026,11.9946;
33,Walking,48504819,-0.7983,2.9785,12.9590;
33,Walking,48555819,-4.1479,4.3506,13.0981;
33,Walking,48606819,1.5112,-1.4087,10.2393;
33,Walking,48657819,-2.0410,-0.8765,10.0903;
33,Walking,48708819,-0.7251,1.2964,10.1929;
33,Walking,48759819,0.3223,1.5942,11.3574;
33,Walking,48810819,1.3306,-0.9570,12.7222;
33,Walking,48861819,1.5112,-0.9814,12.3267;
33,Walking,48912819,1.1011,0.4468,12.9248;
33,Walking,48963837,0.2930,0.7446,11.0815;
33,Walking,49014819,0.0659,-2.1436,10.9546;
33,Walking,49065819,-0.5200,-0.9229,10.1587;
33,Walking,49116819,-1.6528,-0.8569,9.2505;
33,Walking,49167819,-3.1519,0.9546,13.6572;
33,Walking,49218819,4.2554,-2.3120,12.4878;
33,Walking,49269819,2.7930,-0.5664,11.9995;
33,Walking,49320819,0.4956,5.1758,8.2495;
33,Walking,49371819,-2.9297,5.9692,12.6855;
33,Walking,49422819,-2.5024,-0.4932,10.3320;
33,Walking,49473819,-4.2554,-3.3374,12.1338;
33,Walking,49524819,0.4858,1.0498,12.0337;
33,Walking,49575819,-3.0298,0.2393,10.4443;
33,Walking,49626819,-2.9321,0.7007,11.4990;
33,Walking,49677819,-2.2656,2.3120,11.7505;
33,Walking,49728819,-1.7700,2.0776,11.2646;
33,Walking,49779819,-2.4097,1.8213,12.0898;
33,Walking,49830819,-1.5479,0.3784,11.6040;
33,Walking,49881819,-1.7700,-0.1733,11.7090;
33,Walking,49932819,-1.7627,1.1963,10.8276;
33,Walking,49983819,-1.7432,1.1792,12.0166;
33,Walking,50034819,-1.3501,-0.1099,11.3525;
33,Walking,50085819,-3.0420,-0.1709,13.1250;
33,Walking,50136819,-2.4146,-0.4150,12.4341;
33,Walking,50187819,-1.6968,0.8325,11.5356;
33,Walking,50238819,1.8115,2.7539,11.2793;
33,Walking,50289819,2.3682,-0.6982,13.2861;
33,Walking,50340819,-1.1914,1.3794,12.8027;
33,Walking,50391819,-6.3208,4.5703,11.4111;
33,Walking,50442819,-0.3955,-0.0537,10.6226;
33,Walking,50493819,-0.5835,-1.3062,10.6299;
33,Walking,50544819,-0.1660,0.0537,10.8887;
33,Walking,50595819,-0.1465,2.3950,10.5322;
33,Walking,50646819,-0.0122,1.2720,11.8896;
33,Walking,50697819,0.6055,-0.8643,12.5684;
33,Walking,50748819,-0.3247,-0.6885,12.5000;
33,Walking,50799819,1.4111,0.3467,13.2397;
33,Walking,50850819,0.0903,-2.9614,10.9717;
33,Walking,50901819,-3.4302,-3.4692,9.0039;
33,Walking,50952819,-1.8115,0.8569,9.1504;
33,Walking,51003819,-0.0244,1.7773,10.6445;
33,Walking,51054819,0.5469,1.2256,12.1240;
33,Walking,51105819,-2.4170,2.7954,20.7007;
33,Walking,51156819,0.2417,0.3833,13.2446;
33,Walking,51207819,0.3882,-2.3999,11.1353;
33,Walking,51258819,-2.4341,1.1157,9.6704;
33,Walking,51309819,-1.4185,1.6357,11.9897;
33,Walking,51360819,-0.9302,0.4053,11.1938;
33,Walking,51411819,-1.4087,0.5249,10.7935;
33,Walking,51462819,-2.6782,1.3721,12.2241;
33,Walking,51513819,-2.3999,0.4028,10.8765;
33,Walking,51564819,-2.7905,-0.0903,11.3354;
33,Walking,51615819,-2.2803,0.7666,11.2329;
33,Walking,51666819,-2.0923,1.7017,11.3452;
33,Walking,51717819,-2.2266,1.8921,11.8652;
33,Walking,51768819,-1.1816,0.6030,12.0190;
33,Walking,51819819,-1.6895,-0.1367,11.4575;
33,Walking,51870819,-1.2427,1.1328,11.2183;
33,Walking,51921819,-1.8408,1.2329,11.2695;
33,Walking,51972819,-2.5049,-0.5859,12.1606;
33,Walking,52023819,-3.5327,-0.8057,13.6792;
33,Walking,52074819,-2.3315,0.5151,11.4087;
33,Walking,52125819,-1.4941,1.5649,10.5884;
33,Walking,52176819,1.8164,4.0601,13.0420;
33,Walking,52227819,1.1133,1.5405,12.9761;
33,Walking,52278819,-1.7188,0.6665,11.5649;
33,Walking,52329819,-4.1553,1.6162,11.8188;
33,Walking,52380819,-1.9751,-0.6592,11.5503;
33,Walking,52431819,0.7227,-1.1401,11.8359;
33,Walking,52482819,-1.1938,1.5430,10.4321;
33,Walking,52533819,-0.9595,1.6138,10.1440;
33,Walking,52584819,-1.0107,1.0913,10.0366;
33,Walking,52635819,0.5103,0.0879,11.3721;
33,Walking,52686819,1.4526,-2.7612,13.2007;
33,Walking,52737819,1.2769,-3.3545,13.1421;
33,Walking,52788819,-0.2100,-0.9399,10.5444;
33,Walking,52839819,-0.4395,0.6055,9.7437;
33,Walking,52890819,-1.0938,-0.3271,10.3589;
33,Walking,52941819,2.6782,-2.6904,12.9761;
33,Walking,52992819,1.6797,-2.4194,12.5366;
33,Walking,53043819,-1.0425,6.2183,7.7393;
33,Walking,53094819,-2.9834,6.1011,11.5015;
33,Walking,53145819,-1.9604,1.1206,11.0034;
33,Walking,53196819,-1.4526,-4.2554,12.5293;
33,Walking,53247819,-1.5942,-2.7881,11.1060;
33,Walking,53298819,-2.4878,-0.7861,11.0352;
33,Walking,53349819,-2.1240,2.1802,11.9507;
33,Walking,53400819,-2.1753,1.8213,11.1133;
33,Walking,53451819,-2.6270,2.4243,11.2622;
33,Walking,53502819,-2.2925,1.9116,11.5552;
33,Walking,53553819,-1.2573,0.5273,12.0972;
33,Walking,53604819,-2.6636,-0.1099,11.5796;
33,Walking,53655819,0.9717,0.9839,11.8359;
33,Walking,53706819,-2.5464,-0.6592,11.4087;
33,Walking,53757819,-4.6851,-1.8237,12.5122;
33,Walking,53808819,-3.0566,0.1831,11.9995;
33,Walking,53859819,2.8857,4.9707,13.4790;
33,Walking,53910819,0.2368,2.3071,12.6904;
33,Walking,53961819,-0.7373,1.4331,11.6406;
33,Walking,54012819,-4.4849,3.5718,11.5771;
33,Walking,54063819,-2.0459,-0.2954,10.8545;
33,Walking,54114819,-0.6958,-1.7847,11.2988;
33,Walking,54165819,-0.7153,0.6152,11.0596;
33,Walking,54216819,-0.1245,1.0181,10.8276;
33,Walking,54267819,0.1831,0.0879,11.2329;
33,Walking,54318819,0.4272,-2.4634,12.7002;
33,Walking,54369819,0.2441,-1.8823,12.2925;
33,Walking,54420819,-0.4297,0.0073,11.2476;
33,Walking,54471819,-1.0303,-1.0449,10.5371;
33,Walking,54522819,-0.9741,-1.1133,11.0034;
33,Walking,54573819,-0.5005,0.4102,10.9497;
33,Walking,54624819,0.0659,0.9717,10.9399;
33,Walking,54675819,0.0830,-0.1880,11.1646;
33,Walking,54726819,-1.3306,-1.2451,11.2549;
33,Walking,54777819,-3.8452,3.2153,18.8770;
33,Walking,54828819,2.5903,-4.5679,10.5957;
33,Walking,54879819,-4.1211,2.9687,7.3730;
33,Walking,54930819,-2.5464,3.3057,12.3340;
33,Walking,54981819,0.1001,2.9053,12.1362;
33,Walking,55032819,-3.5010,0.8301,9.8511;
33,Walking,55083819,-3.3813,-1.8408,12.5659;
33,Walking,55134819,-2.1606,-0.0903,10.3125;
33,Walking,55185819,-0.9570,2.6099,12.3950;
33,Walking,55236819,-1.5576,-0.5249,11.7139;
33,Walking,55287819,-1.1499,-1.4697,11.5967;
33,Walking,55338819,-0.9644,1.1084,11.7090;
33,Walking,55389819,-0.7593,1.9141,11.2109;
33,Walking,55440819,-1.6431,1.1597,11.5967;
33,Walking,55491819,-2.3315,-0.0098,11.3867;
33,Walking,55542819,-3.1323,-0.4443,10.8643;
33,Walking,55593819,-2.7173,-0.8545,12.5513;
33,Walking,55644819,-3.1250,1.1450,12.7002;
33,Walking,55695819,-1.7920,1.8970,10.3467;
33,Walking,55746819,1.3770,3.7793,12.7710;
33,Walking,55797819,1.8018,0.3394,12.5098;
33,Walking,55848819,-0.9546,0.2271,12.4146;
33,Walking,55899819,-3.7378,3.0859,12.8589;
33,Walking,55950819,-2.4951,0.7861,11.3330;
33,Walking,56001819,-0.1758,-1.9482,11.7090;
33,Walking,56052819,-0.1831,2.3901,9.9072;
33,Walking,56103819,0.2051,1.9556,8.5352;
33,Walking,56154819,0.1514,1.5381,9.0625;
33,Walking,56205819,0.0732,1.0596,10.1514;
33,Walking,56256819,-1.1450,-6.9116,17.3120;
33,Walking,56307819,4.9316,-6.4160,13.1323;
33,Walking,56358819,0.4541,-1.4331,9.5386;
33,Walking,56409819,-5.9375,2.0508,22.8467;
33,Walking,56460819,3.7061,-2.1265,10.1343;
33,Walking,56511819,-5.2124,11.2744,5.7056;
33,Walking,56562819,-2.2412,5.2490,13.0103;
33,Walking,56613819,-0.5273,0.7007,11.6309;
33,Walking,56664819,-3.8110,-4.3140,12.9956;
33,Walking,56715819,-2.5293,-5.1685,10.7764;
33,Walking,56766819,-0.2319,1.2646,12.1265;
33,Walking,56817819,-3.3618,3.9600,11.4404;
33,Walking,56868819,-1.5771,2.2485,11.2183;
33,Walking,56919819,-2.1851,1.6382,11.5942;
33,Walking,56970819,-2.2363,0.7739,11.7334;
33,Walking,57021819,-2.1533,0.0879,11.5259;
33,Walking,57072819,-1.6064,0.0342,11.6675;
33,Walking,57123819,-1.5332,0.5908,11.4600;
33,Walking,57174819,-1.5771,0.5811,11.7578;
33,Walking,57225819,-1.8921,-0.1807,11.6187;
33,Walking,57276819,-2.3682,-1.1475,13.9160;
33,Walking,57327819,-2.1948,-0.2295,12.2314;
33,Walking,57378819,-1.6797,1.6821,12.1436;
33,Walking,57429819,2.6465,3.8184,12.9785;
33,Walking,57480819,3.1055,1.2744,12.6489;
33,Walking,57531819,-4.5532,3.2935,12.5757;
33,Walking,57582819,-1.8164,4.1577,11.5308;
33,Walking,57633819,0.1050,-3.5645,11.9360;
33,Walking,57684819,0.1196,-0.6470,11.2817;
33,Walking,57735819,0.0610,2.7148,8.8428;
33,Walking,57786819,-0.7031,3.2935,7.6172;
33,Walking,57837819,-1.3184,0.8618,9.9463;
33,Walking,57888819,-0.9521,-8.3301,15.9326;
33,Walking,57939819,6.7187,-6.6968,15.9424;
33,Walking,57990819,0.2466,1.6406,10.7788;
33,Walking,58041819,-4.3408,4.2749,17.1191;
33,Walking,58092819,9.7656,-1.4478,17.6953;
33,Walking,58143819,-4.8828,4.7705,6.5674;
33,Walking,58194819,-3.0615,5.0903,11.5186;
33,Walking,58245819,-0.1392,1.1182,11.7285;
33,Walking,58296819,-1.7773,1.3867,10.6055;
33,Walking,58347819,-5.4004,-2.3169,11.4185;
33,Walking,58398819,-2.6465,-1.4697,11.1768;
33,Walking,58449819,-0.7666,1.9727,11.7383;
33,Walking,58500819,-1.7993,1.1523,12.1899;
33,Walking,58551819,-1.1597,-0.0220,11.8140;
33,Walking,58602819,-1.2939,-0.8789,11.7163;
33,Walking,58653819,-1.7065,0.2930,11.1646;
33,Walking,58704819,-1.9946,1.3135,11.0815;
33,Walking,58755819,-1.9360,1.4966,11.4551;
33,Walking,58806819,-1.5234,0.2393,10.8716;
33,Walking,58857819,-2.2510,-0.7568,13.8428;
33,Walking,58908819,-3.1738,0.7544,12.0435;
33,Walking,58959819,-2.1509,2.5659,11.5430;
33,Walking,59010819,4.1919,3.6597,12.7905;
33,Walking,59061819,0.7642,-1.8384,12.1924;
33,Walking,59112819,-1.5308,2.4609,13.4253;
33,Walking,59163819,-4.8901,4.3848,11.2085;
33,Walking,59214819,0.3516,-2.7124,10.7642;
33,Walking,59265819,0.2539,-0.6763,11.4160;
33,Walking,59316819,-0.1294,1.7432,9.5752;
33,Walking,59367819,-0.8203,1.4331,8.5937;
33,Walking,59418819,-0.6055,0.9644,10.5420;
33,Walking,59469819,2.2485,-3.8672,13.0933;
33,Walking,59520819,3.5986,-6.9067,15.2441;
33,Walking,59571819,1.3550,-1.0132,10.8936;
33,Walking,59622819,-0.9106,1.1719,15.5298;
33,Walking,59673819,1.1841,-3.3228,11.6846;
33,Walking,59724819,-2.2095,7.8955,7.1069;
33,Walking,59775819,-1.7383,6.4404,13.0811;
33,Walking,59826819,-1.5186,-0.7080,11.2817;
33,Walking,59877819,-3.7524,-3.2764,9.7729;
33,Walking,59928819,-3.5352,-1.7139,11.2646;
33,Walking,59979819,-0.5859,0.8594,11.5552;
33,Walking,60030819,-2.0190,2.4414,11.6748;
33,Walking,60081819,-1.1938,1.4014,11.2036;
33,Walking,60132819,-2.2461,0.6567,11.8750;
33,Walking,60183819,-1.9751,-0.3516,11.8213;
33,Walking,60234819,-1.6528,-0.3882,11.6919;
33,Walking,60285819,-0.6592,0.7104,11.4063;
33,Walking,60336819,-0.3540,1.2695,11.6382;
33,Walking,60387819,-1.9067,-1.1670,11.2866;
33,Walking,60438819,-3.0371,-1.0620,11.6260;
33,Walking,60489819,-4.2920,0.8081,12.7759;
33,Walking,60540819,-2.2168,3.5571,11.8384;
33,Walking,60591819,3.3398,3.9453,13.5156;
33,Walking,60642819,-0.6274,0.7373,12.7393;
33,Walking,60693819,-0.1636,2.4072,12.1997;
33,Walking,60744819,-3.6206,2.7393,11.8945;
33,Walking,60795819,0.1685,-0.6958,10.5957;
33,Walking,60846819,-0.5518,-0.3906,11.0376;
33,Walking,60897819,-1.0034,-0.5322,10.5786;
33,Walking,60948819,-0.9766,-0.6372,9.2334;
33,Walking,60999819,1.6650,0.0732,10.7935;
33,Walking,61050819,2.4536,0.0439,10.7739;
33,Walking,61101819,0.8862,-5.5933,14.5703;
33,Walking,61152819,1.7456,-2.7246,11.6650;
33,Walking,61203819,0.8813,-1.5625,11.4038;
33,Walking,61254819,-2.3828,0.0073,13.9722;
33,Walking,61305819,2.4170,1.9336,13.2935;
33,Walking,61356819,-0.1270,2.9126,10.1074;
33,Walking,61407819,-3.9941,5.5981,9.5190;
33,Walking,61458819,-4.4189,1.3672,12.4902;
33,Walking,61509819,-2.0093,-6.8555,10.7300;
33,Walking,61560819,-0.0439,2.0166,12.7979;
33,Walking,61611819,-3.5571,1.2695,10.8374;
33,Walking,61662819,-1.6479,1.5186,10.6860;
33,Walking,61713819,-1.8726,0.8618,11.7432;
33,Walking,61764819,-1.6846,0.2979,11.8066;
33,Walking,61815819,-1.7578,0.1074,11.9214;
33,Walking,61866819,-1.5698,0.4565,11.4575;
33,Walking,61917819,-1.4526,0.2222,11.5649;
33,Walking,61968819,-1.6846,0.7983,11.3501;
33,Walking,62019819,-1.9824,0.6348,11.3330;
33,Walking,62070819,-1.7163,0.0000,11.5112;
33,Walking,62121819,-2.0386,0.1489,11.7920;
33,Walking,62172819,-1.5942,-0.2173,11.2451;
33,Walking,62223819,-1.1426,-0.8936,12.6147;
33,Walking,62274819,-1.9824,1.0815,13.6768;
33,Walking,62325819,-1.9336,1.2549,10.4785;
33,Walking,62376819,-1.7334,1.8359,10.8521;
33,Walking,62427819,0.4248,3.9990,12.5977;
33,Walking,62478819,1.4575,-0.8154,13.1421;
33,Walking,62529819,0.1611,-0.8887,12.9517;
33,Walking,62580819,-5.2173,4.3091,12.5781;
33,Walking,62631819,-1.1328,1.5942,10.7617;
33,Walking,62682819,0.4468,-0.9277,11.3672;
33,Walking,62733819,-0.4541,-0.2588,10.0806;
33,Walking,62784819,0.1074,1.6455,8.9526;
33,Walking,62835819,0.0610,1.7480,9.7339;
33,Walking,62886819,0.4175,1.1572,11.7993;
33,Walking,62937819,0.7422,-8.9429,13.5205;
33,Walking,62988819,2.6196,-2.2998,12.3047;
33,Walking,63039819,1.7310,0.6885,11.1230;
33,Walking,63090819,-2.6855,1.4795,14.6240;
33,Walking,63141819,0.2539,-4.8608,12.1509;
33,Walking,63192819,-4.6729,4.4141,10.8936;
33,Walking,63243819,-4.0674,4.8389,9.9146;
33,Walking,63294819,-2.4048,3.8940,9.3237;
33,Walking,63345819,-2.0801,0.7788,10.8545;
33,Walking,63396819,-1.7041,-0.8936,12.4951;
33,Walking,63447819,-0.5420,-0.3003,12.0752;
33,Walking,63498819,-2.7026,0.3638,11.1499;
33,Walking,63549819,-2.4756,0.4761,11.4966;
33,Walking,63600819,-2.2095,1.0645,11.3501;
33,Walking,63651819,-2.4023,1.1084,11.5747;
33,Walking,63702819,-2.1484,0.7715,11.6650;
33,Walking,63753819,-1.7358,0.5103,11.7749;
33,Walking,63804819,-1.5698,0.5078,11.6895;
33,Walking,63855819,-1.2988,0.6030,11.3696;
33,Walking,63906819,-1.6553,0.7886,11.3379;
33,Walking,63957819,-2.1265,0.1318,11.5674;
33,Walking,64008819,-2.3926,-0.6714,11.4160;
33,Walking,64059819,-2.3535,-0.7300,11.5527;
33,Walking,64110819,-2.6196,-0.2417,13.2178;
33,Walking,64161819,-2.4805,1.8701,11.6748;
33,Walking,64212819,-1.6943,2.7710,10.4517;
33,Walking,64263819,0.9546,2.5928,11.9043;
33,Walking,64314819,0.4810,-0.1196,12.7637;
33,Walking,64365819,0.5640,-0.4321,12.5732;
33,Walking,64416819,-2.6416,3.1274,13.4961;
33,Walking,64467819,-5.1050,3.0835,10.6177;
33,Walking,64518819,2.4512,-2.3120,11.4795;
33,Walking,64569819,-0.5518,0.0415,10.8643;
33,Walking,64620819,-0.7129,0.8179,10.2197;
33,Walking,64671819,0.0635,0.9790,9.3604;
33,Walking,64722819,-0.4395,0.3906,11.3818;
33,Walking,64773819,0.5420,-2.0874,11.7358;
33,Walking,64824819,0.9058,-4.0747,12.6538;
33,Walking,64875819,2.0093,-1.6284,12.0996;
33,Walking,64926819,0.7495,-0.7178,11.0596;
33,Walking,64977819,-1.3525,0.1318,9.5435;
33,Walking,65028819,-4.3408,0.5908,20.9692;
33,Walking,65079819,6.6919,-2.6245,11.1304;
33,Walking,65130819,-3.4741,6.6821,7.3120;
33,Walking,65181819,-2.0898,4.7290,10.7813;
33,Walking,65232819,-0.9595,-0.4517,11.6968;
33,Walking,65283819,-1.4868,-3.0371,12.1631;
33,Walking,65334819,-1.5601,0.1294,11.3501;
33,Walking,65385819,-1.8848,2.0654,11.3159;
33,Walking,65436819,-3.4741,3.0347,10.6714;
33,Walking,65487819,-2.0703,1.7480,11.5015;
33,Walking,65538819,-2.8687,0.6787,11.3794;
33,Walking,65589819,-3.0249,0.2734,11.7212;
33,Walking,65640819,-1.9922,0.2490,11.7773;
33,Walking,65691819,-1.5112,0.5688,11.6772;
33,Walking,65742819,-1.9653,1.1157,11.4966;
33,Walking,65793819,-2.0850,0.3491,11.5381;
33,Walking,65844819,-2.5391,0.6274,11.6650;
33,Walking,65895819,-2.0776,1.1035,11.4160;
33,Walking,65946819,-2.1045,1.5112,11.2842;
33,Walking,65997819,-2.2852,1.1279,11.4819;
33,Walking,66048819,-1.7896,0.3003,11.0132;
33,Walking,66099819,-2.9370,0.4736,13.1519;
33,Walking,66150819,-2.5171,1.2866,11.4990;
33,Walking,66201819,-1.9458,1.7114,10.2075;
33,Walking,66252819,-1.4624,1.4331,11.1938;
33,Walking,66303819,-1.3916,1.5063,11.5186;
33,Walking,66354819,-1.4404,0.9961,11.8188;
33,Walking,66405819,0.5444,0.1929,12.2974;
33,Walking,66456819,2.6123,1.2329,13.9014;
33,Walking,66507819,-2.3779,5.0684,11.7163;
33,Walking,66558819,-0.1245,3.4961,11.5015;
33,Walking,66609819,0.6494,0.5664,11.8091;
33,Walking,66660819,0.0635,1.8823,11.0059;
33,Walking,66711819,-0.4077,0.9790,10.4956;
33,Walking,66762819,-1.3623,0.5737,10.1807;
33,Walking,66813819,-0.1318,1.6602,10.0317;
33,Walking,66864819,0.4443,1.0034,10.2979;
33,Walking,66915819,-0.2393,-0.3784,12.0874;
33,Walking,66966819,0.4248,-1.2744,12.9199;
33,Walking,67017819,2.4048,-3.1982,10.7813;
33,Walking,67068819,-1.4087,-0.7349,18.4155;
33,Walking,67119819,5.1025,-0.0732,9.4238;
33,Walking,67170819,-3.0518,1.3989,12.3242;
33,Walking,67221819,-0.7593,4.4312,10.1563;
33,Walking,67272819,-2.9272,3.2593,10.4956;
33,Walking,67323819,-2.9199,0.2759,11.0742;
33,Walking,67374819,-3.3423,-2.1680,11.1719;
33,Walking,67425819,-2.6465,-2.4756,11.6992;
33,Walking,67476819,-1.5405,0.1831,11.7261;
33,Walking,67527819,-1.8848,1.6284,12.0923;
33,Walking,67578819,-1.0034,1.2524,11.6602;
33,Walking,67629819,-1.6089,0.4053,11.4917;
33,Walking,67680819,-2.0728,0.3369,11.5356;
33,Walking,67731819,-2.0923,0.4858,11.4575;
33,Walking,67782819,-2.0068,0.0635,11.6577;
33,Walking,67833819,-1.6382,-0.3564,11.4404;
33,Walking,67884819,-1.7627,-0.4565,11.3672;
33,Walking,67935819,-1.6309,-0.5713,11.4331;
33,Walking,67986819,-1.5308,-0.7666,10.9668;
33,Walking,68037819,-1.9287,-0.7104,13.0786;
33,Walking,68088819,-2.9541,2.7368,13.0835;
33,Walking,68139819,-0.5835,2.9785,12.0605;
33,Walking,68190819,1.0107,0.8203,12.7319;
33,Walking,68241819,1.9995,-0.0024,13.3838;
33,Walking,68292819,0.1221,2.1777,13.6841;
33,Walking,68343819,-2.7124,6.0425,11.4136;
33,Walking,68394819,0.8154,0.3809,9.6753;
33,Walking,68445819,-1.0474,-1.4648,10.2124;
33,Walking,68496819,-0.7324,0.3125,8.6133;
33,Walking,68547819,-1.3110,-0.1514,8.3057;
33,Walking,68598819,0.4590,-0.1343,12.1118;
33,Walking,68649819,3.2690,-9.6021,15.9375;
33,Walking,68700819,2.0068,0.5664,11.8604;
33,Walking,68751819,2.8027,4.7900,14.0381;
33,Walking,68802819,-4.1602,0.7935,10.4834;
33,Walking,68853819,-6.9849,0.3613,8.5107;
33,Walking,68904819,-1.2646,2.1899,11.5186;
33,Walking,68955819,-0.5542,1.7603,11.5454;
33,Walking,69006819,-2.1533,1.4111,11.7188;
33,Walking,69057819,-3.3838,-0.4321,10.7178;
33,Walking,69108819,-2.4194,-0.6396,11.5796;
33,Walking,69159819,-2.0776,-0.1196,11.2793;
33,Walking,69210819,-1.2891,1.8262,11.7847;
33,Walking,69261819,-1.5649,1.0962,11.8579;
33,Walking,69312819,-1.4917,-0.0879,11.6797;
33,Walking,69363819,-2.3047,-0.1416,11.4429;
33,Walking,69414819,-2.9614,0.4858,11.0474;
33,Walking,69465819,-2.5366,1.7114,11.2598;
33,Walking,69516819,-1.8213,1.5552,11.5845;
33,Walking,69567819,-1.7212,0.0244,11.3232;
33,Walking,69618819,-2.4902,-1.2866,12.3022;
33,Walking,69669819,-3.0981,0.5469,12.7539;
33,Walking,69720819,-1.6284,2.9932,12.3730;
33,Walking,69771819,-0.3833,2.1045,11.9312;
33,Walking,69822819,0.1221,0.8276,12.1484;
33,Walking,69873819,1.0156,1.0498,12.0581;
33,Walking,69924819,-2.4268,3.2178,12.3340;
33,Walking,69975819,-3.8477,3.0420,11.7090;
33,Walking,70026819,1.1206,-1.9019,10.2856;
33,Walking,70077819,-0.6201,0.2197,11.2378;
33,Walking,70128819,-1.3940,1.3330,10.1147;
33,Walking,70179819,-0.6201,1.0400,9.3945;
33,Walking,70230819,0.3027,1.1548,11.3062;
33,Walking,70281819,3.3398,-0.8374,12.8906;
33,Walking,70332819,1.3110,-4.8877,13.6987;
33,Walking,70383819,0.2759,-0.2466,10.8276;
33,Walking,70434819,0.2734,1.6846,9.8999;
33,Walking,70485819,-1.9312,-0.6592,10.2222;
33,Walking,70536819,-1.1401,-4.8975,16.5161;
33,Walking,70587819,2.4854,-2.3413,12.8052;
33,Walking,70638819,0.8057,10.1270,10.0732;
33,Walking,70689819,-2.8052,5.2417,10.9180;
33,Walking,70740819,-2.8125,0.3027,10.3931;
33,Walking,70791819,-1.6260,-1.5625,11.8066;
33,Walking,70842819,-2.0898,-2.3120,11.4941;
33,Walking,70893819,-2.1094,-0.7568,10.9961;
33,Walking,70944819,-3.1201,1.8481,11.9580;
33,Walking,70995819,-1.9507,2.2485,10.8496;
33,Walking,71046819,-1.9824,2.1875,12.1802;
33,Walking,71097819,-1.2573,0.3076,12.0923;
33,Walking,71148819,-0.3955,-1.2183,11.6821;
33,Walking,71199819,-1.4453,-0.4321,11.6211;
33,Walking,71250819,-2.8442,1.4038,10.9741;
33,Walking,71301819,-2.4927,-0.3638,11.0254;
33,Walking,71352819,-2.6758,-1.4844,12.9980;
33,Walking,71403819,-3.0664,1.4575,12.6392;
33,Walking,71454819,-0.6714,3.0151,12.0825;
33,Walking,71505819,0.5005,1.0474,12.0459;
33,Walking,71556819,1.4624,0.4321,12.3828;
33,Walking,71607819,-3.7939,3.4351,12.7271;
33,Walking,71658819,-2.6587,3.5205,11.6602;
33,Walking,71709819,1.4893,-1.5942,10.9985;
33,Walking,71760819,-0.9277,-0.8276,10.3882;
33,Walking,71811819,-0.1538,0.9448,10.4834;
33,Walking,71862819,-1.0620,2.9785,9.2822;
33,Walking,71913819,-0.8813,0.5054,10.2686;
33,Walking,71964819,0.2856,-1.3623,12.0801;
33,Walking,72015819,3.8501,-8.7305,15.4248;
33,Walking,72066819,0.7471,-1.3672,12.5269;
33,Walking,72117819,0.4712,0.2002,9.4385;
33,Walking,72168819,-1.8945,0.7446,9.4263;
33,Walking,72219819,-0.8179,0.2515,16.1523;
33,Walking,72270819,1.9629,-3.9551,11.2573;
33,Walking,72321819,-2.3828,7.1704,9.6729;
33,Walking,72372819,-2.9687,3.6548,10.8716;
33,Walking,72423819,-0.9985,0.1562,11.5796;
33,Walking,72474819,-1.2061,-0.7520,11.8311;
33,Walking,72525819,-2.2388,0.0415,11.5723;
33,Walking,72576819,-2.7100,-1.1060,10.9741;
33,Walking,72627819,-2.4390,0.5225,11.4282;
33,Walking,72678819,-1.9189,1.2573,11.7090;
33,Walking,72729819,-2.1948,1.1523,11.3989;
33,Walking,72780819,-2.4194,1.0425,11.3403;
33,Walking,72831819,-1.8604,0.3857,11.6943;
33,Walking,72882806,-1.7017,0.0024,11.3770;
33,Walking,72933819,-0.9546,1.3086,11.6602;
33,Walking,72984819,-2.0776,0.4297,11.4307;
33,Walking,73035819,-2.7515,-0.0244,11.7139;
33,Walking,73086819,-2.3779,-0.3247,13.1909;
33,Walking,73137819,-2.2656,0.0659,12.3364;
33,Walking,73188819,-1.8726,1.4185,11.3379;
33,Walking,73239819,-0.3125,2.6880,11.6162;
33,Walking,73290819,1.7896,0.7837,12.6221;
33,Walking,73341819,1.5942,-1.2256,12.4414;
33,Walking,73392819,-5.3589,4.9219,13.1274;
33,Walking,73443819,-4.7705,3.6523,12.6538;
33,Walking,73494819,1.5991,-2.9663,11.2988;
33,Walking,73545819,-0.7739,-0.7349,11.1621;
33,Walking,73596819,-0.6689,2.2852,9.1699;
33,Walking,73647819,-1.5552,1.6455,9.0430;
33,Walking,73698819,-0.2808,-0.4736,11.8286;
33,Walking,73749819,3.0396,-2.8809,13.8770;
33,Walking,73800819,2.2949,-4.3896,14.2700;
33,Walking,73851819,0.8325,0.2344,10.3418;
33,Walking,73902819,-1.1768,1.3062,8.8745;
33,Walking,73953819,-3.8403,1.0083,15.2905;
33,Walking,74004819,10.9253,-6.6162,20.1758;
33,Walking,74055819,-3.1152,3.2861,7.9468;
33,Walking,74106819,-3.3594,7.4927,9.7437;
33,Walking,74157819,-2.6318,4.1064,11.8506;
33,Walking,74208819,-1.0718,0.7324,9.8950;
33,Walking,74259819,-2.8979,-1.1230,12.9492;
33,Walking,74310819,-1.6895,-1.3452,11.8604;
33,Walking,74361819,-1.8896,0.6030,10.8594;
33,Walking,74412819,-2.7490,1.1987,11.5869;
33,Walking,74463819,-1.4746,1.1450,11.4136;
33,Walking,74514819,-2.0850,1.4014,12.1509;
33,Walking,74565819,-2.3535,1.0083,11.5308;
33,Walking,74616819,-1.7627,0.1685,11.6431;
33,Walking,74667819,-1.9580,0.4468,11.3525;
33,Walking,74718819,-1.7065,1.3745,11.4111;
33,Walking,74769819,-1.6846,1.0034,11.5845;
33,Walking,74820819,-2.1777,0.1660,11.9653;
33,Walking,74871819,-1.9434,-0.0903,12.3706;
33,Walking,74922819,-2.5244,-0.3418,12.3218;
33,Walking,74973819,-1.5967,0.6372,11.2134;
33,Walking,75024819,-0.8252,1.9458,10.8423;
33,Walking,75075819,1.3159,2.0410,12.8442;
33,Walking,75126819,1.8628,0.6201,12.7344;
33,Walking,75177819,-3.0078,4.0430,13.5718;
33,Walking,75228819,-4.5898,4.0503,11.7798;
33,Walking,75279819,1.7554,-2.7710,11.0132;
33,Walking,75330819,-0.5713,-1.0205,11.2207;
33,Walking,75381819,-0.6030,1.1768,9.6265;
33,Walking,75432819,-1.4917,1.3818,8.2886;
33,Walking,75483819,-0.9375,1.7407,10.2026;
33,Walking,75534819,2.8638,-1.4795,14.2578;
33,Walking,75585819,3.0591,-7.3022,14.4751;
33,Walking,75636819,0.4785,-0.9033,11.3452;
33,Walking,75687819,-0.9399,0.7227,11.2354;
33,Walking,75738819,-2.4878,-1.9580,14.6606;
33,Walking,75789819,0.8325,0.4639,9.7144;
33,Walking,75840819,-2.4878,11.1572,6.9946;
33,Walking,75891819,-3.4717,5.0244,15.9937;
33,Walking,75942819,0.2954,-3.6865,8.9136;
33,Walking,75993819,-3.2300,-3.4424,11.9165;
33,Walking,76044819,-0.8105,0.0952,11.9287;
33,Walking,76095819,-2.0020,1.1670,10.5298;
33,Walking,76146819,-2.1533,1.1108,11.7017;
33,Walking,76197819,-1.4893,0.8350,11.1084;
33,Walking,76248819,-2.2192,1.1157,11.5527;
33,Walking,76299819,-2.5293,1.4111,11.5747;
33,Walking,76350819,-1.7603,0.9570,11.5112;
33,Walking,76401819,-1.5356,0.5786,11.3989;
33,Walking,76452819,-0.4980,1.5820,11.4941;
33,Walking,76503819,-2.2510,-0.1416,11.2866;
33,Walking,76554819,-2.4390,-2.8613,12.7222;
33,Walking,76605819,-3.6572,0.2881,12.8198;
33,Walking,76656819,1.8359,5.6396,14.6216;
33,Walking,76707819,-0.0146,2.9761,11.8066;
33,Walking,76758819,-1.9214,2.2974,11.0815;
33,Walking,76809819,-2.2021,1.9141,11.7285;
33,Walking,76860819,0.8594,-1.3940,10.8252;
33,Walking,76911819,-1.5723,0.2588,11.1719;
33,Walking,76962819,-0.0464,0.3809,10.9937;
33,Walking,77013819,-0.2417,2.3364,9.7729;
33,Walking,77064819,-0.6787,0.7178,10.1514;
33,Walking,77115819,0.8350,-1.3037,11.6211;
33,Walking,77166819,2.2437,-4.8535,14.0527;
33,Walking,77217819,1.3940,-1.8213,12.8369;
33,Walking,77268819,0.5103,0.8594,9.4263;
33,Walking,77319819,-1.0742,2.9297,15.0415;
33,Walking,77370819,3.5693,-3.9990,17.4756;
33,Walking,77421819,-1.6602,1.8799,7.8882;
33,Walking,77472819,-4.1235,6.3232,11.3696;
33,Walking,77523819,-1.5576,2.9614,10.9863;
33,Walking,77574819,0.3955,0.1831,10.0366;
33,Walking,77625819,-2.2583,0.5298,12.0190;
33,Walking,77676819,-2.3022,0.3394,12.1704;
33,Walking,77727819,-2.0728,0.2954,10.5151;
33,Walking,77778819,-3.0005,-0.6445,11.5967;
33,Walking,77829819,-1.6382,0.8179,11.7261;
33,Walking,77880819,-2.3364,1.4478,11.6187;
33,Walking,77931819,-2.0581,1.7432,11.5894;
33,Walking,77982819,-1.3379,0.4077,11.7480;
33,Walking,78033819,-1.7017,0.5103,11.7285;
33,Walking,78084819,-1.9360,1.1377,10.8740;
33,Walking,78135819,-2.1851,1.0571,11.1890;
33,Walking,78186819,-2.1826,0.7837,11.6870;
33,Walking,78237819,-2.5220,0.6372,11.3550;
33,Walking,78288819,-2.1558,-0.3662,12.9712;
33,Walking,78339819,-3.0103,-0.6421,12.6587;
33,Walking,78390819,-2.1118,1.4966,11.5039;
33,Walking,78441819,-0.8936,2.3853,11.6650;
33,Walking,78492819,0.6201,0.5737,11.9751;
33,Walking,78543819,1.2085,1.2524,12.5513;
33,Walking,78594819,-1.6602,2.7905,13.0835;
33,Walking,78645819,-4.5532,2.4072,11.3550;
33,Walking,78696819,-0.4053,-0.6519,11.6382;
33,Walking,78747819,-0.5566,0.3979,11.3403;
33,Walking,78798819,-1.1084,1.9238,9.7168;
33,Walking,78849819,-0.7715,0.2734,10.3223;
33,Walking,78900819,-0.0757,-1.0620,12.1509;
33,Walking,78951819,-0.4175,0.1636,11.3696;
33,Walking,79002819,0.1929,-0.8911,12.2192;
33,Walking,79053819,0.6860,-1.1670,11.8408;
33,Walking,79104819,-0.2295,-1.5161,10.9521;
33,Walking,79155819,-1.7407,-0.0757,9.7876;
33,Walking,79206819,-1.6406,-0.3857,10.3613;
33,Walking,79257819,-4.3945,-0.1465,21.0742;
33,Walking,79308819,2.5513,0.3735,11.8481;
33,Walking,79359820,-0.4590,0.4883,12.2095;
33,Walking,79410819,-0.9790,4.7925,9.0894;
33,Walking,79461819,-2.9761,3.5791,10.9033;
33,Walking,79512819,-2.0654,1.2842,11.0962;
33,Walking,79563819,-3.0591,0.0659,12.0801;
33,Walking,79614819,-2.6733,-1.5796,10.3467;
33,Walking,79665819,-3.1885,0.5688,11.6089;
33,Walking,79716819,-1.6382,2.0239,11.0498;
33,Walking,79767819,-1.2280,1.8848,12.2144;
33,Walking,79818819,-1.0791,-0.2368,12.3779;
33,Walking,79869819,-0.9375,-1.0620,11.1230;
33,Walking,79920819,-1.9458,0.4980,10.9717;
33,Walking,79971819,-1.9116,0.9619,10.9790;
33,Walking,80022819,-1.7212,-1.4282,9.3823;
33,Walking,80073819,-0.4004,-0.2441,12.3584;
33,Walking,80124819,2.7954,4.1553,17.0142;
33,Walking,80175819,-1.9629,0.8228,11.7871;
33,Walking,80226819,-3.1592,0.1782,11.1084;
33,Walking,80277819,-1.5332,4.2944,13.6279;
33,Walking,80328819,0.3369,0.6299,11.1353;
33,Walking,80379819,0.3101,0.5005,10.6812;
33,Walking,80430819,-0.0977,1.4307,10.2856;
33,Walking,80481819,-0.2686,1.2524,9.3457;
33,Walking,80532819,-0.8374,-0.0024,10.2954;
33,Walking,80583819,-0.1245,-0.0488,10.5908;
33,Walking,80634819,2.1558,-1.2134,13.8452;
33,Walking,80685819,1.9971,-3.9575,13.0176;
33,Walking,80736819,3.4058,-1.4160,11.7871;
33,Walking,80787819,-0.2173,0.4175,18.5742;
33,Walking,80838819,-2.9810,-1.7554,13.4497;
33,Walking,80889819,1.2476,-3.7817,8.4595;
33,Walking,80940819,-1.8018,7.9883,11.1304;
33,Walking,80991819,-1.3379,3.9331,10.6177;
33,Walking,81042819,-2.1460,2.6416,10.7593;
33,Walking,81093819,-2.4951,0.7959,12.1167;
33,Walking,81144819,-2.2485,-2.1558,12.2803;
33,Walking,81195819,-3.5937,-1.1548,10.7178;
33,Walking,81246819,-0.8301,1.1353,11.6211;
33,Walking,81297819,-2.6685,1.3647,11.5161;
33,Walking,81348819,-2.1338,1.7651,11.6528;
33,Walking,81399819,-1.8970,1.4136,11.3892;
33,Walking,81450819,-1.9824,0.8447,11.7505;
33,Walking,81501819,-1.9263,-0.0073,11.4160;
33,Walking,81552819,-2.2119,0.3760,11.2183;
33,Walking,81603819,-2.0190,0.4663,11.6431;
33,Walking,81654819,-1.9214,0.0513,11.4380;
33,Walking,81705819,-1.4966,-1.0474,11.3013;
33,Walking,81756819,-2.1240,-0.3564,12.7295;
33,Walking,81807819,-2.5024,1.9336,13.0249;
33,Walking,81858819,-1.2988,4.2212,12.9980;
33,Walking,81909819,3.4912,3.4229,13.3618;
33,Walking,81960819,0.6006,2.3364,11.5698;
33,Walking,82011819,-2.5635,2.7515,10.3857;
33,Walking,82062819,0.7275,0.6543,11.1987;
33,Walking,82113819,-0.0415,-2.0142,10.3442;
33,Walking,82164819,-0.5396,0.7446,10.5542;
33,Walking,82215819,-1.1328,0.7202,9.2285;
33,Walking,82266819,-0.7568,-2.0508,11.1694;
33,Walking,82317819,2.8540,-4.0845,13.4741;
33,Walking,82368819,1.6992,0.3906,12.3706;
33,Walking,82419819,1.8262,1.6553,11.4648;
33,Walking,82470819,1.0278,0.3809,11.2402;
33,Walking,82521819,0.0220,-1.2402,11.6895;
33,Walking,82572822,-0.9009,-1.7285,10.4517;
33,Walking,82623819,-1.7041,-0.3198,13.4497;
33,Walking,82674819,21.4063,-4.6851,18.7573;
33,Walking,82725819,-2.8223,0.9131,8.3813;
33,Walking,82776819,-0.9619,5.2490,10.6812;
33,Walking,82827819,-1.9531,2.3315,12.9102;
33,Walking,82878819,-0.6982,-1.6577,9.6924;
33,Walking,82929819,-2.9663,-2.1338,12.5513;
33,Walking,82980819,-0.2271,0.8984,12.3999;
33,Walking,83031819,-2.5562,1.3013,10.2100;
33,Walking,83082819,-2.4854,1.4575,11.6162;
33,Walking,83133819,-1.6528,0.9448,11.6064;
33,Walking,83184819,-2.5830,0.8862,11.8335;
33,Walking,83235819,-2.0679,0.5029,11.5698;
33,Walking,83286819,-1.7163,0.3296,11.8481;
33,Walking,83337819,-1.7212,0.2759,11.4551;
33,Walking,83388819,-1.5869,0.8032,11.4038;
33,Walking,83439819,-1.7432,0.7373,11.2695;
33,Walking,83490819,-2.2485,0.7202,11.4111;
33,Walking,83541819,-1.9409,0.2759,11.0547;
33,Walking,83592819,-2.1045,-0.1733,12.0825;
33,Walking,83643819,-2.5513,0.2759,12.8540;
33,Walking,83694819,-2.0264,1.4282,11.7969;
33,Walking,83745819,-1.4526,1.1523,11.2939;
33,Walking,83796819,0.6348,2.5684,12.0581;
33,Walking,83847819,1.0498,1.5405,12.6514;
33,Walking,83898819,-0.2100,1.1401,12.9517;
33,Walking,83949819,-1.6064,2.9028,11.8872;
33,Walking,84000819,-1.4429,1.6406,11.2769;
33,Walking,84051819,-0.4199,-0.1123,10.6665;
33,Walking,84102819,-1.3477,-0.7324,10.2002;
33,Walking,84153819,-0.3418,-0.8545,10.0562;
33,Walking,84204819,-1.1572,0.3149,9.4116;
33,Walking,84255819,0.5664,1.0205,11.4575;
33,Walking,84306819,1.5552,-3.2251,13.0933;
33,Walking,84357819,2.5854,-3.8647,14.2236;
33,Walking,84408819,1.8604,-0.8472,11.6211;
33,Walking,84459819,-0.7886,0.9082,12.3828;
33,Walking,84510819,0.2246,0.8105,13.9648;
33,Walking,84561819,0.5835,-4.6802,10.8716;
33,Walking,84612819,-0.2417,6.3306,11.2524;
33,Walking,84663819,-1.8530,5.2271,11.7310;
33,Walking,84714819,-1.4673,-0.5103,11.2695;
33,Walking,84765819,-0.8057,-1.5552,11.1841;
33,Walking,84816819,-1.8359,-0.4932,11.5234;
33,Walking,84867819,-1.9897,0.4175,11.5967;
33,Walking,84918819,-2.5757,0.5908,10.8813;
33,Walking,84969819,-1.8555,0.5029,11.8188;
33,Walking,85020819,-1.5649,0.7080,11.5186;
33,Walking,85071819,-2.2485,0.5225,11.8896;
33,Walking,85122819,-2.1680,0.5615,11.4453;
33,Walking,85173819,-1.7847,0.4639,11.6870;
33,Walking,85224819,-1.7676,0.7764,11.3989;
33,Walking,85275819,-1.2354,1.3257,11.3892;
33,Walking,85326819,-1.7822,0.9351,11.3794;
33,Walking,85377819,-2.1753,-0.1367,11.7603;
33,Walking,85428819,-2.4121,0.3369,11.4868;
33,Walking,85479819,-1.6504,0.1050,11.4404;
33,Walking,85530819,-2.0166,-0.3638,12.5977;
33,Walking,85581819,-2.5146,0.7031,12.0825;
33,Walking,85632819,-1.6943,0.4565,11.3599;
33,Walking,85683819,-1.0474,1.5381,11.5332;
33,Walking,85734819,0.2441,2.6270,12.7368;
33,Walking,85785819,1.4575,0.0244,13.1982;
33,Walking,85836819,1.9922,0.8594,13.5156;
33,Walking,85887819,-3.2007,4.3237,11.4722;
33,Walking,85938819,-1.0596,0.6445,10.4956;
33,Walking,85989819,-1.7578,-0.6372,9.8633;
33,Walking,86040819,-1.0522,0.0415,9.2480;
33,Walking,86091819,-0.3589,0.0317,9.1528;
33,Walking,86142819,0.0171,0.8252,10.7031;
33,Walking,86193819,3.3228,-2.4048,14.9316;
33,Walking,86244819,2.9517,-5.3052,14.6191;
33,Walking,86295819,1.1621,0.9814,9.8755;
33,Walking,86346819,3.9941,3.6353,17.4146;
33,Walking,86397819,-5.3931,-5.5908,9.0967;
33,Walking,86448819,-3.5254,5.5542,11.0498;
33,Walking,86499819,-2.1387,3.9673,12.5513;
33,Walking,86550819,-2.0435,2.7515,8.1299;
33,Walking,86601819,-2.6221,2.0312,11.9800;
33,Walking,86652819,-2.4463,-1.0254,11.6895;
33,Walking,86703819,-3.4351,-2.5366,11.7847;
33,Walking,86754819,-1.0229,-0.1245,11.2793;
33,Walking,86805819,-2.6172,1.2207,11.1255;
33,Walking,86856819,-2.0459,1.3965,12.1191;
33,Walking,86907819,-1.2915,1.0791,11.8872;
33,Walking,86958819,-1.1060,0.6177,11.5430;
33,Walking,87009819,-1.8262,0.2539,11.3574;
33,Walking,87060819,-2.7002,0.9204,11.2305;
33,Walking,87111819,-2.5244,0.7764,11.6895;
33,Walking,87162819,-1.7407,-0.0757,11.7310;
33,Walking,87213819,-2.7319,-0.5688,12.6050;
33,Walking,87264819,-2.3169,0.2515,11.6797;
33,Walking,87315819,-1.9897,1.2109,11.6211;
33,Walking,87366819,-0.9521,3.1445,11.7188;
33,Walking,87417819,0.1855,2.3096,12.4634;
33,Walking,87468819,0.0928,-0.1294,12.3804;
33,Walking,87519819,1.1304,-0.0610,12.3633;
33,Walking,87570819,-3.5352,3.8843,12.7637;
33,Walking,87621819,-3.9648,3.3691,11.6211;
33,Walking,87672819,2.4634,-1.4087,12.0679;
33,Walking,87723819,-0.5249,0.7251,10.4028;
33,Walking,87774819,-0.0781,0.9326,8.9868;
33,Walking,87825819,-0.4346,1.2402,8.3350;
33,Walking,87876819,-0.0464,2.8662,9.4092;
33,Walking,87927819,1.3208,-4.4238,18.3862;
33,Walking,87978819,4.0137,-8.0396,13.0518;
33,Walking,88029819,-0.5444,1.9653,12.2559;
33,Walking,88080819,2.8296,5.0659,15.4224;
33,Walking,88131819,-2.3633,-3.6914,8.7720;
33,Walking,88182819,-5.5908,6.2866,9.9268;
33,Walking,88233819,-1.8140,4.2407,10.2710;
33,Walking,88284819,-0.9570,2.0117,9.5947;
33,Walking,88335819,-4.0259,1.1597,11.8237;
33,Walking,88386819,-1.8750,-3.3008,12.4414;
33,Walking,88437819,-1.8896,-1.3306,11.4258;
33,Walking,88488819,-1.3086,1.3110,11.7310;
33,Walking,88539819,-1.2061,1.5210,11.5869;
33,Walking,88590819,-2.0361,0.6421,11.7090;
33,Walking,88641819,-2.0264,0.1367,11.6113;
33,Walking,88692819,-2.1777,0.7153,11.1060;
33,Walking,88743819,-2.6099,1.6455,11.2939;
33,Walking,88794819,-1.9678,1.1548,10.9302;
33,Walking,88845819,-1.6528,-1.5234,13.3691;
33,Walking,88896819,-1.1694,-0.9985,12.6367;
33,Walking,88947819,-1.2085,1.4771,12.3120;
33,Walking,88998819,-0.2368,2.7979,11.4478;
33,Walking,89049819,1.5601,1.0010,12.0410;
33,Walking,89100819,-1.6016,2.1875,13.0444;
33,Walking,89151819,-3.9062,3.3350,12.2607;
33,Walking,89202819,1.1670,-0.8008,10.8838;
33,Walking,89253819,0.2271,-1.4526,11.0840;
33,Walking,89304819,-0.1929,1.7529,9.7119;
33,Walking,89355819,-0.1123,1.4868,10.1758;
33,Walking,89406819,-0.7715,-0.1758,11.7334;
33,Walking,89457819,-0.0708,-1.1157,10.8545;
33,Walking,89508819,1.6626,-3.1812,12.9980;
33,Walking,89559819,2.1411,-1.3818,13.0518;
33,Walking,89610819,0.8789,-0.2368,10.8179;
33,Walking,89661819,-0.6958,0.9937,10.2710;
33,Walking,89712833,-3.9307,1.5308,18.5010;
33,Walking,89763819,7.6562,-4.1113,17.6392;
33,Walking,89814819,-3.9600,1.0107,6.3574;
33,Walking,89865819,-1.5796,7.1313,8.9868;
33,Walking,89916819,-3.7280,1.1328,14.3359;
33,Walking,89967819,-0.3906,-5.0610,9.9512;
33,Walking,90018819,-2.5830,2.5439,12.3657;
33,Walking,90069819,-2.0703,1.3110,11.4893;
33,Walking,90120819,-2.9126,1.3110,10.8618;
33,Walking,90171819,-2.7417,0.5884,10.8984;
33,Walking,90222819,-2.2925,0.5371,11.8945;
33,Walking,90273819,-2.1460,0.8960,11.2988;
33,Walking,90324829,-1.8408,1.0840,12.1069;
33,Walking,90375819,-1.1816,0.4980,11.6602;
33,Walking,90426819,-1.4844,0.2051,11.7676;
33,Walking,90477819,-1.4624,0.8643,10.9082;
33,Walking,90528819,-2.4146,1.1670,11.3696;
33,Walking,90579819,-2.1973,0.2686,11.0352;
33,Walking,90630819,-2.5562,-1.0571,13.5205;
33,Walking,90681819,-2.6318,0.5469,12.2534;
33,Walking,90732819,-1.1743,2.7612,10.6909;
33,Walking,90783819,1.9360,3.8745,12.5708;
33,Walking,90834819,0.9717,0.8081,13.1958;
33,Walking,90885819,-3.0688,3.3179,11.9849;
33,Walking,90936819,-3.2983,2.4707,11.8359;
33,Walking,90987819,2.8979,-1.4380,11.7358;
33,Walking,91038819,-0.0488,-0.1074,10.8252;
33,Walking,91089819,-0.9888,0.6519,10.1904;
33,Walking,91140819,-0.8691,2.8125,8.4009;
33,Walking,91191819,-0.9180,1.2842,9.4312;
33,Walking,91242819,1.2183,-0.8545,13.0762;
33,Walking,91293819,4.6533,-8.9673,15.2808;
33,Walking,91344819,0.0562,-1.1938,12.3730;
33,Walking,91395819,-0.5322,3.1836,18.0762;
33,Walking,91446819,1.2817,-2.7954,13.3301;
33,Walking,91497819,-2.3853,3.5132,7.9248;
33,Walking,91548819,-1.7993,7.1362,11.5015;
33,Walking,91599819,-2.0557,0.1440,11.6016;
33,Walking,91650819,-1.5747,-0.0610,9.0308;
33,Walking,91701819,-3.0664,-0.9424,12.7515;
33,Walking,91752819,-2.8369,-0.9790,11.2720;
33,Walking,91803819,-2.1240,1.5649,11.4111;
33,Walking,91854819,-2.1167,1.3184,11.3818;
33,Walking,91905819,-1.8091,1.5112,11.4429;
33,Walking,91956819,-2.1118,1.7310,12.2241;
33,Walking,92007819,-1.5088,-0.2100,11.8750;
33,Walking,92058819,-1.3501,-0.7104,11.4600;
33,Walking,92109819,-1.4233,0.5396,11.4502;
33,Walking,92160819,-1.9775,0.3784,10.5664;
33,Walking,92211819,-2.2827,-0.9375,11.6284;
33,Walking,92262819,-2.7979,0.8496,13.3691;
33,Walking,92313819,-0.8301,3.8159,12.9565;
33,Walking,92364819,-0.8887,1.9556,11.8213;
33,Walking,92415819,-0.0415,1.1011,11.6968;
33,Walking,92466819,-0.3223,1.7651,11.6748;
33,Walking,92517819,-0.6104,2.0435,12.2607;
33,Walking,92568819,-0.8130,1.1572,11.6309;
33,Walking,92619819,-0.1636,0.5127,11.1963;
33,Walking,92670819,0.9644,-0.7056,11.5063;
33,Walking,92721819,0.0293,-0.5737,10.7031;
33,Walking,92772819,-0.4956,1.6431,9.3311;
33,Walking,92823819,0.6836,2.1631,10.7422;
33,Walking,92874819,2.4414,-1.5625,12.1777;
33,Walking,92925819,2.1655,-5.9106,13.0005;
33,Walking,92976819,1.2695,-1.3330,11.6626;
33,Walking,93027819,-0.2588,0.5786,18.3667;
33,Walking,93078819,4.0918,-2.4390,17.6270;
33,Walking,93129819,-4.2187,-0.1538,5.9717;
33,Walking,93180819,-0.5566,9.5630,8.2642;
33,Walking,93231819,-2.1265,1.8237,16.8530;
33,Walking,93282819,-0.9399,-2.7710,9.8926;
33,Walking,93333819,-2.0117,-0.4590,12.5708;
33,Walking,93384819,-2.1362,0.2710,11.0352;
33,Walking,93435819,-2.3462,1.8921,10.7397;
33,Walking,93486819,-2.6514,1.7090,10.6177;
33,Walking,93537819,-2.1460,0.6104,12.2510;
33,Walking,93588819,-1.7480,0.6201,11.6382;
33,Walking,93639819,-1.7676,0.3638,11.9165;
33,Walking,93690819,-1.1865,0.3833,11.6919;
33,Walking,93741819,-1.6650,0.4517,11.5649;
33,Walking,93792819,-1.8457,1.0205,11.4941;
33,Walking,93843819,-1.9238,0.0439,11.5869;
33,Walking,93894819,-1.6431,-0.7812,10.6738;
33,Walking,93945819,-1.3037,-1.8481,11.5552;
33,Walking,93996819,-1.6113,-0.3662,12.0361;
33,Walking,94047819,-0.6714,4.4360,14.1528;
33,Walking,94098819,-2.1533,1.4258,11.9727;
33,Walking,94149819,-0.0854,3.2056,12.2437;
33,Walking,94200819,0.6445,2.1802,12.3267;
33,Walking,94251819,0.7446,2.2803,11.9751;
33,Walking,94302819,-1.1426,1.9678,11.0327;
33,Walking,94353819,0.2148,-1.3989,11.2231;
33,Walking,94404819,-0.2637,0.4419,10.4712;
33,Walking,94455819,-0.8374,0.2271,9.7534;
33,Walking,94506819,-1.9556,-0.5176,9.7974;
33,Walking,94557819,1.9678,-0.2148,12.4023;
33,Walking,94608819,1.7114,-2.6465,11.9312;
33,Walking,94659819,2.6318,-0.7642,12.8638;
33,Walking,94710819,1.8433,0.4980,10.7446;
33,Walking,94761819,-0.4028,-0.7056,11.2012;
33,Walking,94812819,-4.0967,-2.6929,16.2769;
33,Walking,94863819,6.1255,-3.6719,10.1758;
33,Walking,94914819,-4.0234,8.5571,9.9731;
33,Walking,94965819,-2.8296,4.1406,11.2720;
33,Walking,95016819,-2.1802,2.0752,9.7534;
33,Walking,95067819,-2.6416,0.2051,12.4609;
33,Walking,95118819,-3.5278,-3.9136,11.8726;
33,Walking,95169819,-0.7495,-0.5151,11.2793;
33,Walking,95220819,-2.0068,2.6465,11.7871;
33,Walking,95271819,-1.3672,2.0923,11.3892;
33,Walking,95322819,-2.4585,1.4526,11.5625;
33,Walking,95373819,-2.1973,0.8911,11.6382;
33,Walking,95424819,-2.5903,0.1074,11.6431;
33,Walking,95475819,-2.0752,0.1465,11.6016;
33,Walking,95526819,-2.1533,0.2954,11.2866;
33,Walking,95577819,-1.5820,0.2954,11.7578;
33,Walking,95628819,-1.5112,0.0562,10.9521;
33,Walking,95679819,-2.5659,-0.6421,12.7490;
33,Walking,95730819,-1.9482,1.0132,12.4780;
33,Walking,95781819,-1.3281,1.6772,11.8066;
33,Walking,95832819,-0.9766,1.4307,11.4063;
33,Walking,95883819,1.0571,2.5391,12.8809;
33,Walking,95934819,1.5942,1.8896,12.5195;
33,Walking,95985819,-1.3159,2.0679,12.4341;
33,Walking,96036819,-3.2568,3.5229,11.1157;
33,Walking,96087819,0.7227,-1.7822,11.2085;
33,Walking,96138819,-0.7910,0.5127,10.8667;
33,Walking,96189819,-0.2612,2.0728,10.6177;
33,Walking,96240819,-0.0684,0.9814,10.0488;
33,Walking,96291819,-0.3394,-2.3511,12.4512;
33,Walking,96342819,0.4590,-3.2666,11.7578;
33,Walking,96393819,0.8643,-2.0508,12.7881;
33,Walking,96444819,0.9082,-0.1245,11.6089;
33,Walking,96495819,0.2148,0.1807,10.4004;
33,Walking,96546819,-0.6689,0.7886,10.4248;
33,Walking,96597819,-1.6357,0.6177,12.1118;
33,Walking,96648819,3.0835,-0.9253,15.0439;
33,Walking,96699819,1.3110,-3.2324,10.9814;
33,Walking,96750819,-2.9053,5.2197,8.6035;
33,Walking,96801827,-1.7920,5.1099,11.7603;
33,Walking,96852819,-1.8750,-1.0669,11.9238;
33,Walking,96903819,-1.9214,-2.8540,11.3770;
33,Walking,96954819,-0.8936,0.3931,12.0801;
33,Walking,97005819,-2.5977,1.0449,10.7593;
33,Walking,97056819,-2.2998,1.8457,11.5356;
33,Walking,97107819,-1.3965,1.5381,11.7188;
33,Walking,97158819,-2.5806,0.6543,11.5112;
33,Walking,97209819,-2.7393,0.5005,11.5820;
33,Walking,97260819,-2.0020,0.6372,11.3550;
33,Walking,97311819,-1.3843,0.7300,11.7017;
33,Walking,97362819,-1.2646,1.0547,11.4478;
33,Walking,97413819,-1.3721,0.3394,11.5186;
33,Walking,97464819,-1.4404,-0.2173,11.5503;
33,Walking,97515819,-1.6479,-0.9082,12.5586;
33,Walking,97566819,-2.5757,0.1685,13.0176;
33,Walking,97617819,-2.4634,2.2729,12.0679;
33,Walking,97668819,-1.3281,2.4731,10.7129;
33,Walking,97719819,-0.4248,1.7847,11.6235;
33,Walking,97770819,4.5435,0.1831,13.9795;
33,Walking,97821819,-2.2876,1.5723,13.9722;
33,Walking,97872819,-3.6475,4.3750,11.7163;
33,Walking,97923819,0.9888,1.0205,10.4858;
33,Walking,97974819,-0.7642,-0.3564,10.8984;
33,Walking,98025819,-0.7080,0.3540,9.5142;
33,Walking,98076819,-1.2256,-0.0684,8.7134;
33,Walking,98127819,-0.8154,0.2954,10.5811;
33,Walking,98178819,1.7627,-1.4087,12.7808;
33,Walking,98229819,1.0571,-5.5518,13.4790;
33,Walking,98280819,3.1274,-1.3672,12.8076;
33,Walking,98331819,-0.0562,-0.4126,10.8618;
33,Walking,98382819,-4.3945,-0.0708,14.8584;
33,Walking,98433819,3.5059,1.5381,11.0767;
33,Walking,98484819,-1.8726,7.4609,8.9355;
33,Walking,98535819,-2.2217,3.5278,11.0913;
33,Walking,98586819,-1.8286,1.2476,10.7715;
33,Walking,98637819,-4.7754,-1.6455,12.3193;
33,Walking,98688819,-1.2939,-3.5107,11.7334;
33,Walking,98739819,-1.5991,1.2500,11.2744;
33,Walking,98790819,-2.1631,3.2764,11.9946;
33,Walking,98841819,-1.6797,1.9653,11.2427;
33,Walking,98892819,-2.5610,1.0254,11.5747;
33,Walking,98943819,-2.4902,0.3345,11.5918;
33,Walking,98994819,-2.0068,0.0269,11.7798;
33,Walking,99045819,-1.7920,0.3271,11.3794;
33,Walking,99096819,-1.6650,0.2075,11.4380;
33,Walking,99147819,-1.5454,0.4468,11.5576;
33,Walking,99198819,-1.9141,0.9009,11.2866;
33,Walking,99249819,-2.2876,1.2671,10.8569;
33,Walking,99300819,-2.0044,0.5347,13.0469;
33,Walking,99351819,-2.4487,0.6494,13.3594;
33,Walking,99402819,-2.1436,0.8887,11.2866;
33,Walking,99453819,-1.4063,1.4551,10.8472;
33,Walking,99504819,2.0337,5.0586,12.8540;
33,Walking,99555819,2.7466,1.4404,14.0894;
33,Walking,99606819,-2.1973,1.1768,11.3892;
33,Walking,99657819,-3.8232,6.2988,11.3330;
33,Walking,99708819,0.6274,0.1294,11.6016;
33,Walking,99759819,-0.0098,0.5859,10.9473;
33,Walking,99810819,-0.4199,0.8667,9.7437;
33,Walking,99861819,-2.1240,-2.0972,9.5410;
33,Walking,99912819,-0.3467,-0.9106,11.5869;
33,Walking,99963819,2.2363,-0.6006,13.3496;
33,Walking,100014819,2.6123,-0.8276,11.5869;
33,Walking,100065819,3.0566,-0.7568,12.5830;
33,Walking,100116819,0.6567,0.1929,10.4517;
33,Walking,100167819,-3.4961,0.3931,17.2778;
33,Walking,100218819,-2.7246,-3.5156,11.6309;
33,Walking,100269819,1.6943,3.6279,13.4668;
33,Walking,100320819,-0.4199,6.3184,9.2432;
33,Walking,100371819,-1.9385,3.3374,12.4512;
33,Walking,100422819,-2.8149,-0.8496,10.5273;
33,Walking,100473819,-1.1963,-1.7212,11.2305;
33,Walking,100524819,-1.6846,0.5273,11.9702;
33,Walking,100575819,-2.5977,1.5161,10.9692;
33,Walking,100626819,-2.2217,1.2915,11.2891;
33,Walking,100677819,-1.7651,0.8545,11.9800;
33,Walking,100728819,-2.0679,0.1196,11.7847;
33,Walking,100779819,-1.9653,-0.0684,11.6504;
33,Walking,100830819,-1.7822,0.0342,11.6577;
33,Walking,100881819,-1.5381,-0.0171,11.6724;
33,Walking,100932819,-1.3599,-0.2002,11.6479;
33,Walking,100983819,-1.1792,0.0000,11.3794;
33,Walking,101034819,-1.3379,0.2466,11.0840;
33,Walking,101085819,-1.5845,-0.4834,11.2988;
33,Walking,101136819,-2.5122,0.4883,13.4277;
33,Walking,101187819,-2.4805,3.1543,13.4106;
33,Walking,101238819,-1.4673,2.4219,11.4746;