33,Walking,10382849,-1.6357,0.4053,11.2598;
33,Walking,10443834,-2.0581,0.9473,11.5283;
33,Walking,10494838,-1.8115,0.2905,11.6357;
33,Walking,10545822,-1.6870,-0.1538,11.4136;
33,Walking,10596820,-1.7334,-1.2524,11.7725;
33,Walking,10647820,-1.8921,-0.2588,12.0850;
33,Walking,10698820,-2.5391,1.8750,12.5513;
33,Walking,10749820,-0.3198,3.0908,12.2461;
33,Walking,10800820,0.5151,1.0400,12.1411;
33,Walking,10851820,1.0962,-1.1157,11.9873;
33,Walking,10902820,-0.3979,0.0879,13.4180;
33,Walking,10953820,-3.3765,4.0308,11.0669;
33,Walking,11004820,-0.4126,-0.1147,11.1084;
33,Walking,11055820,-0.2197,-0.8276,10.6714;
33,Walking,11106820,-1.1255,0.9985,10.1147;
33,Walking,11157820,0.0952,0.3394,10.0830;
33,Walking,11208820,-0.0244,1.1157,10.9937;
33,Walking,11259820,1.7578,0.8667,12.1436;
33,Walking,11310820,-0.2417,-4.4067,12.3291;
33,Walking,11361820,2.6123,-2.9492,13.8672;
33,Walking,11412820,0.5127,-0.9521,11.0352;
33,Walking,11463820,-1.6870,-0.1611,9.6069;
33,Walking,11514820,-3.6377,0.3711,16.2012;
33,Walking,11565820,5.5664,-2.3730,14.8022;
33,Walking,11616820,-0.8838,4.2212,8.1860;
33,Walking,11667820,-2.0923,5.8569,11.5161;
33,Walking,11718820,-3.3447,-0.0439,12.2021;
33,Walking,11769820,-0.8276,-3.8306,10.1465;
33,Walking,11820820,-1.6333,1.2915,12.3291;
33,Walking,11871820,-2.2607,0.2710,10.8130;
33,Walking,11922820,-2.5757,0.4028,11.1108;
33,Walking,11973820,-1.9360,0.8911,11.5161;
33,Walking,12024820,-1.9067,1.4844,11.3745;
33,Walking,12075820,-2.4316,1.4380,11.2402;
33,Walking,12126820,-2.2729,1.0913,11.7139;
33,Walking,12177820,-2.0264,0.2051,11.6821;
33,Walking,12228820,-1.5845,0.1465,11.6968;
33,Walking,12279820,-1.3257,1.3989,11.4673;
33,Walking,12330820,-1.8555,0.1465,11.4404;
33,Walking,12381820,-2.2339,-0.8398,12.0215;
33,Walking,12432820,-3.4180,-0.7935,13.0615;
33,Walking,12483820,-2.3608,1.9653,11.9629;
33,Walking,12534820,0.6421,3.8086,10.9204;
33,Walking,12585820,1.8750,1.2842,12.6758;
33,Walking,12636820,0.4395,0.0708,11.6357;
33,Walking,12687820,-3.7451,2.6367,12.8394;
33,Walking,12738820,-3.7842,1.9336,11.7896;
33,Walking,12789820,0.3516,-0.6372,10.9277;
33,Walking,12840820,1.0229,0.4565,11.7578;
33,Walking,12891820,-0.9131,1.9434,9.9561;
33,Walking,12942820,-0.5542,1.5332,9.7559;
33,Walking,12993820,0.1611,-0.8984,12.4829;
33,Walking,13044820,1.5210,-0.8667,11.6650;
33,Walking,13095820,2.5024,-4.4653,12.5171;
33,Walking,13146820,0.3076,-0.9448,13.0298;
33,Walking,13197820,-0.4370,1.2207,9.6338;
33,Walking,13248820,-1.0767,1.4868,11.2158;
33,Walking,13299820,1.2280,-2.6758,13.2617;
33,Walking,13350820,3.7109,-3.2397,14.0454;
33,Walking,13401820,-2.2656,3.8647,9.4727;
33,Walking,13452820,-2.6685,5.0586,10.1343;
33,Walking,13503820,-1.0059,3.4961,10.5347;
33,Walking,13554820,-0.8154,-0.5933,11.5308;
33,Walking,13605820,-2.4170,-2.9932,11.8774;
33,Walking,13656820,-1.5137,-0.0659,11.3672;
33,Walking,13707820,-3.0298,1.7749,11.1304;
33,Walking,13758820,-2.9443,0.5835,10.5737;
33,Walking,13809820,-2.2559,1.0718,11.9360;
33,Walking,13860820,-1.7871,1.0693,11.7627;
33,Walking,13911820,-1.6895,0.8765,11.4795;
33,Walking,13962820,-1.9897,0.6885,11.7114;
33,Walking,14013820,-2.1069,0.9302,11.5601;
33,Walking,14064820,-1.7603,1.3525,11.4380;
33,Walking,14115820,-1.4624,0.9253,11.4087;
33,Walking,14166820,-1.8628,0.7983,11.2793;
33,Walking,14217820,-2.0825,0.6274,11.4868;
33,Walking,14268820,-2.0166,0.3418,11.9482;
33,Walking,14319820,-2.8223,-0.1685,12.7173;
33,Walking,14370820,-2.4927,0.6372,11.9043;
33,Walking,14421820,-1.5137,1.7114,10.5054;
33,Walking,14472820,-1.0742,0.7202,11.3232;
33,Walking,14523820,0.4370,0.3540,11.9971;
33,Walking,14574820,2.0874,-0.1050,13.3179;
33,Walking,14625820,-0.2124,1.9336,15.1245;
33,Walking,14676820,-7.0117,5.7324,10.8984;
33,Walking,14727820,1.3184,-0.9302,11.6748;
33,Walking,14778820,-1.1011,0.0244,9.7534;
33,Walking,14829820,-0.7837,1.2891,9.3262;
33,Walking,14880820,-0.5029,-1.5332,9.7266;
33,Walking,14931820,-1.1499,-0.7129,10.4980;
33,Walking,14982820,5.1758,-1.1646,15.7617;
33,Walking,15033820,1.5454,-3.5864,14.1187;
33,Walking,15084820,1.7212,1.9946,8.8550;
33,Walking,15135820,-0.6934,2.2656,15.9058;
33,Walking,15186820,1.3892,-5.8203,13.2861;
33,Walking,15237820,-5.5103,2.4829,7.0752;
33,Walking,15288820,-1.0815,3.6084,11.0889;
33,Walking,15339820,-2.6758,1.8433,10.4077;
33,Walking,15390825,-2.0850,0.8301,10.6714;
33,Walking,15441820,-3.2837,0.5518,12.1582;
33,Walking,15492820,-1.4014,-0.6641,11.2598;
33,Walking,15543820,-2.6123,-0.7056,11.8042;
33,Walking,15594820,-0.9253,1.3257,11.8530;
33,Walking,15645820,-2.5000,1.2378,11.4673;
33,Walking,15696820,-2.7563,0.9668,11.4795;
33,Walking,15747820,-2.2095,0.2344,11.5625;
33,Walking,15798820,-1.4771,0.4028,11.4917;
33,Walking,15849820,-1.5503,1.6895,11.4307;
33,Walking,15900820,-2.6538,0.0513,11.5356;
33,Walking,15951820,-3.0908,-1.1523,12.2998;
33,Walking,16002820,-3.5571,1.3525,11.9873;
33,Walking,16053820,-1.8994,1.8335,12.0068;
33,Walking,16104820,-0.2734,3.6304,13.2471;
33,Walking,16155820,-0.1611,1.8628,11.7212;
33,Walking,16206820,0.3149,0.2026,11.3745;
33,Walking,16257820,-1.1938,1.2354,11.2573;
33,Walking,16308820,-4.4556,2.4292,12.1973;
33,Walking,16359820,-0.9888,-0.2515,10.4297;
33,Walking,16410820,-0.1099,0.3687,10.7861;
33,Walking,16461820,-0.7031,0.6348,10.5762;
33,Walking,16512820,-0.8545,0.8740,10.3662;
33,Walking,16563820,-0.3760,0.4834,11.7188;
33,Walking,16614820,1.3281,0.4248,12.4731;
33,Walking,16665820,1.4355,-3.0762,12.8760;
33,Walking,16716820,-0.1636,-2.3853,11.9580;
33,Walking,16767820,-1.3428,-1.2744,10.1416;
33,Walking,16818820,-1.3208,0.0757,10.3857;
33,Walking,16869820,-2.3560,1.0620,12.6660;
33,Walking,16920820,5.7861,0.3271,19.6533;
33,Walking,16971820,-2.4365,1.1499,7.0166;
33,Walking,17022820,-3.5400,5.1318,9.6460;
33,Walking,17073820,-3.1055,2.2632,10.8423;
33,Walking,17124820,-2.2095,-0.2173,10.5249;
33,Walking,17175820,-2.6270,-0.5273,12.0410;
33,Walking,17226820,0.7178,-0.2612,11.7163;
33,Walking,17277820,-2.7222,-0.1050,11.4551;
33,Walking,17328820,-2.7271,0.9888,11.7896;
33,Walking,17379820,-0.8887,2.2656,11.4771;
33,Walking,17430820,-3.2397,0.1416,11.0156;
33,Walking,17481820,-3.5205,0.2905,10.9985;
33,Walking,17532820,-2.6660,0.7080,11.7017;
33,Walking,17583820,-1.8408,0.3027,11.6309;
33,Walking,17634820,-1.4331,2.1167,11.5894;
33,Walking,17685820,-2.6587,0.8569,11.6919;
33,Walking,17736820,-4.0796,-1.0986,12.3340;
33,Walking,17787820,-2.5073,1.6040,11.1719;
33,Walking,17838820,-0.8691,2.2314,11.3232;
33,Walking,17889820,-0.0146,2.3242,13.0884;
33,Walking,17940820,-0.4248,0.4883,12.7490;
33,Walking,17991820,-1.6333,0.3101,11.3257;
33,Walking,18042820,-4.0112,1.0449,11.0596;
33,Walking,18093820,-4.2285,1.4087,11.7529;
33,Walking,18144820,0.3540,-0.4834,10.8301;
33,Walking,18195820,-0.7227,0.4810,11.9019;
33,Walking,18246820,-1.0449,0.6812,11.3135;
33,Walking,18297820,0.0391,1.0767,11.8555;
33,Walking,18348820,0.0708,3.0664,11.2988;
33,Walking,18399820,0.0854,2.1362,10.6470;
33,Walking,18450820,0.2905,-0.7275,11.7383;
33,Walking,18501820,0.0342,-1.2476,11.3525;
33,Walking,18552820,0.8960,-2.1387,11.5259;
33,Walking,18603820,-0.4443,-1.4575,10.8569;
33,Walking,18654820,-1.9385,1.5356,14.0845;
33,Walking,18705820,3.0273,0.5249,16.6748;
33,Walking,18756820,-1.0522,-0.5200,9.1162;
33,Walking,18807820,-2.3267,3.5547,8.5181;
33,Walking,18858820,-2.0337,4.6777,12.5464;
33,Walking,18909820,-1.7578,0.8325,11.4941;
33,Walking,18960820,-0.6226,-1.6797,10.7373;
33,Walking,19011820,-0.7153,-2.0825,12.7393;
33,Walking,19062820,-2.5488,2.0972,11.1230;
33,Walking,19113820,-3.2275,1.1011,10.8960;
33,Walking,19164820,-2.5513,-0.0806,11.3794;
33,Walking,19215820,-2.1240,0.1709,11.5063;
33,Walking,19266820,-2.0996,1.5698,11.7383;
33,Walking,19317820,-0.6030,1.4063,11.7773;
33,Walking,19368820,-2.1948,-0.4858,11.8848;
33,Walking,19419820,-2.0898,-0.1392,11.3379;
33,Walking,19470820,-1.4722,1.7212,11.5894;
33,Walking,19521820,-1.8604,1.5796,11.2036;
33,Walking,19572820,-2.4341,-0.1294,11.2451;
33,Walking,19623820,-1.9141,-1.5576,11.7725;
33,Walking,19674820,-3.4619,0.0854,12.7515;
33,Walking,19725820,-2.8955,3.5010,11.9678;
33,Walking,19776820,1.0718,4.2065,12.6270;
33,Walking,19827820,0.1831,-1.3818,11.8579;
33,Walking,19878820,0.2783,-0.6006,11.1450;
33,Walking,19929820,-2.6855,2.3071,12.7124;
33,Walking,19980820,-5.1807,3.1152,11.7822;
33,Walking,20031820,1.3550,-2.2266,11.3379;
33,Walking,20082820,0.0049,-1.1987,11.4795;
33,Walking,20133820,-0.9570,2.3950,10.7642;
33,Walking,20184820,0.0293,1.3208,10.2637;
33,Walking,20235820,-0.0977,0.7446,11.5527;
33,Walking,20286820,1.0278,0.5396,10.8545;
33,Walking,20337820,0.5737,-3.8574,12.5732;
33,Walking,20388820,0.1294,-3.1470,11.7822;
33,Walking,20439820,1.1572,-1.2598,11.9336;
33,Walking,20490820,-0.8936,0.9204,10.0659;
33,Walking,20541820,-2.2144,0.5835,12.9688;
33,Walking,20592820,0.7837,0.8496,14.2236;
33,Walking,20643820,1.8677,-1.2891,12.4365;
33,Walking,20694820,-1.8970,3.5718,8.9990;
33,Walking,20745820,-2.2534,3.7109,11.6138;
33,Walking,20796820,-1.2158,1.2231,10.0049;
33,Walking,20847820,-1.9971,0.2637,11.8213;
33,Walking,20898820,-3.2788,-2.1069,12.7344;
33,Walking,20949820,-0.7422,-0.5151,10.7959;
33,Walking,21000820,-3.0591,-0.4370,11.4160;
33,Walking,21051820,-1.9019,1.5039,11.6211;
33,Walking,21102820,-2.2705,1.5186,10.8398;
33,Walking,21153820,-2.1436,1.3818,12.3901;
33,Walking,21204822,-1.7993,0.8594,11.2207;
33,Walking,21255820,-1.5796,1.1743,11.6968;
33,Walking,21306820,-1.8433,0.9277,11.6113;
33,Walking,21357820,-2.0264,1.1279,10.9839;
33,Walking,21408820,-1.7065,1.0425,11.6309;
33,Walking,21459820,-1.8335,0.4785,11.6040;
33,Walking,21510820,-2.3560,0.5737,11.4771;
33,Walking,21561820,-2.1118,-0.0244,12.6587;
33,Walking,21612820,-2.9883,0.0024,12.2803;
33,Walking,21663820,-1.9922,1.2939,9.9487;
33,Walking,21714820,-1.4600,0.5127,10.8032;
33,Walking,21765820,1.0864,3.3081,13.0298;
33,Walking,21816820,1.7065,-0.7031,12.7222;
33,Walking,21867820,0.1172,-0.0952,13.5400;
33,Walking,21918820,-6.3501,4.7070,12.3340;
33,Walking,21969820,-1.6724,1.6333,10.6934;
33,Walking,22020820,0.4834,-1.6504,11.1475;
33,Walking,22071820,-1.6235,0.4663,10.6421;
33,Walking,22122820,-0.0635,0.6592,9.7925;
33,Walking,22173820,-0.7812,0.8423,10.6152;
33,Walking,22224820,0.1807,2.2339,11.4160;
33,Walking,22275820,1.7993,-2.4438,13.3545;
33,Walking,22326820,1.7725,-4.3115,13.7402;
33,Walking,22377820,0.8105,-1.1353,11.0059;
33,Walking,22428820,-0.7959,0.1172,9.3604;
33,Walking,22479820,-3.5449,0.2661,13.4033;
33,Walking,22530820,2.6294,-2.2827,15.9497;
33,Walking,22581820,-0.7178,0.3564,10.7324;
33,Walking,22632820,-1.0962,6.0156,8.9258;
33,Walking,22683820,-1.1792,6.2695,10.9790;
33,Walking,22734820,-2.8101,-2.1289,12.0239;
33,Walking,22785820,-1.2695,-2.5098,12.4463;
33,Walking,22836820,-3.2324,-2.5513,10.2563;
33,Walking,22887820,-0.5225,-0.5933,11.8311;
33,Walking,22938820,-0.2393,3.6987,11.3257;
33,Walking,22989820,-0.5225,3.0322,11.5112;
33,Walking,23040820,-2.4780,0.3833,11.1743;
33,Walking,23091820,-3.2715,-2.0923,12.4292;
33,Walking,23142820,-0.7812,-1.2109,11.5259;
33,Walking,23193820,-1.5845,2.2388,11.3379;
33,Walking,23244820,-2.8662,2.1460,11.7114;
33,Walking,23295820,-2.4487,0.9814,11.9678;
33,Walking,23346820,-1.5356,0.6104,11.3013;
33,Walking,23397820,-1.8994,0.7104,11.3159;
33,Walking,23448820,-2.3926,1.0547,11.0327;
33,Walking,23499820,-2.7246,1.2256,11.3135;
33,Walking,23550820,-2.1191,0.7202,11.5723;
33,Walking,23601820,-1.7358,0.4565,11.6821;
33,Walking,23652820,-1.7725,0.9839,11.6870;
33,Walking,23703820,-1.4697,-0.2368,12.5757;
33,Walking,23754820,-1.4429,-0.3076,12.5000;
33,Walking,23805820,-1.1304,0.1514,11.6968;
33,Walking,23856820,0.2173,1.1328,10.5981;
33,Walking,23907820,1.4600,0.3540,11.8677;
33,Walking,23958820,0.7935,0.6934,12.7734;
33,Walking,24009820,-2.7686,3.7451,12.9541;
33,Walking,24060820,-5.2222,2.1631,11.4893;
33,Walking,24111820,1.6309,-2.0605,11.1157;
33,Walking,24162820,-0.6323,1.1792,11.4087;
33,Walking,24213820,0.4980,0.9399,11.7505;
33,Walking,24264820,3.2153,-1.1743,12.5195;
33,Walking,24315820,-1.8530,-2.7051,11.9531;
33,Walking,24366820,-1.0669,-0.7129,11.4819;
33,Walking,24417820,0.6714,2.0117,11.4404;
33,Walking,24468820,0.6079,-1.8359,11.5161;
33,Walking,24519820,-0.7764,-2.6025,11.3477;
33,Walking,24570820,-1.2158,-0.4150,10.4785;
33,Walking,24621820,-0.4639,0.5688,10.6909;
33,Walking,24672820,0.2515,0.2905,10.5249;
33,Walking,24723820,-0.7031,-0.1660,9.6045;
33,Walking,24774820,-1.0645,0.0342,11.0913;
33,Walking,24825820,3.0688,-6.6064,13.7964;
33,Walking,24876820,0.6714,-0.9717,15.0806;
33,Walking,24927820,-0.7471,3.9819,8.5181;
33,Walking,24978820,-2.8882,4.2554,10.2295;
33,Walking,25029820,-2.2485,-0.2612,12.4048;
33,Walking,25080821,1.4673,-1.3354,11.2842;
33,Walking,25131820,-1.4868,1.4282,11.9702;
33,Walking,25182820,-3.5962,-0.9766,10.4688;
33,Walking,25233820,-1.9287,0.9839,11.9727;
33,Walking,25284820,-2.6807,1.8042,10.9595;
33,Walking,25335820,-2.9492,1.7920,11.7798;
33,Walking,25386820,-1.9360,1.2158,11.4771;
33,Walking,25437820,-1.1890,0.1978,11.3696;
33,Walking,25488820,-1.8286,0.1709,12.3682;
33,Walking,25539820,1.0278,0.7446,11.4917;
33,Walking,25590820,-1.0596,-1.0303,10.9375;
33,Walking,25641820,-1.9263,-2.6440,12.5806;
33,Walking,25692820,-3.7524,0.0952,12.7612;
33,Walking,25743820,-2.7954,2.9321,12.1729;
33,Walking,25794820,2.3633,6.5796,12.5659;
33,Walking,25845820,1.1230,1.1865,12.3535;
33,Walking,25896820,-1.7041,0.3076,12.0166;
33,Walking,25947820,-3.0957,1.8652,11.7334;
33,Walking,25998820,-0.5542,-1.7505,11.8921;
33,Walking,26049820,-0.3784,-0.8154,11.3110;
33,Walking,26100820,0.0610,1.4893,10.8667;
33,Walking,26151820,-0.5054,1.8311,9.7559;
33,Walking,26202820,-0.6470,0.3369,10.0659;
33,Walking,26253820,0.7446,-1.3257,11.5894;
33,Walking,26304820,1.6675,-3.7671,12.6318;
33,Walking,26355820,1.5820,-2.7612,12.4658;
33,Walking,26406820,0.8179,-0.5811,10.7471;
33,Walking,26457820,-0.2051,2.3022,12.4292;
33,Walking,26508820,1.2769,-5.2466,19.5581;
33,Walking,26559820,-0.7593,-1.2915,8.1250;
33,Walking,26610820,-2.1045,7.6587,7.4658;
33,Walking,26661820,-2.2778,6.9287,15.1172;
33,Walking,26712820,-1.2646,-2.2974,10.7739;
33,Walking,26763820,-0.7129,-2.1289,10.9302;
33,Walking,26814820,-1.9751,-1.3574,12.1094;
33,Walking,26865820,-2.3096,-0.1978,11.0254;
33,Walking,26916820,-2.7954,0.6738,11.0718;
33,Walking,26967820,-1.7554,1.8018,12.3730;
33,Walking,27018820,-1.7480,2.1753,11.6626;
33,Walking,27069820,-2.2485,1.2061,11.7114;
33,Walking,27120820,-1.9995,0.0562,11.4258;
33,Walking,27171820,-1.5454,-0.6396,11.3672;
33,Walking,27222820,-2.0264,0.6104,12.1948;
33,Walking,27273820,0.3101,-0.1782,11.8164;
33,Walking,27324820,-1.2671,-2.1460,11.6504;
33,Walking,27375820,-2.9126,0.0439,13.4790;
33,Walking,27426820,-1.8091,3.5791,12.7319;
33,Walking,27477820,1.2183,3.3569,12.0874;
33,Walking,27528820,0.9155,0.7495,11.7822;
33,Walking,27579820,-0.3394,1.0889,12.9419;
33,Walking,27630820,-1.2378,2.0215,12.1899;
33,Walking,27681820,0.0757,0.1660,10.8984;
33,Walking,27732820,0.2930,-0.1587,10.4614;
33,Walking,27783820,0.3979,0.8765,9.4751;
33,Walking,27834820,0.1904,-1.0425,9.9878;
33,Walking,27885820,-0.2295,0.3760,10.5615;
33,Walking,27936820,0.2808,0.2539,12.2314;
33,Walking,27987820,3.9819,-4.9707,13.6792;
33,Walking,28038820,3.3472,-1.9287,13.0835;
33,Walking,28089820,1.0767,0.6934,10.1978;
33,Walking,28140820,0.5640,1.1328,13.9282;
33,Walking,28191820,-1.8579,-2.5464,12.4268;
33,Walking,28242820,-2.3560,1.7554,9.4141;
33,Walking,28293820,-1.8042,4.7241,11.0083;
33,Walking,28344820,-1.1670,2.9883,10.1416;
33,Walking,28395820,-2.2827,1.1401,11.4063;
33,Walking,28446820,-2.1826,-0.6396,12.5879;
33,Walking,28497820,-1.2964,-1.6235,11.4624;
33,Walking,28548820,-2.0410,-0.8228,11.2305;
33,Walking,28599820,-1.2598,1.5332,11.8896;
33,Walking,28650820,-1.6870,1.5186,11.4868;
33,Walking,28701820,-1.9043,0.8252,11.7017;
33,Walking,28752820,-1.8677,0.0146,11.7041;
33,Walking,28803820,-1.8384,0.0317,11.8018;
33,Walking,28854820,-1.6284,0.4687,11.2671;
33,Walking,28905820,-1.6016,1.1475,11.4990;
33,Walking,28956820,-1.8335,0.9521,11.5405;
33,Walking,29007820,-1.6309,-0.1050,11.4136;
33,Walking,29058820,-1.7212,-0.8984,11.7651;
33,Walking,29109820,-2.3340,-0.3931,12.8223;
33,Walking,29160820,-3.3301,1.4014,12.4805;
33,Walking,29211820,-1.8311,2.3193,10.9644;
33,Walking,29262820,0.8081,2.1118,12.5903;
33,Walking,29313820,0.5273,0.0659,11.9409;
33,Walking,29364820,0.7251,0.3076,12.5879;
33,Walking,29415820,-1.6357,2.5317,12.2949;
33,Walking,29466820,-4.8022,2.6440,11.5308;
33,Walking,29517820,1.6455,-1.7261,11.7065;
33,Walking,29568820,-1.2427,-0.4224,11.0034;
33,Walking,29619820,-0.5127,0.8984,10.4419;
33,Walking,29670820,0.4907,0.8350,10.1636;
33,Walking,29721820,-0.5176,1.1108,10.4907;
33,Walking,29772820,0.7104,0.9668,10.5664;
33,Walking,29823820,0.8301,-4.7070,14.3848;
33,Walking,29874820,2.1802,-3.8501,12.4780;
33,Walking,29925820,1.2476,0.1880,10.7690;
33,Walking,29976820,-3.4546,1.2549,16.6553;
33,Walking,30027820,5.1294,-6.5820,15.6958;
33,Walking,30078820,-2.4854,4.8291,8.8501;
33,Walking,30129820,-3.1958,5.3638,10.7642;
33,Walking,30180820,-3.2764,2.4341,11.6870;
33,Walking,30231820,-1.2622,0.6641,9.5361;
33,Walking,30282820,-2.5537,-0.8130,12.7393;
33,Walking,30333820,-0.6079,-2.6147,11.4893;
33,Walking,30384820,-2.5439,0.8813,11.0620;
33,Walking,30435820,-3.3203,1.2695,11.6943;
33,Walking,30486820,-2.4805,1.7749,10.7861;
33,Walking,30537820,-2.4243,2.4829,11.1719;
33,Walking,30588820,-2.0972,1.3794,12.2827;
33,Walking,30639820,-1.2085,-0.8643,11.8872;
33,Walking,30690820,-1.3599,-1.2402,11.7603;
33,Walking,30741820,-2.2266,-0.2686,11.2207;
33,Walking,30792820,-2.2461,-0.1221,13.0762;
33,Walking,30843820,-2.8613,-0.5225,12.2632;
33,Walking,30894820,-0.9253,2.9492,13.8623;
33,Walking,30945820,0.1660,2.0020,10.7056;
33,Walking,30996820,-0.5688,2.9663,11.7920;
33,Walking,31047820,-4.3701,3.9844,13.5156;
33,Walking,31098820,-1.7505,-1.9751,11.2988;
33,Walking,31149820,-2.8223,-1.8018,10.7861;
33,Walking,31200820,-0.2588,1.1060,12.3071;
33,Walking,31251820,0.1440,3.5474,10.1636;
33,Walking,31302820,0.1074,3.1763,9.1235;
33,Walking,31353820,0.1221,-1.1304,12.6465;
33,Walking,31404820,-1.1230,-4.6436,11.6650;
33,Walking,31455820,1.1255,-2.0337,13.8965;
33,Walking,31506820,0.6445,-0.4224,11.1572;
33,Walking,31557820,0.0269,0.0610,10.1416;
33,Walking,31608820,-0.4761,-0.1953,9.8462;
33,Walking,31659820,-3.0981,-0.8813,10.6714;
33,Walking,31710820,-5.9229,0.7300,22.3340;
33,Walking,31761820,6.0718,1.0107,11.6528;
33,Walking,31812820,-0.9814,4.9365,9.3701;
33,Walking,31863820,-2.6636,6.1060,10.1611;
33,Walking,31914820,-4.0088,0.3589,12.7295;
33,Walking,31965820,-0.1953,-3.7012,11.2524;
33,Walking,32016820,0.0415,0.9814,11.9751;
33,Walking,32067820,-3.2764,1.0718,11.0034;
33,Walking,32118820,-2.8223,1.4136,11.5161;
33,Walking,32169820,-2.3169,1.4722,11.5576;
33,Walking,32220820,-1.4697,0.6958,11.4453;
33,Walking,32271820,-2.0093,0.4517,12.0728;
33,Walking,32322820,-1.0596,-0.0537,12.2583;
33,Walking,32373820,-1.2695,-0.2148,11.6089;
33,Walking,32424820,-1.1426,0.6738,11.0742;
33,Walking,32475820,-1.9775,0.9570,11.3330;
33,Walking,32526820,-1.7603,-0.5103,11.3867;
33,Walking,32577820,-2.1289,-1.3403,13.4619;
33,Walking,32628820,-2.1216,1.4087,11.9482;
33,Walking,32679820,-1.1694,3.3667,11.7407;
33,Walking,32730820,3.0859,3.1738,13.2813;
33,Walking,32781820,-0.1074,-1.1353,11.9043;
33,Walking,32832833,-2.6270,3.2202,12.4023;
33,Walking,32883820,-2.2363,2.6587,12.6050;
33,Walking,32934820,-0.1196,-2.3926,9.6216;
33,Walking,32985820,0.2124,0.1587,12.2266;
33,Walking,33036820,-0.0269,3.3374,9.3701;
33,Walking,33087820,-0.4980,2.1265,9.0088;
33,Walking,33138820,-1.6675,-0.5420,12.2070;
33,Walking,33189820,3.1201,-4.7437,13.0176;
33,Walking,33240820,1.7065,-2.6929,12.3560;
33,Walking,33291820,1.7700,-0.6787,12.0288;
33,Walking,33342820,0.4297,-0.6958,10.3442;
33,Walking,33393820,-4.2334,-0.2808,16.1816;
33,Walking,33444820,-0.1245,0.8789,15.7642;
33,Walking,33495820,-0.3906,0.2124,8.4204;
33,Walking,33546820,-1.2622,4.9243,10.6274;
33,Walking,33597820,-0.9277,4.4531,11.3086;
33,Walking,33648820,-2.6318,-0.7520,10.6982;
33,Walking,33699820,-4.4800,-2.4072,11.6895;
33,Walking,33750820,-0.5371,0.8691,11.7529;
33,Walking,33801820,-2.2559,0.8203,11.8872;
33,Walking,33852820,-2.7271,-0.7471,11.0522;
33,Walking,33903820,-1.1768,1.6284,11.8213;
33,Walking,33954820,-1.6406,1.3525,11.7505;
33,Walking,34005820,-2.1240,0.7617,11.2549;
33,Walking,34056820,-2.4512,-0.0757,11.5967;
33,Walking,34107820,-2.3975,0.8496,11.4893;
33,Walking,34158820,-2.5610,1.0327,11.0938;
33,Walking,34209820,-2.0728,1.2891,11.5820;
33,Walking,34260820,-1.9897,1.1377,11.2720;
33,Walking,34311820,-2.3486,0.3906,11.5088;
33,Walking,34362820,-2.5854,-0.2466,11.3574;
33,Walking,34413820,-1.7847,0.0415,11.5283;
33,Walking,34464820,-1.6113,0.1782,11.6870;
33,Walking,34515820,-1.4990,0.4517,11.7871;
33,Walking,34566820,-1.5259,0.4541,10.9253;
33,Walking,34617820,-2.1924,0.2026,12.4219;
33,Walking,34668820,-2.6538,0.5664,10.5469;
33,Walking,34719820,-2.5879,1.3062,10.6201;
33,Walking,34770820,-1.9507,2.9785,11.9580;
33,Walking,34821820,2.3926,3.0933,12.8638;
33,Walking,34872820,0.4492,-0.7324,12.4609;
33,Walking,34923820,-0.6006,0.8716,13.4863;
33,Walking,34974820,-4.3433,4.0332,11.3403;
33,Walking,35025820,-0.0806,-0.3931,11.4868;
33,Walking,35076820,-0.6470,0.1953,10.9790;
33,Walking,35127820,-0.3662,0.6812,11.0449;
33,Walking,35178820,0.3223,0.5591,10.1929;
33,Walking,35229820,-1.8823,0.2563,10.4150;
33,Walking,35280820,0.1514,-0.7251,11.3281;
33,Walking,35331820,0.5713,-1.8457,11.7603;
33,Walking,35382820,0.8179,-2.8076,12.2729;
33,Walking,35433820,0.6982,-1.8262,12.2998;
33,Walking,35484820,-0.1440,-0.6641,10.9229;
33,Walking,35535820,-2.0117,-0.5640,11.8677;
33,Walking,35586820,-0.8740,0.3979,14.2358;
33,Walking,35637820,2.9517,2.4951,11.1157;
33,Walking,35688820,-0.4565,2.4854,10.0757;
33,Walking,35739820,-1.6504,2.4121,12.1387;
33,Walking,35790820,-1.5552,0.2173,11.0181;
33,Walking,35841820,-2.6807,-0.4248,10.0732;
33,Walking,35892820,-2.2266,-0.1050,12.4341;
33,Walking,35943820,-0.9766,1.2769,11.6870;
33,Walking,35994820,-2.5854,0.1611,10.6152;
33,Walking,36045820,-3.1201,0.3662,11.5259;
33,Walking,36096820,-1.8677,1.0425,11.4063;
33,Walking,36147820,-2.4121,1.0107,11.5088;
33,Walking,36198820,-2.5537,0.8032,11.1401;
33,Walking,36249820,-2.3413,0.6982,11.9067;
33,Walking,36300820,-2.6245,1.0669,11.3550;
33,Walking,36351820,-2.6245,1.4868,11.2549;
33,Walking,36402820,-1.8530,1.0986,11.4771;
33,Walking,36453820,-1.7725,0.5615,11.7847;
33,Walking,36504820,-2.8174,0.0244,11.4990;
33,Walking,36555820,-2.3828,0.2759,11.0229;
33,Walking,36606820,-2.3120,1.4355,11.4990;
33,Walking,36657820,-1.9702,1.9580,10.9033;
33,Walking,36708820,-2.1289,0.6128,13.4473;
33,Walking,36759820,-2.0190,0.2148,11.7798;
33,Walking,36810820,-2.0337,1.2549,11.3745;
33,Walking,36861820,-1.6357,1.2866,10.7031;
33,Walking,36912820,-1.1157,0.9912,11.2695;
33,Walking,36963820,-1.2183,2.2729,13.2251;
33,Walking,37014820,6.9727,0.6689,16.1719;
33,Walking,37065820,-5.3394,6.7822,11.2329;
33,Walking,37116820,1.5723,1.3281,11.5283;
33,Walking,37167820,-0.9473,-0.7153,11.1865;
33,Walking,37218820,-1.1035,0.2832,9.1724;
33,Walking,37269820,-2.3413,-0.9082,9.8291;
33,Walking,37320820,-1.4893,-1.6064,9.0942;
33,Walking,37371820,0.2393,1.3940,10.9961;
33,Walking,37422820,3.9014,-5.2490,14.7144;
33,Walking,37473820,1.0596,-2.5635,19.4507;
33,Walking,37524820,1.6455,3.0078,12.1948;
33,Walking,37575820,-4.2407,3.5498,6.5552;
33,Walking,37626820,-2.8467,3.2642,10.1831;
33,Walking,37677820,-1.9409,1.8140,12.8076;
33,Walking,37728820,0.2808,0.2246,11.6113;
33,Walking,37779820,-1.9458,1.0278,11.4502;
33,Walking,37830820,-3.6743,-0.1343,10.8765;
33,Walking,37881820,-3.6060,-0.3931,11.0718;
33,Walking,37932820,-1.8164,-0.3735,11.7725;
33,Walking,37983820,-1.7188,0.7251,11.7310;
33,Walking,38034820,-2.2021,1.4185,11.5430;
33,Walking,38085820,-2.0044,0.8569,11.5649;
33,Walking,38136820,-1.6187,0.0122,11.9922;
33,Walking,38187820,-1.7261,-0.0977,11.3794;
33,Walking,38238820,-1.8140,-0.0952,11.6357;
33,Walking,38289820,-1.6357,0.5273,11.5552;
33,Walking,38340820,-1.9482,0.5933,11.3428;
33,Walking,38391820,-1.8506,0.5249,11.2915;
33,Walking,38442820,-1.2769,-0.4443,12.0825;
33,Walking,38493820,-2.6025,0.0073,13.3667;
33,Walking,38544820,-2.8882,2.3071,11.5796;
33,Walking,38595820,-1.1987,2.2290,11.1475;
33,Walking,38646820,0.2100,1.9385,12.0410;
33,Walking,38697820,1.2646,-0.3345,12.8369;
33,Walking,38748820,0.3247,0.9229,13.3569;
33,Walking,38799820,0.2002,2.3120,12.8613;
33,Walking,38850820,-2.9468,2.9907,11.0645;
33,Walking,38901820,1.0669,0.4517,11.2061;
33,Walking,38952820,-0.6006,1.3062,10.2881;
33,Walking,39003820,-0.2563,-0.6787,9.7119;
33,Walking,39054820,-0.9692,-0.6982,9.0430;
33,Walking,39105820,-0.7593,0.8838,9.8999;
33,Walking,39156820,3.7378,-1.1621,12.9980;
33,Walking,39207820,2.2485,-7.6416,15.5078;
33,Walking,39258820,1.7773,-1.1206,10.5322;
33,Walking,39309820,3.5181,4.3115,22.9468;
33,Walking,39360820,-6.6504,-0.2271,4.5020;
33,Walking,39411820,-4.6265,1.5063,6.7554;
33,Walking,39462820,-0.4541,3.8159,16.1353;
33,Walking,39513820,-1.4453,1.4941,10.0000;
33,Walking,39564820,-3.3789,-1.0693,11.5552;
33,Walking,39615820,-3.7842,-1.7432,10.7959;
33,Walking,39666820,-2.9810,0.4541,11.3794;
33,Walking,39717820,-2.6099,0.8374,11.2769;
33,Walking,39768820,-1.9238,1.3965,11.9922;
33,Walking,39819820,-0.8252,1.3379,11.8262;
33,Walking,39870820,-1.9702,0.4126,11.8066;
33,Walking,39921820,-2.4854,-0.1245,11.2793;
33,Walking,39972820,-2.3926,-0.4004,11.5356;
33,Walking,40023820,-2.1289,-0.7275,11.4380;
33,Walking,40074820,-2.5122,-0.4248,10.9082;
33,Walking,40125820,-2.4097,-0.4297,10.4810;
33,Walking,40176820,-2.4341,-0.7178,11.8262;
33,Walking,40227820,-2.3364,3.4106,13.1348;
33,Walking,40278820,-0.5054,4.1821,13.4668;
33,Walking,40329820,-1.9775,-0.6885,11.9141;
33,Walking,40380820,-0.1465,-0.1514,13.2300;
33,Walking,40431820,1.6455,1.6333,12.8931;
33,Walking,40482820,-2.5830,4.5044,11.9263;
33,Walking,40533820,-0.6494,2.3560,10.6543;
33,Walking,40584820,-0.5420,-2.2876,10.4688;
33,Walking,40635820,-0.6299,0.9082,9.3164;
33,Walking,40686820,-0.9180,-0.0293,9.3433;
33,Walking,40737820,-1.0376,-0.2222,9.6851;
33,Walking,40788820,3.5425,-0.0464,12.5806;
33,Walking,40839820,2.8979,-5.9644,15.3247;
33,Walking,40890820,1.5894,1.1475,9.2236;
33,Walking,40941820,-0.2295,1.6260,11.0913;
33,Walking,40992820,0.6152,0.9644,19.5068;
33,Walking,41043820,-1.2720,-6.8555,7.3145;
33,Walking,41094820,-6.9434,4.4312,10.5005;
33,Walking,41145820,0.5054,5.7812,11.9434;
33,Walking,41196820,-3.2300,4.0576,10.1563;
33,Walking,41247820,-2.9102,-0.4834,11.4429;
33,Walking,41298820,-3.0688,-2.6343,11.7163;
33,Walking,41349820,-3.4888,-2.1533,11.2671;
33,Walking,41400820,-2.8564,0.9131,11.1841;
33,Walking,41451820,-2.7759,2.7808,11.6284;
33,Walking,41502820,-0.8594,0.9619,12.2729;
33,Walking,41553820,-2.1729,-1.0498,11.7749;
33,Walking,41604820,-3.1958,-0.7739,10.8960;
33,Walking,41655820,-3.3228,0.6543,10.9619;
33,Walking,41706820,-2.9590,1.1011,11.2012;
33,Walking,41757820,-1.7969,0.2197,11.6919;
33,Walking,41808820,-2.4316,-0.4858,11.1890;
33,Walking,41859820,-3.0420,-0.6201,12.0190;
33,Walking,41910820,-3.8428,-0.3271,12.4658;
33,Walking,41961820,-2.7271,3.7598,11.5527;
33,Walking,42012820,-0.4248,1.3940,12.0361;
33,Walking,42063820,-2.4927,-0.8154,11.2256;
33,Walking,42114820,-0.4419,0.3101,12.1753;
33,Walking,42165820,1.6284,1.7554,12.9419;
33,Walking,42216820,-2.6196,2.6465,13.6572;
33,Walking,42267820,-5.8105,4.1162,11.4917;
33,Walking,42318820,1.2524,-1.1572,10.7788;
33,Walking,42369820,-1.5576,0.4443,10.5371;
33,Walking,42420820,-0.7593,0.5713,9.7778;
33,Walking,42471820,-0.7471,0.4395,9.1040;
33,Walking,42522820,0.4785,0.6152,11.8970;
33,Walking,42573820,1.0645,-4.3091,13.3960;
33,Walking,42624820,2.3486,-1.3892,13.9795;
33,Walking,42675820,1.4233,1.3232,8.6206;
33,Walking,42726820,-1.0962,1.2183,10.4468;
33,Walking,42777820,-0.5591,-5.8740,23.6670;
33,Walking,42828820,-4.3408,1.2769,5.3491;
33,Walking,42879820,-3.9380,10.4712,9.3311;
33,Walking,42930820,-3.4204,3.5937,14.9658;
33,Walking,42981820,-0.7812,-0.6860,10.2783;
33,Walking,43032820,-1.8677,-0.3247,11.5210;
33,Walking,43083820,-2.3560,-1.6846,11.5430;
33,Walking,43134820,-2.3608,-0.5054,10.8398;
33,Walking,43185820,-3.0884,0.9106,11.3184;
33,Walking,43236820,-2.0703,1.7725,11.6382;
33,Walking,43287820,-1.0205,2.2314,12.0972;
33,Walking,43338820,-2.2217,-0.6958,11.7114;
33,Walking,43389820,-2.8003,-0.1465,11.4917;
33,Walking,43440820,-2.4805,0.2661,11.3013;
33,Walking,43491820,-1.1133,2.7686,11.8262;
33,Walking,43542820,-2.7637,0.8984,11.6675;
33,Walking,43593820,-2.4731,-2.0435,13.0225;
33,Walking,43644820,-1.7041,-2.2803,12.4048;
33,Walking,43695820,-1.0498,3.2861,12.6563;
33,Walking,43746820,0.0220,2.0044,11.2256;
33,Walking,43797820,1.3647,0.6030,12.5659;
33,Walking,43848820,-1.7261,2.2461,12.5049;
33,Walking,43899820,-4.6411,3.8403,13.2715;
33,Walking,43950820,1.1719,-0.1074,10.6494;
33,Walking,44001820,-0.4639,-1.4185,11.0693;
33,Walking,44052820,-0.4712,0.8740,11.0010;
33,Walking,44103820,0.4639,2.1167,10.1685;
33,Walking,44154820,-0.3662,0.1343,11.8579;
33,Walking,44205820,-0.4272,-2.2021,12.0923;
33,Walking,44256820,3.2446,-3.0566,14.1626;
33,Walking,44307820,1.2842,0.1489,12.0313;
33,Walking,44358820,-0.8228,0.1245,9.8364;
33,Walking,44409820,-0.8594,0.0000,10.1221;
33,Walking,44460820,-0.9692,-0.7349,9.9634;
33,Walking,44511820,-0.7739,-0.6030,10.2979;
33,Walking,44562820,-2.9199,0.9326,19.0234;
33,Walking,44613820,5.3931,-5.6812,10.8789;
33,Walking,44664820,-1.4795,0.0464,12.2217;
33,Walking,44715820,1.5015,7.2656,9.1504;
33,Walking,44766820,-4.2187,4.3237,12.7612;
33,Walking,44817820,-3.3203,-2.4634,11.5918;
33,Walking,44868820,0.8179,-3.1079,11.1157;
33,Walking,44919820,-1.3940,2.9346,12.1802;
33,Walking,44970820,-3.3008,1.2427,10.9863;
33,Walking,45021820,-2.7979,1.4429,10.5835;
33,Walking,45072820,-2.6367,0.5737,12.1973;
33,Walking,45123820,-1.9800,0.4443,11.1621;
33,Walking,45174820,-2.1582,1.1353,11.9360;
33,Walking,45225820,-1.4771,0.5493,11.4795;
33,Walking,45276820,-1.9531,-0.3638,11.9165;
33,Walking,45327820,-1.9531,1.1206,11.3159;
33,Walking,45378820,-1.9727,0.8179,11.4014;
33,Walking,45429820,-1.9653,0.6665,11.3647;
33,Walking,45480820,-2.2534,0.7886,11.7065;
33,Walking,45531820,-2.0337,-0.0049,12.5342;
33,Walking,45582820,-2.5610,-0.8496,13.0273;
33,Walking,45633820,-2.5830,1.5576,11.0986;
33,Walking,45684820,-1.4526,2.0825,10.9253;
33,Walking,45735820,0.8423,0.4224,12.8784;
33,Walking,45786828,2.8442,-1.3892,12.2852;
33,Walking,45837820,-1.7236,3.5693,14.9854;
33,Walking,45888820,-5.4297,4.7583,11.9873;
33,Walking,45939820,0.2808,-2.6221,10.6812;
33,Walking,45990820,-0.4224,0.6934,10.1929;
33,Walking,46041820,-1.6577,1.5015,8.4692;
33,Walking,46092820,-0.6909,-0.5933,11.0449;
33,Walking,46143820,0.1147,-0.4541,10.8667;
33,Walking,46194820,1.7505,-1.4648,13.4692;
33,Walking,46245820,1.5137,-1.5283,12.2314;
33,Walking,46296820,1.5527,-0.3833,11.9824;
33,Walking,46347820,0.0317,-0.3906,10.5054;
33,Walking,46398820,-2.6025,0.4053,18.1665;
33,Walking,46449820,3.4644,-4.9512,14.1162;
33,Walking,46500820,-2.7100,5.6543,8.1665;
33,Walking,46551820,-1.9434,6.3062,11.1450;
33,Walking,46602820,-1.5796,-1.0815,11.5527;
33,Walking,46653820,-1.2183,-1.4526,10.2612;
33,Walking,46704820,-2.2290,0.3320,12.1558;
33,Walking,46755820,-2.6929,0.2417,10.9277;
33,Walking,46806820,-3.4546,0.4956,11.5894;
33,Walking,46857820,-2.4243,1.3940,11.9263;
33,Walking,46908820,-2.0142,1.6870,11.1035;
33,Walking,46959820,-2.5146,0.9668,11.2378;
33,Walking,47010820,-2.1143,-0.4224,12.1558;
33,Walking,47061820,-0.7812,-1.4722,12.3267;
33,Walking,47112820,-1.1499,0.4468,11.2695;
33,Walking,47163820,-3.6719,1.7700,10.9766;
33,Walking,47214820,-3.0444,0.5078,10.5322;
33,Walking,47265820,-2.5073,-1.5137,12.0459;
33,Walking,47316820,-1.0645,1.8359,14.1357;
33,Walking,47367820,-0.4590,2.5098,13.1445;
33,Walking,47418820,-1.5991,0.1709,11.3525;
33,Walking,47469820,0.5420,1.2720,11.3232;
33,Walking,47520820,-0.4224,2.6318,12.6465;
33,Walking,47571820,-2.0874,2.7783,11.7285;
33,Walking,47622820,-0.0781,-1.0669,11.2280;
33,Walking,47673820,-0.1782,-0.6055,11.0791;
33,Walking,47724820,0.0000,0.2930,11.4014;
33,Walking,47775820,-0.0610,0.6470,10.0244;
33,Walking,47826820,-1.4136,-0.2197,9.5044;
33,Walking,47877820,-0.0537,-0.1367,10.9619;
33,Walking,47928820,1.0278,-0.1709,11.2500;
33,Walking,47979820,2.3877,-2.9370,13.8037;
33,Walking,48030820,1.5552,-2.2559,12.3267;
33,Walking,48081820,0.6104,0.6299,16.8018;
33,Walking,48132820,0.2368,-3.2129,15.0586;
33,Walking,48183820,-3.3179,-2.7295,5.5005;
33,Walking,48234820,-0.3052,9.2480,11.7529;
33,Walking,48285820,-4.9438,3.7061,13.6499;
33,Walking,48336820,-1.4429,-0.9473,8.6182;
33,Walking,48387820,-2.2754,-0.3882,12.1289;
33,Walking,48438820,-3.2935,-2.5098,11.4160;
33,Walking,48489820,-1.3501,0.5029,11.2476;
33,Walking,48540820,-3.0273,1.4014,11.6455;
33,Walking,48591820,-2.0142,1.8115,11.2036;
33,Walking,48642820,-2.3169,2.2217,11.6406;
33,Walking,48693820,-1.8066,0.8911,11.6870;
33,Walking,48744820,-1.6846,-0.5713,11.6895;
33,Walking,48795820,-0.7178,0.1172,11.6162;
33,Walking,48846820,-1.8213,0.7227,11.6162;
33,Walking,48897820,-1.9727,-1.4941,11.7578;
33,Walking,48948820,-2.7051,-0.3442,13.2983;
33,Walking,48999820,-3.1934,1.9238,12.4243;
33,Walking,49050820,0.0879,2.2876,11.3721;
33,Walking,49101820,0.9937,1.0181,12.9956;
33,Walking,49152820,0.7593,1.1694,11.5527;
33,Walking,49203820,-2.5977,3.3350,12.7100;
33,Walking,49254820,-3.9111,2.5269,10.9912;
33,Walking,49305820,1.6455,-0.7397,11.6797;
33,Walking,49356820,-0.2637,0.3882,10.8057;
33,Walking,49407820,-0.4541,2.1997,8.6108;
33,Walking,49458820,-1.2769,0.9351,9.5898;
33,Walking,49509820,-1.0205,-0.8545,11.5576;
33,Walking,49560820,2.8003,-3.8013,13.5376;
33,Walking,49611820,5.9741,-6.1206,16.3208;
33,Walking,49662820,1.0620,1.4722,9.0601;
33,Walking,49713820,-0.1953,2.2412,8.8599;
33,Walking,49764820,-4.1943,1.5308,19.7681;
33,Walking,49815820,9.2310,-11.4844,13.3691;
33,Walking,49866820,-2.9395,9.4067,9.9219;
33,Walking,49917820,-3.0225,3.5864,10.7666;
33,Walking,49968820,-3.5791,2.4438,8.6108;
33,Walking,50019820,-1.9873,0.7568,11.6431;
33,Walking,50070820,-2.8540,-1.2207,12.9077;
33,Walking,50121820,-2.1875,-1.8213,10.4834;
33,Walking,50172820,-1.6235,1.2085,11.7334;
33,Walking,50223820,-2.0093,1.4673,11.5820;
33,Walking,50274820,-1.4868,1.3354,11.8042;
33,Walking,50325820,-2.0508,1.3232,11.9287;
33,Walking,50376820,-1.5015,0.7471,11.6870;
33,Walking,50427820,-1.6235,0.1318,11.4185;
33,Walking,50478820,-1.7310,0.2612,11.1792;
33,Walking,50529820,-2.0190,1.2598,11.5552;
33,Walking,50580820,-1.4941,0.3735,10.9424;
33,Walking,50631820,-2.6343,-0.9692,12.8955;
33,Walking,50682820,-2.6660,0.0439,13.0054;
33,Walking,50733820,-1.3477,1.9409,11.6309;
33,Walking,50784820,-0.2759,3.7085,12.2876;
33,Walking,50835820,1.0645,2.1436,12.1436;
33,Walking,50886820,0.9497,0.8447,11.9238;
33,Walking,50937820,-2.6611,2.1436,12.2778;
33,Walking,50988820,-2.4146,4.2871,11.7285;
33,Walking,51039820,0.2222,-0.7910,10.5859;
33,Walking,51090820,-0.4150,-0.8765,10.5176;
33,Walking,51141820,-0.4590,0.1001,9.6875;
33,Walking,51192820,-1.5137,0.4321,9.4092;
33,Walking,51243820,0.7764,0.9082,11.0620;
33,Walking,51294820,1.4722,-3.1494,14.2114;
33,Walking,51345820,3.4644,-2.6489,14.3018;
33,Walking,51396820,0.7910,0.4932,10.1978;
33,Walking,51447820,-0.8228,1.7798,14.3652;
33,Walking,51498820,2.6221,-4.0601,15.3003;
33,Walking,51549820,-1.1816,4.0991,8.4985;
33,Walking,51600820,-2.9858,5.9155,10.6665;
33,Walking,51651820,-2.7490,0.8887,11.1548;
33,Walking,51702820,-1.9092,0.4199,11.0522;
33,Walking,51753820,-2.4390,-0.2466,11.3501;
33,Walking,51804820,-2.1631,-1.6138,11.6040;
33,Walking,51855820,-2.9687,0.0806,11.1890;
33,Walking,51906820,-2.4463,1.5039,11.4209;
33,Walking,51957820,-2.1313,1.9922,11.4233;
33,Walking,52008820,-2.1899,0.9399,11.9653;
33,Walking,52059820,-1.9116,-0.1733,11.6699;
33,Walking,52110820,-1.4111,-0.5762,11.6968;
33,Walking,52161820,-1.3306,0.0879,11.1475;
33,Walking,52212820,-2.2363,0.3833,11.1377;
33,Walking,52263820,-3.0444,-0.7568,12.4512;
33,Walking,52314820,-3.3301,0.2344,13.2642;
33,Walking,52365820,0.1416,4.7925,12.8101;
33,Walking,52416820,1.3135,1.6968,11.8652;
33,Walking,52467820,0.2075,1.2695,12.0483;
33,Walking,52518820,-2.8198,3.8892,12.2656;
33,Walking,52569820,-1.9604,2.3584,10.9204;
33,Walking,52620820,0.7251,-1.5186,11.0547;
33,Walking,52671820,-0.2954,-0.3101,11.0693;
33,Walking,52722820,-1.0083,1.7432,9.6582;
33,Walking,52773820,-1.6748,-0.1123,9.8486;
33,Walking,52824820,0.1172,-0.9692,12.0068;
33,Walking,52875820,2.0142,-0.9595,11.5356;
33,Walking,52926820,1.5869,-0.9155,12.5391;
33,Walking,52977820,1.0205,-1.4771,12.3267;
33,Walking,53028820,-0.1172,-0.7520,11.6357;
33,Walking,53079820,1.0400,-0.1953,16.2646;
33,Walking,53130820,0.5078,-2.3193,12.0044;
33,Walking,53181820,-4.3652,6.0498,6.5405;
33,Walking,53232820,-0.4199,5.7959,12.8223;
33,Walking,53283820,0.5103,-2.4854,11.4111;
33,Walking,53334820,-2.4731,-1.3379,10.6665;
33,Walking,53385820,-1.5552,-0.1465,11.8726;
33,Walking,53436820,-0.6226,3.4766,12.1631;
33,Walking,53487820,-2.6221,2.1436,10.6592;
33,Walking,53538820,-2.9492,-0.3906,11.2085;
33,Walking,53589820,-2.8491,-0.7642,11.5283;
33,Walking,53640820,-2.5024,1.5820,11.7285;
33,Walking,53691820,-2.2485,1.7627,11.3550;
33,Walking,53742820,-1.9336,1.5015,11.7212;
33,Walking,53793820,-1.9141,0.7666,11.6187;
33,Walking,53844820,-2.0142,0.4321,11.5112;
33,Walking,53895820,-2.0898,0.1709,11.4648;
33,Walking,53946820,-2.2559,0.3540,11.3843;
33,Walking,53997820,-2.5464,0.4687,11.4551;
33,Walking,54048820,-2.3706,0.7007,11.5649;
33,Walking,54099820,-2.0190,0.2905,12.9419;
33,Walking,54150839,-1.3281,0.5054,11.8311;
33,Walking,54201820,-2.5269,1.1328,11.4087;
33,Walking,54252820,-1.8042,2.2290,11.2036;
33,Walking,54303820,-1.7114,3.0591,12.8125;
33,Walking,54354820,2.1240,4.8950,12.8784;
33,Walking,54405820,-1.6650,3.3936,11.7188;
33,Walking,54456820,-1.2671,3.2471,11.7749;
33,Walking,54507820,1.1401,3.0078,12.5024;
33,Walking,54558820,-2.3828,2.6538,10.0513;
33,Walking,54609820,-0.8008,0.7861,9.9292;
33,Walking,54660820,-0.3003,2.6245,10.2637;
33,Walking,54711820,0.3296,1.3965,9.5190;
33,Walking,54762820,0.6030,-0.8984,11.5601;
33,Walking,54813820,0.0269,-2.5903,11.4331;
33,Walking,54864820,2.1484,-0.2075,12.5195;
33,Walking,54915820,3.8062,3.1055,14.6216;
33,Walking,54966820,2.4487,-1.5845,13.0444;
33,Walking,55017820,-2.7466,-0.5713,9.5068;
33,Walking,55068820,-2.9907,2.8931,11.8579;
33,Walking,55119820,-0.8594,2.2217,10.7690;
33,Walking,55170820,-1.5015,0.5298,12.6367;
33,Walking,55221820,-2.4438,0.0879,10.4907;
33,Walking,55272820,-3.9355,-0.1611,11.7065;
33,Walking,55323820,-2.5610,-0.3296,10.9399;
33,Walking,55374820,-2.6978,1.0522,11.7896;
33,Walking,55425820,-2.3267,1.2915,11.8018;
33,Walking,55476820,-2.1997,0.9082,11.5649;
33,Walking,55527820,-2.0898,0.1538,11.7285;
33,Walking,55578820,-2.2437,-0.4077,11.4209;
33,Walking,55629820,-2.2754,-0.3735,11.7578;
33,Walking,55680820,-1.8237,-0.5103,11.3208;
33,Walking,55731820,-1.8311,-0.0366,11.4355;
33,Walking,55782820,-2.0312,-0.0610,11.4893;
33,Walking,55833820,-1.7749,0.5713,11.4893;
33,Walking,55884820,-1.6260,-0.1538,11.8286;
33,Walking,55935820,-1.7920,0.0977,12.9419;
33,Walking,55986820,-1.7700,1.3428,12.3364;
33,Walking,56037820,-1.5283,0.9277,10.7349;
33,Walking,56088820,-1.2354,1.1572,10.9277;
33,Walking,56139820,0.9204,2.7417,12.6538;
33,Walking,56190820,1.7627,1.4282,13.7476;
33,Walking,56241820,0.0098,0.4248,12.7393;
33,Walking,56292820,-3.1421,2.4731,11.1914;
33,Walking,56343820,1.8311,1.9775,11.2988;
33,Walking,56394820,-0.7007,1.3379,9.9927;
33,Walking,56445820,-1.5771,-1.7676,9.7046;
33,Walking,56496820,-1.1743,-1.3794,9.4922;
33,Walking,56547820,-0.4053,1.1597,10.8081;
33,Walking,56598820,5.6787,0.3467,13.0859;
33,Walking,56649820,2.2949,-7.2217,15.3198;
33,Walking,56700820,1.3574,1.4453,16.2231;
33,Walking,56751838,3.0029,3.2959,15.1001;
33,Walking,56802820,-4.7168,-1.9165,7.7100;
33,Walking,56853820,-4.6704,2.2070,11.7822;
33,Walking,56904820,1.6699,4.0356,12.2900;
33,Walking,56955820,-1.7310,1.9312,9.7705;
33,Walking,57006820,-2.8247,1.6260,11.8359;
33,Walking,57057820,-2.9785,-1.2524,11.1816;
33,Walking,57108820,-3.2861,-0.4712,11.2744;
33,Walking,57159820,-1.7065,-0.2173,11.6675;
33,Walking,57210820,-0.7593,2.1777,11.7505;
33,Walking,57261820,-1.9409,1.2622,11.6309;
33,Walking,57312820,-2.3853,0.4590,11.7896;
33,Walking,57363820,-2.1411,0.4932,11.5161;
33,Walking,57414820,-2.2119,0.7642,11.4819;
33,Walking,57465820,-1.4722,0.7935,11.5479;
33,Walking,57516820,-2.1118,0.5200,11.1890;
33,Walking,57567820,-2.4170,0.4126,11.5723;
33,Walking,57618820,-2.7832,-0.5249,13.5132;
33,Walking,57669820,-2.8564,0.2539,12.1143;
33,Walking,57720820,-2.5195,1.4990,10.3320;
33,Walking,57771820,-0.6519,2.4854,11.2720;
33,Walking,57822820,1.0010,1.4966,12.6172;
33,Walking,57873820,1.3525,-0.8008,11.8799;
33,Walking,57924820,-0.3638,2.5366,14.3115;
33,Walking,57975820,-8.6670,3.7134,12.4487;
33,Walking,58026820,4.9292,-2.6123,11.6040;
33,Walking,58077820,-0.7739,-0.4468,11.0791;
33,Walking,58128820,-1.8774,1.8481,9.7754;
33,Walking,58179820,-0.5054,1.3892,9.8730;
33,Walking,58230820,-0.7056,0.9766,9.8633;
33,Walking,58281820,1.0913,-0.2881,10.9424;
33,Walking,58332820,3.5962,-4.5386,14.9341;
33,Walking,58383820,0.8374,-2.8296,12.2852;
33,Walking,58434820,0.2026,3.2031,12.2266;
33,Walking,58485820,0.7886,1.7212,15.8472;
33,Walking,58536820,0.1733,-1.9312,8.7500;
33,Walking,58587820,-3.9380,6.3940,10.4932;
33,Walking,58638820,-2.6758,3.1641,12.7368;
33,Walking,58689820,-0.1709,0.2661,8.3545;
33,Walking,58740820,-3.1958,-0.5200,12.6025;
33,Walking,58791820,-2.1655,-2.2388,11.4771;
33,Walking,58842820,-1.6675,0.1611,10.9277;
33,Walking,58893820,-2.3242,1.3159,11.7480;
33,Walking,58944820,-1.5747,1.6309,11.1890;
33,Walking,58995820,-2.1826,2.2705,12.8320;
33,Walking,59046820,-1.3354,0.4321,11.4648;
33,Walking,59097820,-0.1562,-1.6089,12.1167;
33,Walking,59148820,-1.4868,0.4199,11.3330;
33,Walking,59199820,-3.0054,1.8774,10.9277;
33,Walking,59250820,-2.1875,0.8350,10.6445;
33,Walking,59301820,-2.6953,-0.6689,12.8906;
33,Walking,59352820,-4.2114,-0.2539,12.7930;
33,Walking,59403820,-2.5757,1.4526,10.7739;
33,Walking,59454820,2.1069,4.8193,12.6245;
33,Walking,59505820,-0.1343,2.0996,12.7539;
33,Walking,59556820,-0.8374,0.3174,11.9409;
33,Walking,59607820,-2.5122,2.5464,12.0215;
33,Walking,59658820,-3.5376,2.2803,11.1621;
33,Walking,59709820,0.6006,-0.9863,11.0522;
33,Walking,59760820,-1.0425,1.0278,11.0742;
33,Walking,59811820,-1.8286,1.9800,9.6191;
33,Walking,59862820,-1.0596,1.1377,10.6445;
33,Walking,59913820,0.6006,0.3174,11.8335;
33,Walking,59964820,2.6514,-4.1187,13.1152;
33,Walking,60015820,0.5347,-0.3711,12.4268;
33,Walking,60066820,-0.8301,0.9131,10.1880;
33,Walking,60117820,-0.5518,-0.3833,10.3418;
33,Walking,60168820,-0.6152,-1.2744,11.4600;
33,Walking,60219820,1.2915,-1.2134,15.9595;
33,Walking,60270820,1.4355,-2.3706,11.3428;
33,Walking,60321820,-0.4126,4.2969,8.8574;
33,Walking,60372820,-2.1045,5.3320,12.4438;
33,Walking,60423820,-2.2583,1.5381,10.7764;
33,Walking,60474820,-2.5610,-3.4839,11.7993;
33,Walking,60525820,-1.2695,-2.2192,11.0815;
33,Walking,60576820,-2.1631,0.6885,10.4956;
33,Walking,60627808,-2.3633,1.5820,11.9556;
33,Walking,60678820,-1.6797,1.5918,11.4160;
33,Walking,60729820,-2.6245,1.9873,11.5698;
33,Walking,60780820,-2.2437,1.2524,11.6016;
33,Walking,60831820,-1.2988,0.3076,12.0361;
33,Walking,60882820,-1.5552,-0.0391,11.6943;
33,Walking,60933820,-1.4380,0.9595,10.7813;
33,Walking,60984820,-1.9141,0.2563,11.7725;
33,Walking,61035820,-1.8335,-0.7495,12.7026;
33,Walking,61086820,-3.8037,-0.0830,13.5547;
33,Walking,61137820,-1.9849,1.2964,10.5029;
33,Walking,61188820,-1.1206,1.3159,11.1621;
33,Walking,61239820,3.4521,2.7466,14.1748;
33,Walking,61290820,1.6357,0.5371,13.3838;
33,Walking,61341820,-2.5879,2.4561,12.5757;
33,Walking,61392820,-3.4985,4.0991,12.7686;
33,Walking,61443820,1.3452,-0.2393,10.5835;
33,Walking,61494820,-0.4272,-1.3159,11.3940;
33,Walking,61545820,-1.6479,1.1963,9.0649;
33,Walking,61596820,-1.3013,1.9434,7.6562;
33,Walking,61647820,0.0806,1.7798,10.5200;
33,Walking,61698820,5.2905,-8.6206,20.9375;
33,Walking,61749820,1.8286,-2.3853,12.0142;
33,Walking,61800820,1.4722,5.5493,16.2500;
33,Walking,61851820,-2.9590,-4.0381,8.7036;
33,Walking,61902820,-0.8032,0.2490,8.6426;
33,Walking,61953820,-1.8750,3.8354,11.8604;
33,Walking,62004820,-0.7397,0.3174,11.1768;
33,Walking,62055820,-1.7969,3.0811,9.8462;
33,Walking,62106820,-2.0459,0.8008,11.1255;
33,Walking,62157820,-3.0835,-0.9961,11.3550;
33,Walking,62208820,-1.9678,-1.7114,11.6626;
33,Walking,62259820,-1.5259,0.4810,11.8164;
33,Walking,62310820,-2.2778,1.8677,11.2402;
33,Walking,62361820,-3.1299,1.8481,11.5137;
33,Walking,62412820,-2.4536,0.7031,11.3989;
33,Walking,62463820,-1.0059,0.4126,12.2021;
33,Walking,62514820,-1.3354,0.6104,11.6577;
33,Walking,62565820,-2.6538,0.9302,11.3721;
33,Walking,62616820,-3.0200,-0.1294,12.8027;
33,Walking,62667820,-2.7124,-0.1587,12.3120;
33,Walking,62718820,-2.4438,0.5200,11.8457;
33,Walking,62769820,-0.3320,0.2905,11.0620;
33,Walking,62820820,0.3906,0.6226,12.2021;
33,Walking,62871820,1.8945,0.8154,12.2095;
33,Walking,62922820,-0.7642,2.7979,13.0884;
33,Walking,62973820,-5.1611,3.2666,12.6440;
33,Walking,63024820,1.7090,-0.9546,10.7642;
33,Walking,63075820,-1.4966,-0.2686,10.8887;
33,Walking,63126820,-0.4785,-0.1440,10.5640;
33,Walking,63177820,0.0854,0.9229,9.7607;
33,Walking,63228820,2.5415,2.1582,11.7285;
33,Walking,63279820,1.1133,-2.7271,11.7163;
33,Walking,63330820,1.6602,-0.7104,11.2939;
33,Walking,63381820,1.0522,-0.8569,17.9077;
33,Walking,63432820,3.2935,-4.8828,13.9575;
33,Walking,63483820,-4.5972,3.5840,2.7881;
33,Walking,63534820,-1.5234,7.0532,12.0239;
33,Walking,63585820,-3.7280,0.9009,12.7588;
33,Walking,63636820,-1.0962,-0.1611,8.2251;
33,Walking,63687820,-2.6953,-1.0669,12.5024;
33,Walking,63738820,-3.6230,-3.0005,11.0083;
33,Walking,63789820,-0.8691,1.2622,11.5039;
33,Walking,63840820,-3.2422,1.6064,11.4331;
33,Walking,63891820,-2.2339,1.8896,11.2817;
33,Walking,63942820,-2.0972,2.1460,11.8677;
33,Walking,63993820,-1.6357,0.6689,11.9336;
33,Walking,64044820,-2.0581,-0.9326,11.6797;
33,Walking,64095820,-1.0620,1.9019,11.3892;
33,Walking,64146820,-3.1177,0.7031,10.9985;
33,Walking,64197820,-2.8052,-0.1147,11.6309;
33,Walking,64248820,-2.3047,0.1685,12.6343;
33,Walking,64299820,-2.2998,-1.1206,12.7344;
33,Walking,64350820,-1.4893,2.7319,10.9644;
33,Walking,64401820,0.3540,2.7368,11.3745;
33,Walking,64452820,2.1167,-1.0938,12.3340;
33,Walking,64503820,1.8677,-0.9473,12.8833;
33,Walking,64554820,-8.7915,4.9463,13.8574;
33,Walking,64605820,-0.7397,3.5132,10.3906;
33,Walking,64656820,-1.1597,-3.7817,10.2222;
33,Walking,64707820,0.1270,-0.1978,10.8862;
33,Walking,64758820,-0.2148,1.4331,9.6143;
33,Walking,64809820,-0.3540,1.1255,11.2378;
33,Walking,64860820,1.5430,0.7983,11.0889;
33,Walking,64911820,2.0679,-3.7109,13.4131;
33,Walking,64962820,1.2012,-1.2305,12.1143;
33,Walking,65013820,0.5835,-0.6104,10.3027;
33,Walking,65064820,-2.2339,0.1733,17.4805;
33,Walking,65115820,1.7163,-3.7671,16.3745;
33,Walking,65166820,-2.3193,2.3877,8.3057;
33,Walking,65217820,-1.6089,8.6450,8.1104;
33,Walking,65268820,-3.9355,2.8320,14.7388;
33,Walking,65319820,-1.5186,-2.5732,10.0928;
33,Walking,65370820,-1.9678,-2.8369,12.6318;
33,Walking,65421820,-0.8716,-0.4321,11.2769;
33,Walking,65472820,-2.6147,1.3086,10.7202;
33,Walking,65523820,-2.3242,1.6260,11.5088;
33,Walking,65574820,-1.8140,1.0474,11.5845;
33,Walking,65625820,-1.8530,1.1499,11.7407;
33,Walking,65676820,-2.0947,0.3052,11.6553;
33,Walking,65727820,-1.6235,-0.5054,11.7261;
33,Walking,65778820,-1.7334,0.0220,11.6016;
33,Walking,65829820,-0.2222,2.8516,11.4307;
33,Walking,65880820,-1.7725,0.5835,11.1841;
33,Walking,65931820,-1.9019,-0.5078,11.5063;
33,Walking,65982820,-3.4717,-1.1816,13.1226;
33,Walking,66033820,-2.7271,0.0244,12.0093;
33,Walking,66084820,-1.8970,1.2231,11.4307;
33,Walking,66135820,1.6846,3.4961,12.6196;
33,Walking,66186820,3.2275,-0.3955,13.3521;
33,Walking,66237820,-1.5454,1.5405,12.9370;
33,Walking,66288820,-3.9771,3.3081,12.2534;
33,Walking,66339820,0.5566,-0.8081,11.1719;
33,Walking,66390820,-0.3687,-1.0303,11.3696;
33,Walking,66441820,-0.8252,1.3135,9.6948;
33,Walking,66492820,-0.6982,1.9116,9.2847;
33,Walking,66543820,-0.5396,1.3550,9.3945;
33,Walking,66594820,0.5005,0.8594,11.3721;
33,Walking,66645820,2.7515,-7.2925,15.6030;
33,Walking,66696820,0.8105,-2.8516,12.6587;
33,Walking,66747820,0.7007,1.2109,9.2798;
33,Walking,66798820,-3.7036,2.9248,18.0127;
33,Walking,66849820,5.9277,-10.8325,12.6465;
33,Walking,66900820,-4.4678,7.8052,9.5947;
33,Walking,66951820,-1.3940,5.6689,11.3574;
33,Walking,67002820,-1.0693,0.9277,9.3164;
33,Walking,67053820,-2.9297,0.5078,11.5674;
33,Walking,67104820,-2.7563,-2.3755,12.5708;
33,Walking,67155820,-1.2524,-2.8345,10.6689;
33,Walking,67206820,-2.1045,1.4160,12.3486;
33,Walking,67257820,-2.0630,1.8433,10.7739;
33,Walking,67308820,-2.6050,1.8774,12.0215;
33,Walking,67359820,-1.4526,0.7935,11.8091;
33,Walking,67410820,-1.5210,-0.3223,11.4380;
33,Walking,67461820,-2.2144,-0.1807,11.4648;
33,Walking,67512820,-1.7798,1.6968,11.2744;
33,Walking,67563820,-2.0850,0.5566,11.1304;
33,Walking,67614820,-2.1509,-0.0342,11.7871;
33,Walking,67665820,-2.4341,-1.0620,13.6182;
33,Walking,67716820,-2.8027,1.0498,12.0874;
33,Walking,67767820,-0.5762,1.9897,10.8325;
33,Walking,67818820,3.1055,0.1343,12.2290;
33,Walking,67869820,0.1465,-0.1758,13.1519;
33,Walking,67920820,-6.3770,4.8975,13.5986;
33,Walking,67971820,1.4844,0.5688,11.4331;
33,Walking,68022820,-1.4429,-2.3633,11.0132;
33,Walking,68073820,-0.9619,1.0864,10.1514;
33,Walking,68124820,-0.3809,2.9224,8.4814;
33,Walking,68175820,-1.2061,2.2314,9.1650;
33,Walking,68226820,0.3442,1.7822,11.9141;
33,Walking,68277820,6.3013,-9.8804,17.3755;
33,Walking,68328820,0.2979,-3.5962,12.2607;
33,Walking,68379820,-0.5542,2.7954,10.4688;
33,Walking,68430820,-2.8198,1.7407,13.5815;
33,Walking,68481820,5.9937,-5.7837,13.0566;
33,Walking,68532820,-3.0493,6.7676,9.0723;
33,Walking,68583820,-1.3794,5.1562,12.3730;
33,Walking,68634820,-1.0107,-0.1074,9.4165;
33,Walking,68685820,-2.0972,0.0562,11.8872;
33,Walking,68736820,-2.0996,-0.2002,11.8213;
33,Walking,68787820,-2.1533,-0.9448,10.6201;
33,Walking,68838820,-3.1763,0.2661,11.4819;
33,Walking,68889820,-1.8213,1.0767,11.8384;
33,Walking,68940820,-1.9995,1.7261,11.6992;
33,Walking,68991820,-1.6626,0.9058,11.7163;
33,Walking,69042820,-1.7896,-0.0488,11.6504;
33,Walking,69093820,-2.4170,-0.2979,11.5503;
33,Walking,69144820,-2.3291,1.2622,11.0327;
33,Walking,69195820,-1.9458,1.3281,11.3403;
33,Walking,69246820,-2.0361,0.3442,11.6919;
33,Walking,69297820,-1.9727,0.0806,11.3550;
33,Walking,69348820,-1.8823,-0.4614,12.5732;
33,Walking,69399820,-3.1152,-0.2002,13.0835;
33,Walking,69450820,-2.6294,1.5796,10.9766;
33,Walking,69501820,-1.7725,2.1777,9.9658;
33,Walking,69552820,0.8081,1.4868,12.2461;
33,Walking,69603820,-0.4907,0.2661,12.5195;
33,Walking,69654820,0.5713,0.1074,12.0068;
33,Walking,69705820,-0.8618,1.5625,13.5693;
33,Walking,69756820,-4.1626,2.7856,12.0166;
33,Walking,69807820,1.5552,-1.1377,12.2949;
33,Walking,69858820,-1.0156,0.0342,10.7813;
33,Walking,69909820,-0.5176,2.1582,9.6973;
33,Walking,69960820,0.8838,1.0376,9.4043;
33,Walking,70011820,0.2222,0.6958,11.0815;
33,Walking,70062820,1.1206,-0.6104,11.7871;
33,Walking,70113820,-0.5298,-3.3301,11.4160;
33,Walking,70164820,2.6636,-5.0146,13.3203;
33,Walking,70215820,-1.6187,-2.9346,16.2769;
33,Walking,70266820,-0.6592,0.9692,15.4346;
33,Walking,70317837,-0.6689,5.7300,7.6172;
33,Walking,70368820,-2.7222,7.4048,10.0708;
33,Walking,70419820,-2.8296,0.0244,12.1216;
33,Walking,70470820,-1.9263,-4.9683,10.5103;
33,Walking,70521820,-1.4990,0.4883,11.6846;
33,Walking,70572820,-2.0728,0.9717,11.3208;
33,Walking,70623820,-2.5952,0.9229,10.9692;
33,Walking,70674820,-1.7871,1.2476,11.6797;
33,Walking,70725820,-2.1680,1.1670,11.5601;
33,Walking,70776820,-2.4536,0.8350,11.4526;
33,Walking,70827820,-2.2119,-0.0684,11.4014;
33,Walking,70878820,-2.7905,0.0122,11.5186;
33,Walking,70929820,-2.1313,0.8594,11.5454;
33,Walking,70980820,-1.9580,0.8325,11.6602;
33,Walking,71031820,-1.8896,1.4087,11.2354;
33,Walking,71082820,-2.1167,1.1011,11.4429;
33,Walking,71133820,-1.7944,0.1050,11.4209;
33,Walking,71184820,-1.7627,-0.7812,11.4624;
33,Walking,71235820,-2.7393,0.3540,13.2349;
33,Walking,71286820,-2.5220,1.6431,10.9424;
33,Walking,71337820,-1.6919,1.9727,9.7070;
33,Walking,71388820,-0.8960,2.1533,11.4917;
33,Walking,71439820,3.5400,1.7407,13.2373;
33,Walking,71490820,-3.6475,3.9771,13.0933;
33,Walking,71541820,4.2529,2.0679,14.4580;
33,Walking,71592820,-0.7031,-0.3979,10.6372;
33,Walking,71643820,-0.7764,0.0684,12.0630;
33,Walking,71694820,-0.1050,1.3403,10.5200;
33,Walking,71745820,1.1401,1.8848,11.2598;
33,Walking,71796820,0.1587,1.6650,10.7813;
33,Walking,71847820,-0.8154,2.3633,9.8486;
33,Walking,71898820,-1.1133,1.8262,9.6143;
33,Walking,71949820,-0.4224,-1.2134,11.5088;
33,Walking,72000820,0.8667,-2.7734,13.4253;
33,Walking,72051820,0.3174,-6.0767,13.2520;
33,Walking,72102820,3.2666,-2.4487,13.4253;
33,Walking,72153820,0.3052,2.3755,12.6465;
33,Walking,72204820,0.2661,7.4048,11.0620;
33,Walking,72255820,-2.0825,4.2896,10.6396;
33,Walking,72306820,-2.8662,0.5615,11.2354;
33,Walking,72357820,-2.8320,-2.3828,10.9253;
33,Walking,72408820,-0.7739,-3.1104,11.8359;
33,Walking,72459820,-2.5732,1.4453,11.5015;
33,Walking,72510820,-3.2666,2.3437,11.2329;
33,Walking,72561820,-2.0898,0.8252,11.7236;
33,Walking,72612820,-2.1582,-0.2271,11.7017;
33,Walking,72663820,-2.3437,0.0244,11.5283;
33,Walking,72714820,-2.0044,0.7227,11.5576;
33,Walking,72765820,-1.2598,0.8105,11.8677;
33,Walking,72816820,-1.2744,-0.5249,11.9751;
33,Walking,72867820,-1.7993,-1.4526,11.5918;
33,Walking,72918820,-0.9253,-1.7896,10.6396;
33,Walking,72969820,-0.6641,-2.1069,11.3013;
33,Walking,73020820,-0.1343,4.6802,15.9644;
33,Walking,73071820,-4.4043,5.5518,12.5757;
33,Walking,73122820,-1.1279,3.1519,11.8994;
33,Walking,73173820,2.5220,-2.4219,13.1104;
33,Walking,73224820,-0.2051,-0.0757,10.7544;
33,Walking,73275820,-0.8154,0.6982,10.3979;
33,Walking,73326820,-0.6812,1.1841,9.5190;
33,Walking,73377820,0.0806,-1.8335,11.1963;
33,Walking,73428820,0.0977,-1.0986,11.4819;
33,Walking,73479820,1.4600,0.9790,11.4233;
33,Walking,73530820,1.2109,-0.6128,11.4551;
33,Walking,73581820,0.7544,-0.6787,11.0327;
33,Walking,73632820,1.6382,-1.8555,12.9688;
33,Walking,73683820,1.3989,-2.2314,12.1777;
33,Walking,73734820,-0.7251,-2.7832,10.1050;
33,Walking,73785820,-6.1768,0.0195,21.6431;
33,Walking,73836820,4.1333,1.0815,8.7549;
33,Walking,73887820,-1.0449,9.4385,11.0620;
33,Walking,73938820,-2.6587,1.7529,10.8545;
33,Walking,73989820,-2.5488,0.1270,11.3672;
33,Walking,74040820,-2.2876,-1.4600,11.5552;
33,Walking,74091820,-3.6768,-2.3779,11.7969;
33,Walking,74142820,-0.5225,0.8545,10.8740;
33,Walking,74193827,-2.2778,1.1719,11.5137;
33,Walking,74244820,-2.0190,1.5894,11.6577;
33,Walking,74295820,-2.0752,1.6260,11.6992;
33,Walking,74346820,-1.6919,0.9912,11.9092;
33,Walking,74397820,-1.4233,0.1685,11.6797;
33,Walking,74448820,-2.1704,-0.4492,11.6724;
33,Walking,74499820,-0.8423,0.2490,11.6504;
33,Walking,74550820,-1.4771,0.0708,11.4819;
33,Walking,74601820,-1.7627,-1.3867,12.4854;
33,Walking,74652820,-3.1128,-1.3306,13.6548;
33,Walking,74703820,-2.5879,3.0225,12.1045;
33,Walking,74754820,1.2524,4.1968,12.2290;
33,Walking,74805820,1.6406,1.5967,13.4009;
33,Walking,74856820,-1.6846,2.7246,12.1045;
33,Walking,74907820,-3.3472,3.2153,11.2231;
33,Walking,74958820,0.0952,-2.1655,10.5933;
33,Walking,75009820,0.3711,-0.6519,11.2183;
33,Walking,75060820,-0.1392,0.7471,10.0586;
33,Walking,75111820,-0.8398,0.8032,9.4141;
33,Walking,75162820,-1.1035,1.1694,9.7632;
33,Walking,75213820,1.1719,0.0659,11.5601;
33,Walking,75264820,2.8906,-8.3203,14.8560;
33,Walking,75315820,1.0059,-1.1572,11.9678;
33,Walking,75366820,0.3564,1.7700,8.8525;
33,Walking,75417820,-3.6816,0.7544,20.4517;
33,Walking,75468820,3.7329,-4.9756,10.3955;
33,Walking,75519820,-3.6060,9.3604,9.6777;
33,Walking,75570820,-2.7637,3.0835,11.9385;
33,Walking,75621820,-0.4810,0.2979,10.3857;
33,Walking,75672820,-2.4219,1.1597,11.6455;
33,Walking,75723820,-1.9971,-0.7642,11.3452;
33,Walking,75774820,-3.5254,-2.2778,11.6504;
33,Walking,75825820,-1.7847,0.1855,11.6089;
33,Walking,75876820,-1.5991,1.5454,11.8799;
33,Walking,75927820,-1.5332,0.7837,12.2583;
33,Walking,75978820,-1.2573,-0.7471,11.8164;
33,Walking,76029820,-1.7407,-0.4980,11.2012;
33,Walking,76080820,-2.1802,1.4258,11.1475;
33,Walking,76131820,-2.3853,1.4551,11.1499;
33,Walking,76182820,-2.2339,0.2832,11.5259;
33,Walking,76233820,-1.9189,-0.6104,11.4722;
33,Walking,76284820,-2.6123,-1.2769,13.0737;
33,Walking,76335820,-2.7319,1.1523,12.0337;
33,Walking,76386820,-0.9692,3.4204,12.3145;
33,Walking,76437820,0.3394,0.8057,12.1313;
33,Walking,76488820,0.1758,-1.5552,11.9116;
33,Walking,76539820,0.8667,1.1621,13.5889;
33,Walking,76590820,-5.0146,4.3945,12.7515;
33,Walking,76641820,-1.4893,1.4282,11.1133;
33,Walking,76692820,-0.3491,-1.0205,10.6787;
33,Walking,76743820,-0.3271,1.1401,9.8633;
33,Walking,76794820,-0.2148,1.5723,8.9282;
33,Walking,76845820,-0.6250,0.2539,8.7573;
33,Walking,76896820,0.8594,0.3320,11.2988;
33,Walking,76947820,2.3462,-9.8999,16.2231;
33,Walking,76998820,1.1499,-2.9492,11.5308;
33,Walking,77049820,0.7886,2.5439,17.8442;
33,Walking,77100820,-1.6113,-1.2671,11.5454;
33,Walking,77151820,-3.0322,3.8721,11.3550;
33,Walking,77202820,-2.2363,5.8643,10.6616;
33,Walking,77253820,-2.2119,1.8726,9.8560;
33,Walking,77304820,-1.6895,1.1694,9.9658;
33,Walking,77355820,-2.7808,-0.8032,13.1274;
33,Walking,77406820,-2.6172,-2.5732,11.2915;
33,Walking,77457820,-1.9897,-0.2368,11.1255;
33,Walking,77508820,-2.4414,1.2549,11.4600;
33,Walking,77559820,-1.8286,2.0728,11.7139;
33,Walking,77610820,-1.1597,0.2686,12.4194;
33,Walking,77661820,-1.9287,-0.8521,11.3647;
33,Walking,77712820,-2.6978,0.3320,11.1523;
33,Walking,77763820,-2.9321,1.8018,11.0840;
33,Walking,77814820,-2.7881,1.7627,11.1230;
33,Walking,77865820,-2.1606,0.1831,11.6406;
33,Walking,77916820,-2.6147,-1.2817,13.1494;
33,Walking,77967820,-2.5317,0.2954,11.5649;
33,Walking,78018820,-1.0620,2.8223,12.0801;
33,Walking,78069820,-0.3540,0.7178,11.7432;
33,Walking,78120820,-0.1245,-0.4761,12.1851;
33,Walking,78171820,0.5420,1.9043,12.2534;
33,Walking,78222820,-3.5376,3.3569,12.2852;
33,Walking,78273820,-3.4717,2.7075,11.5259;
33,Walking,78324820,1.6406,-1.9458,11.6626;
33,Walking,78375820,-0.5737,0.2710,11.2158;
33,Walking,78426820,-1.0474,1.8921,9.9756;
33,Walking,78477820,-0.4272,1.1206,9.8975;
33,Walking,78528820,-0.4199,0.5737,11.3794;
33,Walking,78579820,1.0449,-1.3208,11.5869;
33,Walking,78630820,0.7007,-3.9697,13.3887;
33,Walking,78681820,1.6309,-2.7930,12.7222;
33,Walking,78732820,0.4517,0.9326,10.1001;
33,Walking,78783820,-1.9702,0.8228,8.5229;
33,Walking,78834820,1.3501,-1.2134,17.7563;
33,Walking,78885820,0.3394,-3.4814,10.9106;
33,Walking,78936820,-1.3232,6.9653,8.6816;
33,Walking,78987820,-2.9956,3.2764,10.7349;
33,Walking,79038820,-2.0239,0.7031,9.8169;
33,Walking,79089820,-2.0361,-2.0044,12.5537;
33,Walking,79140820,-0.7007,0.4834,11.3818;
33,Walking,79191820,-2.4756,0.4785,10.5884;
33,Walking,79242820,-3.0444,0.8594,11.5332;
33,Walking,79293820,-1.7065,0.9888,11.8018;
33,Walking,79344820,-1.9482,1.3647,12.0972;
33,Walking,79395820,-1.9165,1.0522,11.3721;
33,Walking,79446820,-1.4819,-0.0073,11.6333;
33,Walking,79497820,-2.0337,0.1855,11.5137;
33,Walking,79548820,-1.8945,1.2817,11.1401;
33,Walking,79599820,-2.0312,0.8521,11.4063;
33,Walking,79650820,-2.4976,0.4590,11.5649;
33,Walking,79701820,-2.6392,1.1304,11.4038;
33,Walking,79752820,-1.8091,0.1904,14.0479;
33,Walking,79803820,-1.6626,-0.8643,12.1851;
33,Walking,79854820,-2.2632,1.7017,11.3159;
33,Walking,79905820,-0.4590,2.1216,11.4990;
33,Walking,79956820,0.0171,0.1172,12.0630;
33,Walking,80007820,1.7139,1.0767,12.3438;
33,Walking,80058820,-1.1157,3.8721,13.8770;
33,Walking,80109820,-5.5566,3.2910,11.3257;
33,Walking,80160820,0.2637,-3.1348,11.2964;
33,Walking,80211820,-0.5835,-0.3906,11.4209;
33,Walking,80262820,-0.1611,1.5015,9.5996;
33,Walking,80313820,-1.0156,0.5859,8.4204;
33,Walking,80364820,-1.0889,1.3037,9.4897;
33,Walking,80415820,1.0718,-0.3564,13.0884;
33,Walking,80466820,4.0234,-10.3638,15.9521;
33,Walking,80517820,1.5479,-2.0630,11.7163;
33,Walking,80568820,-3.3228,2.9199,17.1899;
33,Walking,80619820,0.4590,2.8760,11.6846;
33,Walking,80670820,-2.5879,4.0991,8.7598;
33,Walking,80721820,-2.3975,6.1768,11.3306;
33,Walking,80772820,-3.5986,1.2402,10.5664;
33,Walking,80823820,-2.6587,-1.8506,11.4307;
33,Walking,80874820,-4.0234,-2.4976,11.4575;
33,Walking,80925820,-1.3257,0.8105,11.0840;
33,Walking,80976820,-2.2046,1.4746,11.0913;
33,Walking,81027820,-2.0044,1.5186,12.1240;
33,Walking,81078820,-1.9141,1.1108,11.5063;
33,Walking,81129820,-1.9043,0.7056,11.8774;
33,Walking,81180820,-1.7285,0.3247,11.5942;
33,Walking,81231820,-1.9043,0.2808,11.0962;
33,Walking,81282820,-1.9141,0.6616,11.4526;
33,Walking,81333820,-2.1411,0.1343,11.6943;
33,Walking,81384820,-1.7651,-0.7495,13.1250;
33,Walking,81435820,-2.1289,-0.2246,12.8174;
33,Walking,81486820,-1.5234,1.3208,10.9619;
33,Walking,81537820,0.1978,1.9092,11.6553;
33,Walking,81588820,2.9614,2.2070,13.4741;
33,Walking,81639820,-1.1206,2.1533,12.9736;
33,Walking,81690820,-6.2793,2.9834,12.3682;
33,Walking,81741820,1.2036,-1.4844,10.7666;
33,Walking,81792820,-0.1611,-1.5820,11.1108;
33,Walking,81843820,-0.1978,1.3135,10.2051;
33,Walking,81894820,-1.0889,2.5635,9.2017;
33,Walking,81945820,-1.0083,1.8530,9.8340;
33,Walking,81996820,0.2686,1.0742,11.6064;
33,Walking,82047820,3.3374,-7.8223,14.1138;
33,Walking,82098820,0.1538,-4.6680,12.7930;
33,Walking,82149820,-0.3369,0.0269,10.5273;
33,Walking,82200820,-3.5937,2.4414,11.9849;
33,Walking,82251820,0.2148,0.2759,12.2559;
33,Walking,82302820,1.0083,1.8921,12.6270;
33,Walking,82353820,-1.6455,5.6177,7.3804;
33,Walking,82404820,-2.7734,2.7368,10.0488;
33,Walking,82455820,-2.1753,1.0059,12.1753;
33,Walking,82506820,-2.4243,-0.7129,12.1094;
33,Walking,82557820,-2.3535,-1.9702,11.0693;
33,Walking,82608820,-2.5903,-0.7178,11.5503;
33,Walking,82659820,-1.2305,1.9116,11.8555;
33,Walking,82710820,-1.6138,1.6846,11.4722;
33,Walking,82761820,-2.1338,1.3794,11.7505;
33,Walking,82812820,-1.5356,0.6714,11.5210;
33,Walking,82863820,-2.1094,0.3564,11.3379;
33,Walking,82914820,-2.5049,1.1523,11.3330;
33,Walking,82965820,-2.2632,1.1841,11.2842;
33,Walking,83016820,-1.9922,0.4297,11.5820;
33,Walking,83067820,-2.1558,-0.1733,11.7114;
33,Walking,83118820,-3.0811,-0.9106,12.7710;
33,Walking,83169820,-2.5220,0.4150,11.8164;
33,Walking,83220820,-1.8457,1.3696,10.3931;
33,Walking,83271820,-1.6724,0.9106,10.8545;
33,Walking,83322820,1.3525,1.4404,13.0273;
33,Walking,83373820,1.6235,1.4478,13.7158;
33,Walking,83424820,-2.4121,2.8369,12.2998;
33,Walking,83475820,-4.5728,2.5659,12.2437;
33,Walking,83526820,4.7583,-1.2939,13.8940;
33,Walking,83577820,-1.1743,1.2231,11.4038;
33,Walking,83628820,-1.6260,1.9336,8.6670;
33,Walking,83679820,-1.7065,1.2891,8.5254;
33,Walking,83730820,-0.3345,-0.8960,9.2700;
33,Walking,83781820,1.3330,0.9595,9.9976;
33,Walking,83832820,4.2603,-11.1548,21.7773;
33,Walking,83883820,-0.2417,-1.8872,10.5542;
33,Walking,83934820,-0.6836,4.1895,18.9258;
33,Walking,83985820,-3.1152,-5.0000,9.6704;
33,Walking,84036820,-4.9487,4.2603,7.1582;
33,Walking,84087820,-0.9131,4.9878,12.1460;
33,Walking,84138820,0.7739,0.1294,9.8999;
33,Walking,84189820,-3.5376,1.3574,10.0195;
33,Walking,84240820,-2.4976,-0.8569,12.7954;
33,Walking,84291820,-2.0752,-1.8750,11.4404;
33,Walking,84342820,-2.4487,1.2012,11.4551;
33,Walking,84393820,-2.3804,1.1304,11.2085;
33,Walking,84444820,-1.9263,1.9214,11.6406;
33,Walking,84495820,-1.5479,1.2476,12.5879;
33,Walking,84546820,-0.3931,-1.0400,11.6626;
33,Walking,84597820,-1.4038,0.7788,11.5967;
33,Walking,84648820,-2.7612,1.2427,11.1670;
33,Walking,84699820,-2.7222,0.3223,11.3892;
33,Walking,84750820,-2.8076,0.3149,11.4160;
33,Walking,84801820,-2.1387,-0.2344,13.3594;
33,Walking,84852820,-2.8369,-0.2539,12.2925;
33,Walking,84903820,-2.2998,2.1216,11.1816;
33,Walking,84954820,0.0806,3.3765,11.9971;
33,Walking,85005820,-0.0464,-0.1953,12.1362;
33,Walking,85056820,0.2295,-0.7178,12.1021;
33,Walking,85107820,0.8276,1.4087,14.0625;
33,Walking,85158820,-6.3232,4.7192,12.5220;
33,Walking,85209820,-1.8750,-0.0903,10.5615;
33,Walking,85260820,-0.4883,-1.7603,10.8984;
33,Walking,85311820,-0.7520,1.5356,9.7559;
33,Walking,85362820,-0.5591,0.8447,8.9380;
33,Walking,85413820,-0.7739,0.6323,9.5166;
33,Walking,85464820,0.0439,0.8691,11.0889;
33,Walking,85515820,1.3574,-7.0801,14.1040;
33,Walking,85566820,2.7368,-3.6792,14.0942;
33,Walking,85617820,0.9619,1.0278,9.8437;
33,Walking,85668820,-3.3667,1.7676,8.4204;
33,Walking,85719820,-4.8682,0.5640,16.9067;
33,Walking,85770820,-1.9434,1.6895,9.5337;
33,Walking,85821820,-2.8906,5.7129,9.3994;
33,Walking,85872820,-3.0664,2.6514,11.7456;
33,Walking,85923820,-1.2769,0.6616,9.3408;
33,Walking,85974820,-1.9873,0.6714,13.3105;
33,Walking,86025820,-1.6504,-1.3770,11.3330;
33,Walking,86076820,-1.8823,-0.1880,11.1060;
33,Walking,86127820,-2.5732,1.5503,11.5674;
33,Walking,86178820,-2.0898,1.3794,11.3354;
33,Walking,86229820,-1.8359,1.7383,11.6235;
33,Walking,86280820,-1.8408,1.1792,12.0410;
33,Walking,86331820,-1.7554,0.0293,11.7383;
33,Walking,86382820,-0.3882,-0.9277,11.7651;
33,Walking,86433820,-1.5479,1.1060,11.3013;
33,Walking,86484820,-2.0557,-0.8716,11.4038;
33,Walking,86535820,-2.7539,-1.8164,13.5620;
33,Walking,86586820,-3.2812,1.7456,13.3911;
33,Walking,86637820,2.2485,5.1489,12.3218;
33,Walking,86688820,0.6519,1.4014,11.8896;
33,Walking,86739820,-1.9507,1.5527,12.1655;
33,Walking,86790820,-1.7236,2.7368,11.5137;
33,Walking,86841820,0.9644,0.3857,11.7139;
33,Walking,86892820,-0.6519,-0.4468,10.7495;
33,Walking,86943820,-0.4053,0.3638,10.4980;
33,Walking,86994820,0.1392,1.7285,9.1113;
33,Walking,87045820,-1.0107,0.2271,9.7827;
33,Walking,87096820,-1.2524,-0.9253,10.9106;
33,Walking,87147820,1.9482,-5.9961,14.1235;
33,Walking,87198820,1.3281,-1.9092,12.2290;
33,Walking,87249820,1.0107,0.0464,11.1890;
33,Walking,87300820,-1.2671,1.1865,18.3203;
33,Walking,87351820,0.4956,-1.9360,13.6084;
33,Walking,87402820,-2.5952,4.1235,7.6514;
33,Walking,87453820,-0.9082,4.9951,11.4282;
33,Walking,87504820,-2.3218,0.4858,12.6538;
33,Walking,87555820,-2.6514,-1.6016,9.5386;
33,Walking,87606820,-1.4429,-0.5127,12.4268;
33,Walking,87657820,-1.4136,2.4585,11.4893;
33,Walking,87708820,-2.6245,1.3159,10.4492;
33,Walking,87759821,-2.8760,0.5737,11.7627;
33,Walking,87810820,-1.8506,0.3931,11.7651;
33,Walking,87861820,-2.5513,0.8130,11.5894;
33,Walking,87912820,-2.2241,0.2148,11.2524;
33,Walking,87963820,-2.2363,0.3638,12.0068;
33,Walking,88014820,-1.9238,1.0181,11.3208;
33,Walking,88065820,-2.0386,0.7202,11.6382;
33,Walking,88116820,-2.1948,0.5103,11.8481;
33,Walking,88167820,-2.1680,0.4395,10.9058;
33,Walking,88218820,-2.9443,0.4443,11.6724;
33,Walking,88269820,-2.4243,1.2695,11.2622;
33,Walking,88320820,-1.8945,0.4443,11.2329;
33,Walking,88371820,-2.4121,-0.3564,13.5889;
33,Walking,88422820,-2.2998,0.9839,11.4990;
33,Walking,88473820,-1.7896,1.8506,10.1929;
33,Walking,88524820,-1.2793,1.1621,11.2573;
33,Walking,88575820,-1.3379,0.8813,11.1133;
33,Walking,88626820,-1.5259,0.8398,12.2876;
33,Walking,88677820,1.3672,1.7456,12.6123;
33,Walking,88728820,-0.2441,1.5552,11.7529;
33,Walking,88779820,-0.8081,-0.2417,12.5366;
33,Walking,88830820,0.5151,4.5166,11.8555;
33,Walking,88881820,0.4395,2.1777,11.6431;
33,Walking,88932820,-0.1245,-0.7544,11.1743;
33,Walking,88983820,1.0547,1.4697,11.6626;
33,Walking,89034820,-0.7715,1.3672,10.5273;
33,Walking,89085820,-0.8960,2.1240,9.5850;
33,Walking,89136820,0.0244,2.0483,10.8325;
33,Walking,89187820,0.3979,0.2271,11.0181;
33,Walking,89238820,-0.6396,-1.2207,12.3975;
33,Walking,89289820,0.6567,-3.1494,11.7798;
33,Walking,89340820,0.4614,-3.1738,13.3960;
33,Walking,89391820,5.4077,-0.8105,13.4595;
33,Walking,89442820,-0.2808,2.6514,12.3926;
33,Walking,89493820,-3.2153,3.3105,10.6714;
33,Walking,89544820,-1.1304,4.0894,10.9009;
33,Walking,89595820,-1.2451,1.5283,11.5186;
33,Walking,89646820,-2.9712,-0.3467,11.6260;
33,Walking,89697820,-5.1392,-2.2876,10.8032;
33,Walking,89748820,-1.2012,-0.8887,10.9790;
33,Walking,89799820,-2.0483,1.0400,12.1094;
33,Walking,89850820,-0.9668,1.0083,12.2437;
33,Walking,89901820,-1.5015,1.2402,11.3965;
33,Walking,89952820,-1.5479,-0.1953,11.8066;
33,Walking,90003820,-1.8970,-0.9644,12.1289;
33,Walking,90054820,-1.6089,-0.5200,11.0156;
33,Walking,90105820,-1.9751,0.5420,11.8994;
33,Walking,90156820,-1.5820,0.7349,11.3892;
33,Walking,90207820,-1.8262,1.0254,11.0962;
33,Walking,90258820,-1.6895,0.2197,11.2988;
33,Walking,90309820,-1.7578,-0.1099,11.9287;
33,Walking,90360820,-1.9482,-0.3760,12.7954;
33,Walking,90411820,-2.7734,1.9141,12.9272;
33,Walking,90462820,-1.5283,1.6064,10.9082;
33,Walking,90513820,-0.8911,0.4590,11.2158;
33,Walking,90564820,0.8765,0.8472,12.6099;
33,Walking,90615820,3.6865,1.0229,13.8940;
33,Walking,90666820,-2.6709,2.3633,12.1265;
33,Walking,90717820,-3.4155,4.2749,11.1963;
33,Walking,90768820,1.0059,-0.5713,10.6860;
33,Walking,90819820,-0.7935,0.2979,10.0781;
33,Walking,90870820,-0.0806,-1.6040,10.7251;
33,Walking,90921820,-1.7773,-1.0645,8.7354;
33,Walking,90972820,-0.6152,0.7666,11.3574;
33,Walking,91023820,2.8760,-0.9351,12.9028;
33,Walking,91074820,3.1152,-5.1196,14.2456;
33,Walking,91125820,2.3315,-1.7065,11.3599;
33,Walking,91176820,-2.5708,1.7651,16.0742;
33,Walking,91227820,0.3027,2.4048,14.5361;
33,Walking,91278820,-1.0596,-1.7212,8.5986;
33,Walking,91329820,-2.2388,6.3672,10.0220;
33,Walking,91380820,-2.9126,4.0674,12.3389;
33,Walking,91431820,-1.4600,0.5444,9.4946;
33,Walking,91482820,-3.4717,-2.4536,13.3008;
33,Walking,91533820,-0.8130,-1.8750,11.4795;
33,Walking,91584820,-2.1021,1.6650,11.1279;
33,Walking,91635820,-2.0728,1.6382,11.1011;
33,Walking,91686820,-2.2729,1.0742,11.4331;
33,Walking,91737820,-1.9336,1.2061,11.8848;
33,Walking,91788820,-2.1680,0.4761,11.7505;
33,Walking,91839820,-2.0166,-0.1074,11.7090;
33,Walking,91890820,-1.8774,0.6470,11.4355;
33,Walking,91941820,-1.1621,0.9082,11.4673;
33,Walking,91992820,-1.7285,-0.0073,11.3916;
33,Walking,92043820,-2.4512,0.0977,11.4404;
33,Walking,92094820,-2.7979,0.9912,11.7310;
33,Walking,92145820,-1.7163,0.7617,12.7197;
33,Walking,92196820,-2.7466,-0.0781,12.7246;
33,Walking,92247820,-2.2412,1.6260,10.6763;
33,Walking,92298820,-1.0278,1.4136,11.8311;
33,Walking,92349820,0.5884,0.6592,12.4512;
33,Walking,92400820,-0.1147,0.3784,12.3096;
33,Walking,92451820,1.6968,0.4907,13.5181;
33,Walking,92502820,-3.4888,3.3179,11.8359;
33,Walking,92553820,-2.5244,2.7588,11.8896;
33,Walking,92604820,-0.7129,-2.1655,10.3418;
33,Walking,92655820,-1.2573,0.9033,10.0146;
33,Walking,92706820,-0.5249,-0.1343,9.9731;
33,Walking,92757820,-0.3687,1.2476,10.0928;
33,Walking,92808820,0.5200,2.2144,11.3037;
33,Walking,92859820,1.7407,-3.2568,13.2251;
33,Walking,92910820,2.5171,-5.8105,14.2871;
33,Walking,92961820,0.6787,-0.0757,9.8511;
33,Walking,93012820,-2.3535,0.5786,8.2397;
33,Walking,93063820,-0.5005,-0.6421,15.0684;
33,Walking,93114820,5.8960,-3.7085,14.9390;
33,Walking,93165820,-2.5000,5.6104,6.5088;
33,Walking,93216820,-2.5342,6.0474,11.5015;
33,Walking,93267820,-1.8311,-1.3599,11.7847;
33,Walking,93318820,-1.9873,-4.3555,9.8437;
33,Walking,93369820,-2.2705,1.1719,11.5747;
33,Walking,93420820,-2.7881,0.8398,11.3599;
33,Walking,93471820,-2.3242,1.4722,10.9399;
33,Walking,93522820,-1.6284,1.1011,11.8774;
33,Walking,93573820,-1.7358,1.1670,11.2915;
33,Walking,93624820,-1.9141,1.4673,11.7920;
33,Walking,93675820,-1.4526,0.5786,11.6333;
33,Walking,93726820,-1.4233,0.2100,11.6821;
33,Walking,93777820,-1.4404,0.4150,11.5527;
33,Walking,93828820,-1.4453,1.0645,11.1865;
33,Walking,93879820,-1.9604,-0.6006,12.1509;
33,Walking,93930820,-2.8345,-1.2793,13.6255;
33,Walking,93981820,-3.3569,1.1230,12.5732;
33,Walking,94032820,2.2021,4.6436,12.0508;
33,Walking,94083820,3.2007,1.8945,13.1396;
33,Walking,94134820,-1.0181,0.9106,12.1362;
33,Walking,94185820,-4.8364,3.4351,11.7236;
33,Walking,94236820,-1.4185,0.6787,11.3452;
33,Walking,94287820,-0.1807,-3.1079,10.7764;
33,Walking,94338820,-0.9302,0.8472,11.1108;
33,Walking,94389820,-0.5908,1.4966,9.6094;
33,Walking,94440820,-1.1670,2.2437,9.7412;
33,Walking,94491820,0.8276,0.6177,11.0205;
33,Walking,94542820,2.9761,-6.0742,15.5298;
33,Walking,94593820,1.7407,-1.1499,13.4302;
33,Walking,94644820,1.2646,0.4639,10.2417;
33,Walking,94695820,-0.3101,1.7212,9.1284;
33,Walking,94746820,-6.2207,-1.5723,19.0625;
33,Walking,94797820,11.9653,-6.1572,18.1421;
33,Walking,94848820,-2.6953,7.0190,7.0679;
33,Walking,94899820,-2.3511,7.4780,10.0610;
33,Walking,94950820,-1.9482,0.8105,11.6821;
33,Walking,95001820,-3.4497,-4.6680,12.1021;
33,Walking,95052820,0.3931,-1.2183,11.1816;
33,Walking,95103820,-2.1533,0.7666,11.8896;
33,Walking,95154820,-1.9189,1.4063,10.6958;
33,Walking,95205820,-1.2134,0.7593,12.0288;
33,Walking,95256820,-1.5918,1.2134,11.7432;
33,Walking,95307820,-2.0239,0.7446,11.7993;
33,Walking,95358820,-1.9751,0.3564,11.6528;
33,Walking,95409820,-2.2314,0.7056,11.9165;
33,Walking,95460820,-1.6113,0.5615,11.1914;
33,Walking,95511831,-1.3647,1.1353,11.1304;
33,Walking,95562820,-1.6943,0.2783,11.1279;
33,Walking,95613820,-2.1362,-0.8521,12.4292;
33,Walking,95664820,-3.1250,-0.4541,13.8159;
33,Walking,95715820,-3.0591,0.5371,11.5479;
33,Walking,95766820,-1.5259,2.4707,11.9653;
33,Walking,95817820,3.3350,4.0991,13.6768;
33,Walking,95868820,1.2573,-0.1978,12.1021;
33,Walking,95919820,-1.5210,1.5259,11.7236;
33,Walking,95970820,-5.3931,2.7881,12.2925;
33,Walking,96021820,0.8032,-0.3711,10.7007;
33,Walking,96072820,-0.5737,-1.5576,11.4014;
33,Walking,96123820,-1.2451,0.8740,9.8145;
33,Walking,96174820,-0.7300,0.5493,9.2847;
33,Walking,96225820,-0.4712,1.3062,10.0635;
33,Walking,96276820,1.3892,0.3198,11.4624;
33,Walking,96327820,2.8271,-7.1558,15.3833;
33,Walking,96378820,0.8521,-0.7568,12.0947;
33,Walking,96429820,0.4077,1.8115,8.5034;
33,Walking,96480820,-2.9956,1.3672,18.6816;
33,Walking,96531820,1.4087,-11.0913,14.8071;
33,Walking,96582820,0.1831,8.0664,9.4385;
33,Walking,96633820,-1.5332,8.9502,9.2236;
33,Walking,96684820,-2.4536,0.2588,12.1265;
33,Walking,96735820,-2.2656,-1.6699,9.7363;
33,Walking,96786820,-3.0884,-4.0308,14.3481;
33,Walking,96837820,0.2393,-2.7661,10.8350;
33,Walking,96888820,-1.9824,1.5405,11.2915;
33,Walking,96939820,-2.7710,1.7700,12.0337;
33,Walking,96990820,-1.4258,2.3462,11.3989;
33,Walking,97041820,-1.7529,2.4463,12.0605;
33,Walking,97092820,-1.5942,1.0693,11.8018;
33,Walking,97143820,-1.4014,-0.8276,11.3818;
33,Walking,97194820,-0.5396,-0.9912,11.7334;
33,Walking,97245820,-1.5698,1.1768,11.2256;
33,Walking,97296820,-1.9946,-1.6382,11.4136;
33,Walking,97347820,-3.0762,-1.0815,14.4263;
33,Walking,97398820,1.6089,6.1865,15.3320;
33,Walking,97449820,1.5161,2.4365,12.1118;
33,Walking,97500820,-0.5835,1.4160,11.9043;
33,Walking,97551820,-2.7051,2.6465,11.5601;
33,Walking,97602820,0.0488,-2.1533,10.5981;
33,Walking,97653820,-1.2866,-0.4102,10.0684;
33,Walking,97704820,-1.2354,0.7812,10.5566;
33,Walking,97755820,1.2500,1.3525,10.1587;
33,Walking,97806820,-0.1123,1.4209,11.3232;
33,Walking,97857820,1.0913,-0.7227,11.8506;
33,Walking,97908820,1.2402,-3.9868,13.1592;
33,Walking,97959820,3.0005,-2.2095,13.0103;
33,Walking,98010820,1.0303,-0.6226,10.5591;
33,Walking,98061820,-0.1440,0.0757,9.7534;
33,Walking,98112820,-1.5674,-0.4712,9.8340;
33,Walking,98163820,-4.2383,-3.2837,17.2339;
33,Walking,98214820,4.4800,0.4419,13.2031;
33,Walking,98265820,-3.4180,8.8501,7.7759;
33,Walking,98316820,-1.4282,5.4102,10.6494;
33,Walking,98367820,-2.7246,-1.1206,10.8032;
33,Walking,98418820,-0.9937,-4.7754,12.1045;
33,Walking,98469820,-0.2612,0.1465,11.9580;
33,Walking,98520820,-2.8809,-0.6714,10.3906;
33,Walking,98571820,-2.2485,1.9043,11.7090;
33,Walking,98622820,-1.4722,1.7480,11.2671;
33,Walking,98673820,-2.5513,1.5503,11.6846;
33,Walking,98724820,-2.3242,1.1597,11.8774;
33,Walking,98775820,-1.5576,-0.1147,11.6602;
33,Walking,98826820,-1.3037,-0.5835,11.4868;
33,Walking,98877820,-0.5469,1.7212,11.3037;
33,Walking,98928820,-1.9092,0.2856,11.4819;
33,Walking,98979820,-1.3135,-1.4380,11.7285;
33,Walking,99030820,-2.1045,-1.3672,13.3154;
33,Walking,99081820,-2.7295,0.3442,12.9102;
33,Walking,99132820,-1.1816,1.8286,11.7944;
33,Walking,99183820,4.6924,1.9019,13.2568;
33,Walking,99234820,1.0327,0.4468,12.9614;
33,Walking,99285820,-5.4810,4.6851,12.3560;
33,Walking,99336820,-1.0596,3.2471,10.7959;
33,Walking,99387822,-0.7349,-1.1890,10.5322;
33,Walking,99438820,0.0415,-1.5308,10.4614;
33,Walking,99489820,0.1807,-0.6055,9.7656;
33,Walking,99540820,-0.5371,0.5737,9.5630;
33,Walking,99591820,-0.4272,1.0449,10.6445;
33,Walking,99642820,4.6875,-1.8701,14.7144;
33,Walking,99693820,2.7124,-7.6025,14.8120;
33,Walking,99744820,-0.8374,3.0347,13.0078;
33,Walking,99795820,0.6274,2.7490,13.4619;
33,Walking,99846820,0.9399,-4.3604,9.9878;
33,Walking,99897820,-4.0137,5.1636,11.0645;
33,Walking,99948820,-0.7275,5.4126,11.9727;
33,Walking,99999820,-1.2402,-0.0220,9.3774;
33,Walking,100050820,-3.8257,0.8423,11.8335;
33,Walking,100101820,-2.2461,-2.2241,11.6382;
33,Walking,100152820,-2.4341,-0.6274,11.2280;
33,Walking,100203820,-1.6846,0.8496,12.1802;
33,Walking,100254820,-0.7593,1.5503,11.5552;
33,Walking,100305820,-1.8237,0.5957,11.9580;
33,Walking,100356820,-1.5527,0.1685,11.8140;
33,Walking,100407820,-1.4648,0.0464,11.2109;
33,Walking,100458820,-2.0215,1.0278,10.8643;
33,Walking,100509820,-2.0117,1.1035,11.5479;
33,Walking,100560820,-1.4502,0.1782,10.8618;
33,Walking,100611820,-2.0264,-0.5322,12.3682;
33,Walking,100662820,-3.2910,0.3906,12.7759;
33,Walking,100713820,-2.3120,1.6870,11.8555;
33,Walking,100764820,-1.2402,3.0103,11.3940;
33,Walking,100815820,1.8164,1.2598,12.4121;
33,Walking,100866820,1.9580,-2.1631,12.4976;
33,Walking,100917820,-0.6396,2.8735,13.4668;
33,Walking,100968820,-5.0854,5.1074,12.2607;
33,Walking,101019820,2.2705,-1.8872,11.0181;
33,Walking,101070820,-1.0254,-1.1084,10.2539;
33,Walking,101121820,-0.7056,1.3965,9.5801;
33,Walking,101172820,-0.6396,0.8789,8.5327;
33,Walking,101223820,-0.1978,0.5371,10.8716;