33,Walking,10591821,-0.7837,-0.0830,9.1162;
33,Walking,10652834,-0.3076,-0.5103,11.8994;
33,Walking,10703838,2.3437,-3.3594,12.6465;
33,Walking,10754821,4.2651,-4.6411,15.7031;
33,Walking,10805820,1.5918,1.5063,9.8267;
33,Walking,10856820,2.4731,2.6318,16.3574;
33,Walking,10907820,-4.4678,-4.8169,8.7183;
33,Walking,10958820,-3.3936,4.2090,9.2432;
33,Walking,11009820,-1.2207,3.0762,15.3442;
33,Walking,11060820,-1.9629,1.0645,9.6558;
33,Walking,11111820,-2.2388,0.2490,10.1563;
33,Walking,11162820,-3.2202,-0.2930,12.1533;
33,Walking,11213820,-1.4648,-1.0596,11.4307;
33,Walking,11264820,-2.0654,-0.0220,11.7651;
33,Walking,11315820,-1.3745,0.8813,11.6357;
33,Walking,11366820,-1.7627,1.1938,11.6113;
33,Walking,11417820,-2.5635,0.1660,11.5894;
33,Walking,11468820,-2.0215,-0.4712,11.4819;
33,Walking,11519820,-1.7212,0.7202,11.5308;
33,Walking,11570820,-1.2500,1.9824,11.6016;
33,Walking,11621820,-2.1069,0.3345,11.2793;
33,Walking,11672820,-2.1533,-0.9180,11.8530;
33,Walking,11723820,-3.5767,-0.7495,12.8760;
33,Walking,11774820,-3.3154,0.7227,12.6782;
33,Walking,11825820,0.0024,2.3242,12.3950;
33,Walking,11876820,1.4966,1.9385,12.5024;
33,Walking,11927820,0.2319,0.0171,12.1289;
33,Walking,11978820,-2.2339,3.3179,12.1948;
33,Walking,12029820,-5.8301,3.0225,11.8530;
33,Walking,12080820,1.6846,-2.3584,11.0205;
33,Walking,12131820,0.3076,0.2808,11.2695;
33,Walking,12182820,-0.3491,1.4673,9.5288;
33,Walking,12233820,-0.8203,0.9473,9.0771;
33,Walking,12284820,-0.5615,1.0645,10.0317;
33,Walking,12335820,1.7432,-1.5845,11.9214;
33,Walking,12386820,4.1553,-8.8599,16.7773;
33,Walking,12437820,0.6714,0.0342,9.0161;
33,Walking,12488820,-0.0635,1.4063,19.5654;
33,Walking,12539820,-3.8794,-4.3286,8.4912;
33,Walking,12590820,-5.3809,8.9551,11.3086;
33,Walking,12641820,-3.0273,5.8228,12.4170;
33,Walking,12692820,-1.8408,0.2588,9.4067;
33,Walking,12743820,-2.1680,0.0073,10.4346;
33,Walking,12794820,-2.5269,-2.0215,13.0615;
33,Walking,12845820,-1.1450,-0.9985,10.8081;
33,Walking,12896820,-3.3472,0.5420,11.3721;
33,Walking,12947820,-2.0337,1.4844,11.4429;
33,Walking,12998820,-1.6138,2.2559,11.7065;
33,Walking,13049820,-2.0215,-0.3979,11.9385;
33,Walking,13100820,-1.5137,-1.3818,11.6504;
33,Walking,13151820,-2.4170,0.6836,11.0303;
33,Walking,13202820,-2.0166,2.0239,11.7456;
33,Walking,13253820,-2.8589,0.4663,10.8691;
33,Walking,13304820,-3.2275,-1.2207,12.3633;
33,Walking,13355820,-2.1680,0.2710,12.4902;
33,Walking,13406820,-1.2793,2.0996,12.1338;
33,Walking,13457820,-0.6689,2.2485,11.9067;
33,Walking,13508820,0.0439,1.5186,12.6636;
33,Walking,13559820,-1.3306,1.9702,12.2778;
33,Walking,13610820,-4.7900,3.1396,11.5234;
33,Walking,13661820,-2.6538,-1.1719,10.6836;
33,Walking,13712820,4.2041,1.1646,12.6343;
33,Walking,13763820,-0.9009,1.4331,10.5322;
33,Walking,13814820,-1.3940,1.4014,8.4937;
33,Walking,13865820,-1.1694,1.1182,8.5693;
33,Walking,13916820,-1.8433,1.2354,9.9976;
33,Walking,13967820,4.1895,-3.4082,14.6069;
33,Walking,14069820,-0.0928,2.0190,9.1577;
33,Walking,14120820,-3.3130,4.9023,19.7876;
33,Walking,14171820,9.8730,-10.9595,19.6777;
33,Walking,14222820,-1.6187,4.1724,6.1084;
33,Walking,14273820,-2.8540,8.0811,10.2271;
33,Walking,14324820,-4.1553,3.3203,13.1812;
33,Walking,14375820,-0.1953,0.7642,8.9136;
33,Walking,14426820,-4.7607,-3.0396,13.6841;
33,Walking,14477820,-1.5381,-5.4907,10.7983;
33,Walking,14528820,-0.1318,2.0947,11.8262;
33,Walking,14579820,-2.3975,2.6758,11.8652;
33,Walking,14630820,-2.0850,2.0557,10.6592;
33,Walking,14681820,-3.3105,2.1704,11.7456;
33,Walking,14732820,-2.1460,1.0205,11.6382;
33,Walking,14783820,-1.7041,0.1978,11.6064;
33,Walking,14834820,-2.0898,0.5737,11.4868;
33,Walking,14885820,-1.5723,0.3027,11.6602;
33,Walking,14936820,-2.1143,-0.4370,12.0435;
33,Walking,14987820,-1.6138,-0.6641,13.6230;
33,Walking,15038820,-2.0288,-1.2305,12.5488;
33,Walking,15089820,-1.2915,1.6748,11.4648;
33,Walking,15140820,2.5659,3.6963,11.8140;
33,Walking,15191820,1.2598,0.2051,12.1899;
33,Walking,15242820,-6.4526,2.8052,13.3130;
33,Walking,15293820,-4.7974,2.2363,11.4087;
33,Walking,15344820,3.0762,-2.1777,12.1021;
33,Walking,15395820,-0.9863,1.2549,10.9766;
33,Walking,15446820,-0.3174,2.5366,8.3154;
33,Walking,15497820,-1.7700,1.2573,8.7183;
33,Walking,15548820,-1.5161,0.8130,11.7432;
33,Walking,15599820,9.7290,-13.6523,18.2666;
33,Walking,15650820,0.0879,-1.7310,13.2666;
33,Walking,15701820,-0.1123,5.5029,9.2651;
33,Walking,15752820,-2.7759,5.1782,15.5029;
33,Walking,15803820,5.8252,-10.0342,21.5869;
33,Walking,15854820,-5.6250,4.1382,8.6377;
33,Walking,15905820,-1.6406,6.9312,9.9121;
33,Walking,15956820,-3.3252,3.2031,12.5659;
33,Walking,16007820,-1.3477,-0.0684,8.5400;
33,Walking,16058820,-2.2998,-0.8789,12.2412;
33,Walking,16109820,-2.6074,-1.6357,11.4429;
33,Walking,16160820,-2.6782,-0.3027,10.4028;
33,Walking,16211820,-2.4487,1.1401,11.6089;
33,Walking,16262820,-2.1753,1.4087,11.4917;
33,Walking,16313820,-1.8994,1.5625,12.1240;
33,Walking,16364820,-1.4355,0.3296,11.6602;
33,Walking,16415820,-1.4941,-0.4785,11.7139;
33,Walking,16466820,-1.5015,-0.2173,11.3428;
33,Walking,16517820,-2.4609,0.8350,11.1182;
33,Walking,16568820,-2.2681,-0.2295,10.8057;
33,Walking,16619820,-2.5073,-1.1108,13.5522;
33,Walking,16670820,-3.5474,1.0571,12.5293;
33,Walking,16721820,-1.9116,2.0508,11.1938;
33,Walking,16772820,1.0352,2.3047,12.0947;
33,Walking,16823820,2.2046,0.4077,12.5903;
33,Walking,16874820,-1.0693,1.0303,12.7539;
33,Walking,16925820,-7.3608,3.6523,12.1143;
33,Walking,16976820,2.1289,-2.4023,11.5918;
33,Walking,17027820,0.9839,-0.2734,11.8042;
33,Walking,17078820,-1.3062,1.2451,9.6875;
33,Walking,17129820,-0.6323,1.9312,8.7378;
33,Walking,17180820,-0.6567,2.0825,8.7402;
33,Walking,17231820,-0.2686,0.8057,12.1143;
33,Walking,17282820,8.9380,-11.5332,18.4595;
33,Walking,17333820,-0.3784,-2.0874,11.8359;
33,Walking,17384820,-1.2231,3.8794,18.2666;
33,Walking,17435820,4.4458,-0.2734,15.5981;
33,Walking,17486820,-1.7090,-1.6626,7.7124;
33,Walking,17537820,-2.0264,6.3623,10.7837;
33,Walking,17588820,-2.3413,1.0815,12.0288;
33,Walking,17639820,-1.2231,0.1489,9.0771;
33,Walking,17690820,-2.6685,0.5371,12.9150;
33,Walking,17741820,-2.7319,-1.2134,10.9595;
33,Walking,17792820,-2.1777,-0.9692,11.0840;
33,Walking,17843820,-2.5635,0.5566,11.4917;
33,Walking,17894820,-1.9800,1.7480,11.5454;
33,Walking,17945820,-2.1533,1.7407,11.8384;
33,Walking,17996820,-1.9019,0.7153,11.7529;
33,Walking,18047820,-1.5723,-0.0586,11.6602;
33,Walking,18098820,-0.9741,1.0132,11.5991;
33,Walking,18149820,-2.3804,0.5591,10.8008;
33,Walking,18200820,-2.8955,0.1392,11.2061;
33,Walking,18251820,-2.4707,-0.6567,12.9248;
33,Walking,18302820,-3.3154,0.0098,13.0762;
33,Walking,18353820,-2.6733,2.2754,11.0498;
33,Walking,18404820,0.2661,3.0884,11.4209;
33,Walking,18455820,0.8765,0.2881,12.4902;
33,Walking,18506820,1.2695,-1.1499,11.6064;
33,Walking,18557820,-2.4756,2.4902,12.9395;
33,Walking,18608820,-7.8198,3.2715,11.9116;
33,Walking,18659820,2.7954,-1.8652,11.1914;
33,Walking,18710820,0.4395,-0.2344,11.3037;
33,Walking,18761820,-1.2842,1.6479,10.1636;
33,Walking,18812820,-0.7861,1.5796,9.6851;
33,Walking,18863820,-0.0366,0.8569,11.1157;
33,Walking,18914820,0.6714,0.8569,11.1450;
33,Walking,18965820,3.3398,-5.4565,14.5264;
33,Walking,19016820,-0.1050,-2.3950,13.1201;
33,Walking,19067820,-0.0195,1.1841,9.0796;
33,Walking,19118820,-1.3037,3.6938,14.3384;
33,Walking,19169820,7.3218,-4.3579,20.2539;
33,Walking,19220820,-4.1724,0.5469,7.3047;
33,Walking,19271820,-3.5156,5.4053,8.7744;
33,Walking,19322820,-2.0239,3.9185,14.3311;
33,Walking,19373820,-0.5322,-1.3403,10.6250;
33,Walking,19424820,-1.3232,0.6689,10.0659;
33,Walking,19475820,-2.2998,1.1572,11.8774;
33,Walking,19526820,-2.9028,0.2759,11.4014;
33,Walking,19577820,-3.4546,-0.2246,10.8765;
33,Walking,19628820,-1.7358,0.5249,11.7725;
33,Walking,19679820,-1.5479,1.5771,11.8701;
33,Walking,19730820,-1.5137,0.3418,11.8848;
33,Walking,19781820,-1.5820,0.0024,11.6797;
33,Walking,19832820,-2.4341,0.5176,11.6821;
33,Walking,19883820,-2.1924,0.7227,11.2964;
33,Walking,19934820,-1.4478,-0.1318,11.5186;
33,Walking,19985820,-1.5015,-0.5640,11.1304;
33,Walking,20036820,-2.3193,0.3223,10.9448;
33,Walking,20087820,-2.7783,-0.1758,12.3096;
33,Walking,20138820,-3.6987,0.7056,11.6895;
33,Walking,20189820,-2.8760,2.0581,10.7397;
33,Walking,20240820,-1.9189,1.3013,11.8604;
33,Walking,20291820,1.7896,1.2622,12.8149;
33,Walking,20342820,0.5884,-1.3721,12.2949;
33,Walking,20393820,2.5903,0.8179,13.8599;
33,Walking,20444820,-4.3091,3.7720,12.5903;
33,Walking,20495820,-3.0542,0.5981,12.1704;
33,Walking,20546820,-1.1035,-1.7212,10.4150;
33,Walking,20597820,-1.9336,1.2329,9.4727;
33,Walking,20648820,-1.6748,0.7153,9.3945;
33,Walking,20699820,-0.7104,-0.0195,11.4380;
33,Walking,20750820,1.8018,0.9229,13.0078;
33,Walking,20801820,1.6406,0.5103,12.1460;
33,Walking,20852820,0.9619,-0.5786,12.5122;
33,Walking,20903820,1.7285,-1.8018,10.9351;
33,Walking,20954820,-1.2109,-0.8325,9.5654;
33,Walking,21005820,-2.4048,0.6323,9.9976;
33,Walking,21056820,-3.9624,2.7246,21.2183;
33,Walking,21107820,3.1372,-2.3169,12.1313;
33,Walking,21158820,-0.9399,2.8857,9.4434;
33,Walking,21209820,-2.2217,5.4614,10.8447;
33,Walking,21260820,-3.5229,2.0532,10.9912;
33,Walking,21311820,-1.9897,0.5151,9.8779;
33,Walking,21362820,-2.2046,-0.8325,12.3975;
33,Walking,21413820,1.6992,-1.9019,11.7725;
33,Walking,21464820,-2.9395,0.9302,12.1826;
33,Walking,21515820,-4.0430,1.8945,10.6494;
33,Walking,21566820,-3.5205,0.8569,11.2793;
33,Walking,21617820,-2.0264,1.7798,12.0532;
33,Walking,21668820,-2.6392,0.1855,11.0352;
33,Walking,21719820,-4.2725,0.1099,11.1548;
33,Walking,21770820,-2.7808,1.6821,11.5356;
33,Walking,21821820,-1.9800,2.4707,11.5894;
33,Walking,21872820,-2.0801,2.9126,11.5649;
33,Walking,21923820,-2.8467,0.7202,11.5576;
33,Walking,21974820,-2.8906,-1.3013,11.4746;
33,Walking,22025820,-3.4546,-1.6846,11.7896;
33,Walking,22076820,-2.9199,1.9849,11.9434;
33,Walking,22127820,-1.1646,3.6206,11.0254;
33,Walking,22178820,0.0415,0.7446,12.0825;
33,Walking,22229820,-0.2393,-0.8618,12.2949;
33,Walking,22280820,-0.5151,0.0562,12.0874;
33,Walking,22331820,-3.6157,2.0117,11.8311;
33,Walking,22382820,-4.3726,2.0337,12.2388;
33,Walking,22433820,0.3735,0.0879,11.2476;
33,Walking,22484820,-0.4932,0.4004,11.0083;
33,Walking,22535820,-0.8252,1.6309,10.4932;
33,Walking,22586820,0.3931,1.2988,11.1328;
33,Walking,22637820,0.2100,0.2295,12.1509;
33,Walking,22688820,0.7837,0.4541,10.8960;
33,Walking,22739820,-0.2124,-0.4272,11.1792;
33,Walking,22790820,0.7739,-1.8774,11.2085;
33,Walking,22841820,0.3833,-2.8955,11.2549;
33,Walking,22892820,-1.2939,-2.0215,14.4946;
33,Walking,22943820,5.2222,-5.6665,18.8599;
33,Walking,22994820,-2.3413,5.5640,4.9463;
33,Walking,23045820,-3.3838,8.8672,8.9380;
33,Walking,23096820,-4.0576,1.5625,13.8818;
33,Walking,23147820,-0.6958,-1.5918,9.5947;
33,Walking,23198820,-2.7295,-0.8887,12.4902;
33,Walking,23249820,-2.2803,-3.3472,11.1963;
33,Walking,23300820,-1.6602,1.3062,11.3452;
33,Walking,23351820,-2.5732,2.1753,11.5894;
33,Walking,23402820,-1.9312,1.1230,11.3232;
33,Walking,23453820,-2.2485,1.2061,11.5479;
33,Walking,23504820,-2.1973,1.0352,11.8506;
33,Walking,23555820,-1.8213,-0.1709,11.6895;
33,Walking,23606820,0.1123,-0.6885,11.9702;
33,Walking,23657820,-1.2280,0.5957,11.4624;
33,Walking,23708820,-2.7930,0.0000,11.5161;
33,Walking,23759820,-3.0542,-1.2134,12.4634;
33,Walking,23810820,-2.9614,-0.9595,13.1958;
33,Walking,23861820,-1.6309,2.3267,11.8774;
33,Walking,23912820,1.4136,3.3032,12.4951;
33,Walking,23963820,0.8008,0.5713,12.8125;
33,Walking,24014820,-0.9692,2.1777,13.1201;
33,Walking,24065820,-5.6567,4.0771,12.1362;
33,Walking,24116820,-0.8862,0.1514,10.3467;
33,Walking,24167820,0.3784,-1.3477,11.1182;
33,Walking,24218820,-0.2075,0.1489,10.6348;
33,Walking,24269820,-0.1270,1.1719,9.1089;
33,Walking,24320820,-2.0459,0.8716,8.9551;
33,Walking,24371820,-0.5371,0.1611,10.8789;
33,Walking,24422820,3.0151,-7.3291,15.5225;
33,Walking,24473820,3.3569,-2.4756,13.9551;
33,Walking,24524820,0.6519,0.5542,10.3052;
33,Walking,24575820,-2.3413,1.7871,13.8525;
33,Walking,24626820,2.3486,-3.2300,14.7900;
33,Walking,24677820,1.7700,4.1382,10.0293;
33,Walking,24728820,-2.7344,6.7725,9.4458;
33,Walking,24779820,-3.4912,0.3979,14.8755;
33,Walking,24830820,-0.5542,-2.3877,9.5923;
33,Walking,24881820,-3.1226,-2.0752,11.7578;
33,Walking,24932820,-1.6016,-0.9058,11.7090;
33,Walking,24983820,-1.5796,1.1670,10.9253;
33,Walking,25034820,-1.8604,1.5405,11.5771;
33,Walking,25085820,-1.7285,1.3086,11.0718;
33,Walking,25136820,-2.4609,1.5625,12.3145;
33,Walking,25187820,-1.5161,-0.0049,12.0361;
33,Walking,25238820,-2.3071,-1.2500,11.6382;
33,Walking,25289820,0.8813,-1.5259,11.2573;
33,Walking,25340820,-1.0400,-2.0166,11.0229;
33,Walking,25391820,-2.2485,-0.1855,14.6948;
33,Walking,25442820,-1.8652,4.7339,15.2588;
33,Walking,25493820,1.0742,3.0005,11.8286;
33,Walking,25544820,-1.0962,2.5293,12.3169;
33,Walking,25595820,-2.3096,3.5840,11.7188;
33,Walking,25646820,1.2476,-1.9067,9.8901;
33,Walking,25697820,-1.2476,-0.5640,10.2783;
33,Walking,25748820,-1.5234,0.9985,10.0684;
33,Walking,25799820,0.1538,0.6348,9.2358;
33,Walking,25850820,-0.9619,-0.0952,10.0781;
33,Walking,25901820,-0.3516,-2.6782,12.6611;
33,Walking,25952820,2.6147,-7.8076,15.2417;
33,Walking,26003820,0.0610,-1.1938,12.0508;
33,Walking,26054820,-0.4053,0.1562,9.9463;
33,Walking,26105820,-1.5698,1.5649,9.1919;
33,Walking,26156820,-0.8740,1.2817,20.7568;
33,Walking,26207820,-0.2490,-5.7764,12.6514;
33,Walking,26258820,-0.0928,6.8506,10.7666;
33,Walking,26309820,-1.4722,3.1567,11.4258;
33,Walking,26360820,-2.2461,0.8179,8.8110;
33,Walking,26411820,-2.4341,-0.6396,11.7310;
33,Walking,26462820,-3.6572,-0.7739,11.3916;
33,Walking,26513820,-1.6943,0.5420,11.7261;
33,Walking,26564820,-1.2134,1.7627,11.3452;
33,Walking,26615820,-1.9775,1.2158,11.4380;
33,Walking,26666820,-2.1631,0.6006,11.9897;
33,Walking,26717820,-1.4185,-0.0928,11.8994;
33,Walking,26768820,-1.6064,-0.8813,11.6333;
33,Walking,26819820,-1.0840,0.0098,10.9106;
33,Walking,26870820,-2.2632,-0.5542,10.8569;
33,Walking,26921820,-3.0566,-0.9009,13.4009;
33,Walking,26972820,-2.5854,2.1069,12.8369;
33,Walking,27023820,1.4844,3.7988,12.8564;
33,Walking,27074820,2.4585,1.0132,12.9858;
33,Walking,27125820,-1.2866,1.4868,12.7979;
33,Walking,27176820,-5.4663,4.6045,11.2866;
33,Walking,27227820,0.4980,-1.2085,10.5200;
33,Walking,27278820,-0.2515,-1.8091,10.8179;
33,Walking,27329820,-0.5029,-0.0146,10.8350;
33,Walking,27380820,-0.1196,1.8481,9.5874;
33,Walking,27431820,-1.5356,2.4268,9.2065;
33,Walking,27482820,0.0610,0.2759,10.4736;
33,Walking,27533820,2.7979,-8.0151,16.9897;
33,Walking,27584820,1.4087,-2.8101,13.1226;
33,Walking,27635820,0.7739,1.1694,9.7510;
33,Walking,27686820,-1.4380,0.9253,10.5151;
33,Walking,27737820,-0.0586,-3.9233,17.2485;
33,Walking,27788820,-1.0327,-0.0439,9.5801;
33,Walking,27839820,-2.1167,7.9639,8.0542;
33,Walking,27890820,-4.4946,3.5352,12.9956;
33,Walking,27941820,-0.5371,-1.1426,9.2480;
33,Walking,27992820,-2.2192,-0.1440,12.3853;
33,Walking,28043820,-3.2129,-1.6040,11.3818;
33,Walking,28094820,-2.0386,-0.7935,10.8594;
33,Walking,28145820,-3.8770,1.7261,11.3818;
33,Walking,28196820,-2.8296,1.8457,11.1084;
33,Walking,28247820,-1.9043,2.1289,12.1655;
33,Walking,28298820,-1.6675,0.0562,12.0459;
33,Walking,28349820,-1.1670,-1.4478,11.5381;
33,Walking,28400820,-1.4600,-0.3662,11.4526;
33,Walking,28451820,-3.0396,0.4346,10.9766;
33,Walking,28502820,-2.4512,-1.2061,12.5244;
33,Walking,28553820,-2.4316,-0.2759,14.3042;
33,Walking,28604820,-0.0928,2.2827,12.4365;
33,Walking,28655820,1.4233,0.6421,12.6465;
33,Walking,28706820,0.6958,1.6089,13.2495;
33,Walking,28757820,-7.0190,4.4946,12.8735;
33,Walking,28808820,-0.6958,3.1421,10.6982;
33,Walking,28859820,-0.0220,-2.2681,10.2856;
33,Walking,28910820,-1.8335,-1.3843,10.0586;
33,Walking,28961820,0.3003,1.8799,8.9673;
33,Walking,29012820,-0.9790,2.1094,10.0171;
33,Walking,29063820,-0.7080,1.4014,11.6333;
33,Walking,29114820,3.0493,-8.0347,14.7119;
33,Walking,29165820,2.8076,-2.4927,14.0942;
33,Walking,29216820,0.7275,0.0122,9.5166;
33,Walking,29267820,-2.0020,0.6592,9.5117;
33,Walking,29318820,-1.6455,-2.9004,16.3110;
33,Walking,29369820,2.6392,-2.8271,11.6187;
33,Walking,29420820,-1.0620,10.3906,8.0298;
33,Walking,29471820,-4.4067,4.9268,12.9614;
33,Walking,29522820,-1.5527,-0.8569,9.6802;
33,Walking,29573820,-0.4956,-1.9556,12.2046;
33,Walking,29624820,-1.5894,-1.9092,11.6602;
33,Walking,29675820,-2.4951,-2.0654,10.4468;
33,Walking,29726820,-3.3105,0.5518,11.6504;
33,Walking,29777820,-2.5732,1.8774,11.7310;
33,Walking,29828820,-1.3940,2.3462,11.8652;
33,Walking,29879820,-1.7188,0.3857,11.6943;
33,Walking,29930820,-1.9580,-1.0010,11.3574;
33,Walking,29981820,-1.6113,0.4614,11.2598;
33,Walking,30032820,-2.7002,1.1572,11.0083;
33,Walking,30083820,-2.3413,-0.5371,11.5259;
33,Walking,30134820,-2.2339,-0.0757,11.6040;
33,Walking,30185820,-2.1533,-0.9546,11.7651;
33,Walking,30236820,-3.0151,-0.7300,12.9541;
33,Walking,30287820,-3.5205,3.7378,13.1689;
33,Walking,30338820,0.8545,3.3740,12.4609;
33,Walking,30389820,0.0708,-2.4951,12.3364;
33,Walking,30440820,2.3804,0.4614,12.6880;
33,Walking,30491820,-5.2832,4.8584,12.3242;
33,Walking,30542820,-0.9497,-0.0317,10.9155;
33,Walking,30593820,-0.8716,-2.2241,10.1758;
33,Walking,30644820,-2.2388,1.6602,9.7778;
33,Walking,30695820,0.1440,2.1533,9.1846;
33,Walking,30746820,-0.1050,1.3916,9.2261;
33,Walking,30797820,0.8325,0.3687,12.5366;
33,Walking,30848820,4.4946,-9.1187,16.1084;
33,Walking,30899824,-0.9766,-2.5562,9.8242;
33,Walking,30950820,-1.5308,1.3696,14.0063;
33,Walking,31001820,-2.3682,-0.1562,10.9741;
33,Walking,31052820,-0.5127,1.2817,13.1470;
33,Walking,31103820,-3.8696,5.8911,9.1357;
33,Walking,31154820,-3.0200,3.9893,11.0913;
33,Walking,31205820,-0.8081,-0.4395,10.9302;
33,Walking,31256820,-2.4634,-2.2803,12.3608;
33,Walking,31307820,-1.9214,-1.5796,11.0742;
33,Walking,31358820,-3.3569,0.5615,11.3452;
33,Walking,31409820,-1.3550,3.3105,11.6211;
33,Walking,31460820,-1.7114,2.8101,12.1582;
33,Walking,31511820,-2.4829,-0.8984,11.4575;
33,Walking,31562820,-2.7515,-1.3672,11.1060;
33,Walking,31613820,-3.1445,0.8862,11.1353;
33,Walking,31664820,-2.8320,2.7319,11.2305;
33,Walking,31715820,-1.6553,2.3022,11.5820;
33,Walking,31766820,-2.3633,-0.2026,11.8237;
33,Walking,31817820,-1.9653,-1.8555,11.3940;
33,Walking,31868820,-1.1963,-0.2905,11.4844;
33,Walking,31919820,-2.2559,1.1890,11.5112;
33,Walking,31970820,-1.5845,2.0581,13.1470;
33,Walking,32021820,-1.2769,3.1323,13.3887;
33,Walking,32072820,-0.5591,1.0449,11.3501;
33,Walking,32123820,-0.1270,1.3306,11.7700;
33,Walking,32174835,-0.3003,1.1279,12.7368;
33,Walking,32225820,-0.9033,0.1392,10.3027;
33,Walking,32276820,-0.2124,-0.6299,11.1743;
33,Walking,32327820,-0.4639,1.1816,9.9780;
33,Walking,32378820,0.2954,1.3623,10.1807;
33,Walking,32429820,1.0474,-0.2490,11.3574;
33,Walking,32480820,0.7910,-0.6519,11.7847;
33,Walking,32531820,0.8643,-0.2856,11.7554;
33,Walking,32582820,0.8252,-1.9800,12.4780;
33,Walking,32633820,2.0679,-2.1411,12.4463;
33,Walking,32684820,0.8105,-1.2231,11.3086;
33,Walking,32735820,-0.1636,-0.5176,10.7983;
33,Walking,32786820,-1.3501,0.5762,10.9570;
33,Walking,32837820,-1.6431,2.2681,15.0830;
33,Walking,32888820,9.7119,1.5137,15.5908;
33,Walking,32939820,-1.7310,-1.9409,9.0771;
33,Walking,32990820,-1.7993,3.2568,11.3696;
33,Walking,33041820,-1.4355,3.3057,11.3867;
33,Walking,33092820,-1.5625,-2.3389,11.7603;
33,Walking,33143820,-1.5063,-0.0562,11.1255;
33,Walking,33194820,-0.3906,1.3525,11.8164;
33,Walking,33245820,-2.3779,1.6772,11.6455;
33,Walking,33296820,-2.9248,0.9497,11.1328;
33,Walking,33347820,-2.2974,0.0073,11.6113;
33,Walking,33398820,-1.7334,-0.3882,11.6431;
33,Walking,33449820,-0.9790,0.5005,11.8579;
33,Walking,33500820,-1.9458,1.3086,11.5967;
33,Walking,33551820,-2.6123,0.7837,11.3013;
33,Walking,33602820,-2.2607,0.8667,11.7261;
33,Walking,33653820,-0.5127,0.5957,11.7871;
33,Walking,33704820,-0.7471,-0.4175,11.6260;
33,Walking,33755820,-1.8872,-1.0620,10.9912;
33,Walking,33806820,-1.9482,-1.6357,11.5796;
33,Walking,33857820,-2.2412,2.2656,12.9346;
33,Walking,33908820,-2.1558,4.5996,13.7549;
33,Walking,33959820,0.0415,2.6831,12.2583;
33,Walking,34010820,1.6162,0.0146,11.9141;
33,Walking,34061820,0.5566,0.4663,11.8213;
33,Walking,34112820,-3.0640,1.5210,10.6543;
33,Walking,34163820,-0.8228,1.2476,10.2759;
33,Walking,34214820,-0.7373,0.2612,11.0327;
33,Walking,34265820,-0.0098,-1.1304,10.8813;
33,Walking,34316820,-0.3906,-0.0269,12.1240;
33,Walking,34367820,0.9814,-1.4380,11.9458;
33,Walking,34418820,2.6831,0.3491,12.6392;
33,Walking,34469820,0.3662,-0.3564,11.8726;
33,Walking,34520820,-0.9277,-0.7910,11.1694;
33,Walking,34571820,-0.3076,-1.0522,10.8032;
33,Walking,34622820,-0.0122,-1.0693,11.0229;
33,Walking,34673820,0.1636,0.0220,10.9814;
33,Walking,34724820,-0.2539,0.3857,10.5811;
33,Walking,34775820,-0.2075,0.4224,11.9312;
33,Walking,34826820,4.4751,1.3062,16.6943;
33,Walking,34877820,-0.3833,-3.0444,9.9438;
33,Walking,34928820,-1.1182,1.1768,11.1206;
33,Walking,34979820,-1.6699,1.8652,11.8799;
33,Walking,35030820,-1.9946,1.8604,10.6958;
33,Walking,35081820,-1.6626,1.5894,11.1304;
33,Walking,35132820,-0.8008,1.2964,11.4331;
33,Walking,35183820,-2.1777,1.4551,11.9678;
33,Walking,35234820,-2.7539,-0.1440,11.2695;
33,Walking,35285820,-2.7173,-0.5835,11.4111;
33,Walking,35336820,-2.0239,-0.0659,11.7725;
33,Walking,35387820,-1.5234,0.8765,11.6846;
33,Walking,35438820,-1.9238,0.9131,11.5039;
33,Walking,35489820,-1.8774,0.1538,11.5161;
33,Walking,35540820,-2.0312,-0.0049,11.5454;
33,Walking,35591820,-1.6895,-0.1733,11.4136;
33,Walking,35642820,-1.3867,-0.2368,11.3599;
33,Walking,35693820,-1.6504,-1.2598,11.2207;
33,Walking,35744820,-1.6138,-1.4038,11.3477;
33,Walking,35795820,-2.4438,0.7031,13.2031;
33,Walking,35846820,-1.6260,3.5107,12.6978;
33,Walking,35897820,-0.0513,2.4487,13.0273;
33,Walking,35948820,0.8862,0.5762,13.0029;
33,Walking,35999820,-0.0391,1.5649,13.2397;
33,Walking,36050820,-2.9028,2.6831,10.9570;
33,Walking,36101820,0.2295,0.4639,11.3647;
33,Walking,36152820,-0.5493,-0.7495,10.1221;
33,Walking,36203820,-1.1377,-0.2271,10.1099;
33,Walking,36254820,0.6982,-0.2173,10.2393;
33,Walking,36305820,-0.2930,1.0059,10.9131;
33,Walking,36356820,-0.4907,0.3271,11.2231;
33,Walking,36407820,1.3867,-4.7290,12.9248;
33,Walking,36458820,1.6211,-2.1851,13.1934;
33,Walking,36509820,0.2148,-1.0205,11.6772;
33,Walking,36560820,-0.8325,0.7764,10.0903;
33,Walking,36611820,-1.9922,-0.5884,9.5703;
33,Walking,36662820,-0.1807,-0.3589,19.5923;
33,Walking,36713820,1.3306,-2.9102,11.6357;
33,Walking,36764820,-0.0879,5.0391,10.5884;
33,Walking,36815820,-2.5610,4.2896,11.3306;
33,Walking,36866820,-2.6904,-3.8062,12.3999;
33,Walking,36917820,1.1914,-1.7578,11.1353;
33,Walking,36968820,-0.9131,0.4175,11.7212;
33,Walking,37019820,-2.3193,-0.0122,12.1167;
33,Walking,37070820,-2.4097,0.3198,10.4077;
33,Walking,37121820,-2.0874,0.3857,11.7554;
33,Walking,37172820,-2.0752,0.6812,11.3940;
33,Walking,37223820,-2.4731,1.3867,11.5991;
33,Walking,37274820,-2.3706,1.6016,11.4893;
33,Walking,37325820,-1.7090,0.8472,11.6211;
33,Walking,37376820,-1.9897,0.6567,11.6357;
33,Walking,37427820,-1.7993,1.0767,11.4990;
33,Walking,37478820,-1.8237,0.8130,11.5796;
33,Walking,37529820,-2.1240,0.1050,11.7651;
33,Walking,37580820,-1.8823,-0.2563,11.4844;
33,Walking,37631820,-1.9897,-0.3882,11.6479;
33,Walking,37682820,-1.6040,-0.5273,10.7202;
33,Walking,37733820,-2.8442,-0.7397,13.3008;
33,Walking,37784820,-2.8174,0.8203,11.5894;
33,Walking,37835820,-1.4600,2.1631,10.7593;
33,Walking,37886820,4.2896,4.4824,13.6621;
33,Walking,37937820,-2.4048,0.1367,11.4478;
33,Walking,37988820,-3.5937,-0.5664,11.5015;
33,Walking,38039820,1.5845,1.4233,13.3813;
33,Walking,38090820,-3.1714,0.9229,11.8896;
33,Walking,38141820,-1.0059,5.2930,9.8975;
33,Walking,38192820,-0.0732,0.5273,13.7329;
33,Walking,38243820,0.1660,2.3242,10.4614;
33,Walking,38294820,-2.2729,2.0752,8.7964;
33,Walking,38345820,0.3687,1.4404,10.1978;
33,Walking,38396820,0.3418,1.4844,10.2808;
33,Walking,38447820,-1.1548,-0.8325,11.8164;
33,Walking,38498820,-2.0508,-1.6553,14.0527;
33,Walking,38549820,1.1914,-5.4150,12.0435;
33,Walking,38600820,11.8481,-9.4800,14.3896;
33,Walking,38651820,0.0928,2.2705,14.2798;
33,Walking,38702820,-3.4448,5.0879,8.6792;
33,Walking,38753820,-0.7764,4.7729,11.1377;
33,Walking,38804820,3.7695,0.1172,13.8110;
33,Walking,38855820,-0.3613,-0.9204,11.8335;
33,Walking,38906820,-3.1885,0.1245,10.1733;
33,Walking,38957820,-3.1250,-0.8154,11.0205;
33,Walking,39008820,-0.0684,1.8384,11.6357;
33,Walking,39059820,-2.5537,0.8472,10.6494;
33,Walking,39110820,-3.7744,0.3345,11.4844;
33,Walking,39161820,-3.3594,-0.8130,10.9961;
33,Walking,39212820,-3.0566,-0.6030,11.6113;
33,Walking,39263820,-1.8115,1.2378,11.5967;
33,Walking,39314820,-1.5723,1.2988,11.6650;
33,Walking,39365820,-2.0239,0.2295,11.7578;
33,Walking,39416820,-1.9434,-0.1733,11.8872;
33,Walking,39467820,-1.7285,-0.3516,11.8237;
33,Walking,39518820,-1.6284,-0.5273,11.2573;
33,Walking,39569820,-1.4648,-0.2441,11.2695;
33,Walking,39620820,-2.1143,-0.5322,11.5576;
33,Walking,39671820,-2.4438,0.6030,13.0493;
33,Walking,39722820,-2.6001,1.6284,12.4927;
33,Walking,39773820,-1.8701,2.2192,11.2329;
33,Walking,39824820,-0.9741,2.5562,11.0669;
33,Walking,39875820,6.8774,-0.5200,13.7329;
33,Walking,39926820,-3.7427,1.8335,11.9897;
33,Walking,39977820,-0.6812,0.7129,12.2656;
33,Walking,40028820,-1.2988,0.9741,10.2954;
33,Walking,40079820,0.9033,-0.9131,11.1230;
33,Walking,40130820,-0.0879,-0.0049,10.2734;
33,Walking,40181820,-2.1484,-2.8394,10.2783;
33,Walking,40232820,-0.1123,-1.0425,10.9448;
33,Walking,40283820,1.3403,1.7139,11.6968;
33,Walking,40334820,0.9058,-0.9839,11.6699;
33,Walking,40385820,2.7271,-1.3110,12.5854;
33,Walking,40436820,0.8887,-1.6748,12.1069;
33,Walking,40487820,-1.1182,-0.8154,16.3257;
33,Walking,40538820,-1.6016,0.6592,14.0552;
33,Walking,40589820,-2.9346,0.9570,7.0410;
33,Walking,40640820,-3.0640,5.2734,10.4834;
33,Walking,40691820,0.0684,3.6108,11.2305;
33,Walking,40742820,-1.2744,0.4932,11.1401;
33,Walking,40793820,-2.4170,-1.9043,12.0581;
33,Walking,40844820,-3.7207,-2.4365,10.9497;
33,Walking,40895820,-1.2744,0.3735,11.2427;
33,Walking,40946820,-2.1973,1.0327,11.5039;
33,Walking,40997820,-1.4063,1.3623,11.6284;
33,Walking,41048820,-1.7700,1.8188,11.9653;
33,Walking,41099820,-1.1646,1.3501,11.6650;
33,Walking,41150820,-1.5674,-0.0806,11.2988;
33,Walking,41201820,-1.9043,-0.3052,11.5723;
33,Walking,41252820,-1.4966,0.3320,11.3037;
33,Walking,41303820,-1.9580,-1.5649,12.2266;
33,Walking,41354820,-2.6221,-0.9106,13.8452;
33,Walking,41405820,-1.4282,3.4180,12.7417;
33,Walking,41456820,0.9668,3.7549,11.5918;
33,Walking,41507820,1.1133,1.8457,12.5781;
33,Walking,41558820,-2.5659,2.6123,12.1509;
33,Walking,41609820,-3.6816,1.2500,10.9448;
33,Walking,41660820,0.4126,-1.9189,11.8921;
33,Walking,41711820,0.0000,-1.5137,11.6431;
33,Walking,41762820,0.0903,2.1362,10.8301;
33,Walking,41813820,-0.8569,3.8184,9.1284;
33,Walking,41864820,-1.2549,-0.0488,11.4185;
33,Walking,41915820,-1.3281,-2.8198,11.2793;
33,Walking,41966820,3.9624,-4.5483,14.9414;
33,Walking,42017820,0.0562,-1.0742,11.6382;
33,Walking,42068820,-0.7666,0.2417,9.4629;
33,Walking,42119820,-0.8838,0.1636,11.0449;
33,Walking,42170820,-3.1763,-0.1270,16.7139;
33,Walking,42221820,2.2168,-3.8599,13.3887;
33,Walking,42272820,-0.7422,1.6016,10.0146;
33,Walking,42323820,-0.9204,5.2759,10.1636;
33,Walking,42374820,-2.7783,2.0850,11.1499;
33,Walking,42425820,-3.4326,0.9351,9.6460;
33,Walking,42476820,-3.4082,-0.3296,11.6431;
33,Walking,42527820,-3.5815,-0.9839,11.7505;
33,Walking,42578820,-0.3247,0.3589,11.3892;
33,Walking,42629820,-2.0068,1.5674,11.8384;
33,Walking,42680820,-1.9775,1.1670,11.4771;
33,Walking,42731820,-2.1631,0.7251,11.8604;
33,Walking,42782820,-1.1279,-0.2930,11.9263;
33,Walking,42833820,-1.6846,-0.9180,11.6699;
33,Walking,42884820,-1.4307,0.8789,11.2085;
33,Walking,42935820,-1.3330,-0.0439,11.0254;
33,Walking,42986820,-2.3071,-1.5723,12.7100;
33,Walking,43037820,-3.3667,0.6006,13.0078;
33,Walking,43088820,-1.9897,2.5854,12.0654;
33,Walking,43139820,4.0869,5.6128,13.1592;
33,Walking,43190820,0.8936,0.0708,13.4009;
33,Walking,43241820,-3.9282,1.7944,11.1938;
33,Walking,43292820,-1.6772,2.5317,11.2329;
33,Walking,43343820,-0.9863,-1.7334,10.1709;
33,Walking,43394820,-0.4443,-0.2148,10.2979;
33,Walking,43445820,-0.1953,1.2305,10.6055;
33,Walking,43496820,-0.4907,0.8545,10.8936;
33,Walking,43547820,-0.7886,-0.3491,11.6968;
33,Walking,43598820,1.6040,-1.1938,13.4082;
33,Walking,43649820,3.3105,-1.1743,13.1201;
33,Walking,43700820,0.8276,-0.2197,11.3745;
33,Walking,43751820,-2.6416,0.8350,9.8071;
33,Walking,43802820,-1.4624,0.0293,8.7500;
33,Walking,43853820,-0.4004,0.4907,11.0205;
33,Walking,43904820,-0.2173,-3.9185,14.0503;
33,Walking,43955820,1.8359,-0.9644,12.6123;
33,Walking,44006820,0.9814,-0.1807,12.5146;
33,Walking,44057820,-3.5986,1.8408,8.9014;
33,Walking,44108820,-0.4712,4.6533,11.7676;
33,Walking,44159820,-1.4307,0.3467,11.8164;
33,Walking,44210820,-1.5259,-0.1294,9.8950;
33,Walking,44261820,-2.3999,0.9985,12.2705;
33,Walking,44312820,-3.4595,0.4395,10.8496;
33,Walking,44363820,-3.2031,0.6982,10.9180;
33,Walking,44414820,-2.1509,1.0278,11.7065;
33,Walking,44465820,-1.5503,0.8521,11.7676;
33,Walking,44516820,-1.8359,0.5151,11.6772;
33,Walking,44567820,-1.3721,-0.3223,11.5894;
33,Walking,44618820,-1.6992,-0.4834,11.6895;
33,Walking,44669820,-1.6284,0.2490,11.2158;
33,Walking,44720820,-1.7969,0.9790,11.3647;
33,Walking,44771820,-2.2217,0.8276,11.1890;
33,Walking,44822820,-2.6050,1.0205,11.6772;
33,Walking,44873820,-2.1460,-0.1196,13.4424;
33,Walking,44924820,-2.8857,-0.5713,13.0591;
33,Walking,44975820,-1.9067,1.6821,10.8691;
33,Walking,45026820,-1.4917,2.0703,11.5527;
33,Walking,45077820,2.0581,0.5176,11.8921;
33,Walking,45128820,2.8003,-0.7471,13.5645;
33,Walking,45179820,-5.4687,5.1685,13.4521;
33,Walking,45230820,-3.1714,3.3765,10.8423;
33,Walking,45281820,-1.1816,-3.9014,10.9106;
33,Walking,45332820,0.0366,1.4600,9.7461;
33,Walking,45383820,-0.7861,1.6724,8.0957;
33,Walking,45434820,-1.3086,0.5396,9.0649;
33,Walking,45485820,0.9058,0.1050,12.3486;
33,Walking,45536820,1.4160,-9.4165,15.4004;
33,Walking,45587820,1.3232,-0.4663,12.0483;
33,Walking,45638820,0.5396,2.5439,8.5278;
33,Walking,45689820,-6.0278,1.2402,18.4937;
33,Walking,45740820,11.8481,-8.5229,17.2046;
33,Walking,45791820,-4.0942,8.4424,6.8311;
33,Walking,45842820,-1.7065,4.1650,12.0825;
33,Walking,45893820,-1.6602,0.4468,9.6167;
33,Walking,45944820,-2.7783,0.5908,10.7373;
33,Walking,45995820,-4.4409,-1.2744,12.2290;
33,Walking,46046820,-0.2954,-2.3657,10.9888;
33,Walking,46097820,-2.0874,1.4478,12.2852;
33,Walking,46148820,-1.9263,1.1890,11.2598;
33,Walking,46199820,-1.5234,1.3354,12.1240;
33,Walking,46250820,-1.7236,1.1475,11.5869;
33,Walking,46301820,-1.9409,0.4614,11.5405;
33,Walking,46352820,-2.2559,0.8325,11.3379;
33,Walking,46403820,-2.3022,1.4063,10.9326;
33,Walking,46454820,-2.3120,0.3247,11.5454;
33,Walking,46505820,-2.8101,-0.4150,12.1851;
33,Walking,46556820,-2.0557,-1.0547,12.9468;
33,Walking,46607820,-1.9702,-0.9790,12.3730;
33,Walking,46658820,-2.2339,1.6064,10.9619;
33,Walking,46709820,0.1733,2.7686,10.9741;
33,Walking,46760820,0.7910,1.5625,12.8979;
33,Walking,46811820,1.3916,0.4175,12.4829;
33,Walking,46862820,-4.0771,2.8809,14.0869;
33,Walking,46913820,-4.4849,2.4658,11.8018;
33,Walking,46964820,1.5942,-2.7319,11.0669;
33,Walking,47015820,-0.6616,0.1562,10.6958;
33,Walking,47066820,-1.1719,2.3242,8.9404;
33,Walking,47117820,-1.2500,1.2476,8.9673;
33,Walking,47168820,-0.7080,0.8521,12.0386;
33,Walking,47219820,3.9893,-6.0571,13.9429;
33,Walking,47270820,1.4404,-2.4438,13.3252;
33,Walking,47321820,0.6519,1.4233,14.8437;
33,Walking,47372820,2.2461,-0.7300,15.1782;
33,Walking,47423820,-1.5430,0.5225,5.9668;
33,Walking,47474820,-3.6182,7.3364,11.9702;
33,Walking,47525820,-1.4917,1.8750,13.7134;
33,Walking,47576820,-1.6602,-0.1611,8.3447;
33,Walking,47627820,-2.6074,0.4907,12.0190;
33,Walking,47678820,-1.5283,-1.2622,11.2524;
33,Walking,47729820,-2.4536,-0.3613,11.0181;
33,Walking,47780820,-2.1069,0.9668,11.8066;
33,Walking,47831820,-1.8164,1.1865,11.3501;
33,Walking,47882820,-2.5513,1.6016,11.6992;
33,Walking,47933820,-1.9141,1.1597,11.7847;
33,Walking,47984820,-1.4355,0.3687,12.0703;
33,Walking,48035820,-1.8481,-0.3638,11.6504;
33,Walking,48086820,-0.8374,0.9448,11.2866;
33,Walking,48137820,-1.7554,-0.5396,11.4844;
33,Walking,48188820,-1.2744,-1.5869,11.4233;
33,Walking,48239820,-3.8770,-1.4111,14.0381;
33,Walking,48290820,-2.2583,2.1045,12.6001;
33,Walking,48341820,2.2754,3.8232,11.8970;
33,Walking,48392820,1.2012,0.6299,12.2705;
33,Walking,48443820,-0.3442,1.7505,13.0542;
33,Walking,48494820,-4.9561,3.9648,12.1484;
33,Walking,48545820,-0.8179,-0.8496,10.9497;
33,Walking,48596820,-0.0366,-0.4346,11.0400;
33,Walking,48647820,-0.1074,-0.1611,10.8057;
33,Walking,48698820,-1.1426,2.0093,10.0464;
33,Walking,48749820,-1.9409,1.1401,9.4727;
33,Walking,48800820,1.0620,-0.1196,12.0337;
33,Walking,48851820,2.4487,-3.2568,13.2739;
33,Walking,48902820,1.8213,-2.3315,13.2886;
33,Walking,48953820,-0.3931,-1.4917,11.1182;
33,Walking,49004820,-1.8677,-0.8398,9.4800;
33,Walking,49055820,-1.9116,0.0903,9.1138;
33,Walking,49106820,4.2871,-2.1631,16.7114;
33,Walking,49157820,-0.2563,-1.0547,12.7783;
33,Walking,49208820,-2.1021,7.7588,7.7051;
33,Walking,49259820,-3.7671,4.0332,11.7017;
33,Walking,49310820,-1.2598,0.6689,9.5215;
33,Walking,49361820,-2.3462,-1.2891,13.1812;
33,Walking,49412820,-4.0063,-3.5181,11.1450;
33,Walking,49463820,-1.1328,-0.4395,10.7764;
33,Walking,49514820,-1.7944,2.3315,12.1460;
33,Walking,49565820,-1.6846,0.9473,11.5991;
33,Walking,49616820,-1.8384,0.3296,11.9824;
33,Walking,49667820,-1.1206,-0.8545,11.7310;
33,Walking,49718820,-0.7690,-0.2393,11.3501;
33,Walking,49769820,-1.7773,1.2085,11.0645;
33,Walking,49820820,-1.4429,0.3101,10.6885;
33,Walking,49871820,-1.6748,-1.0059,12.0996;
33,Walking,49922820,-2.9614,-0.1416,13.3887;
33,Walking,49973820,-1.2549,2.6562,13.7354;
33,Walking,50024820,1.1328,1.1108,12.5439;
33,Walking,50075820,2.1655,-0.0220,12.9395;
33,Walking,50126820,-0.2661,3.5449,13.7305;
33,Walking,50177820,-2.8784,3.0835,10.8984;
33,Walking,50228820,1.1157,-1.1060,11.1182;
33,Walking,50279820,-1.0083,-0.3174,10.6006;
33,Walking,50330820,-1.0303,1.7944,8.2910;
33,Walking,50381820,-0.1465,1.0742,9.0381;
33,Walking,50432820,-0.2539,0.4687,10.8423;
33,Walking,50483820,1.7676,-5.7544,15.7031;
33,Walking,50534820,4.0552,-0.7910,13.2031;
33,Walking,50585820,2.0264,2.2705,9.4653;
33,Walking,50636820,0.0928,0.5933,11.8726;
33,Walking,50687820,-5.4395,-8.7500,11.9849;
33,Walking,50738820,3.6963,5.4541,12.7368;
33,Walking,50789820,-3.4497,6.8848,9.4019;
33,Walking,50840820,-2.5098,4.3579,12.3047;
33,Walking,50891820,-2.0850,2.2095,9.7510;
33,Walking,50942820,-2.6636,0.3101,12.7100;
33,Walking,50993820,-2.4170,-6.1108,13.2593;
33,Walking,51044820,0.3955,-0.9326,10.9033;
33,Walking,51095820,-1.7993,2.5513,12.2461;
33,Walking,51146820,-1.8188,1.8286,11.4380;
33,Walking,51197820,-2.5415,1.4136,11.3843;
33,Walking,51248820,-1.9897,0.6836,11.4014;
33,Walking,51299820,-1.3135,-0.1367,11.5820;
33,Walking,51350820,-1.7554,-0.3809,11.6943;
33,Walking,51401820,-1.3110,-1.4868,12.8687;
33,Walking,51452820,-0.9375,-0.3174,12.6514;
33,Walking,51503820,-0.7935,1.5039,13.2593;
33,Walking,51554820,0.1123,1.5796,11.3184;
33,Walking,51605820,1.2549,1.9995,11.8408;
33,Walking,51656820,-6.0034,4.5679,13.8135;
33,Walking,51707820,0.2588,2.1460,12.0386;
33,Walking,51758820,1.0400,-1.0449,10.7495;
33,Walking,51809820,-0.8374,-1.0547,10.2173;
33,Walking,51860820,0.3076,0.5615,9.3604;
33,Walking,51911820,2.5830,1.3794,11.0132;
33,Walking,51962820,-0.3955,-3.3130,13.7646;
33,Walking,52013820,-0.0098,-0.7495,10.2930;
33,Walking,52064820,-0.3833,-0.2930,10.7397;
33,Walking,52115820,0.1489,-2.7002,10.8276;
33,Walking,52166820,-1.7871,-3.8721,11.4551;
33,Walking,52217821,-0.0708,-1.0986,11.4111;
33,Walking,52268820,0.1416,1.4893,12.8271;
33,Walking,52319820,4.0308,0.8228,12.8394;
33,Walking,52370820,-1.4771,0.7178,10.9937;
33,Walking,52421820,-0.9033,4.0063,10.0732;
33,Walking,52472820,-2.8711,2.2803,12.3145;
33,Walking,52523820,-2.0337,-2.9883,11.4453;
33,Walking,52574820,-0.2881,-0.1953,10.2271;
33,Walking,52625820,-1.7993,2.2095,12.6807;
33,Walking,52676820,-2.4658,0.8618,10.0830;
33,Walking,52727820,-2.9028,0.8252,11.4087;
33,Walking,52778820,-2.5342,0.9375,11.2451;
33,Walking,52829820,-4.1675,1.4282,10.9253;
33,Walking,52880820,-1.9482,1.0718,12.4121;
33,Walking,52931820,-0.5957,-0.6519,12.1680;
33,Walking,52982820,-0.9668,-2.7637,11.6504;
33,Walking,53033820,-0.5640,-1.8945,10.5835;
33,Walking,53084820,-0.7104,-0.6348,11.7944;
33,Walking,53135820,-1.4990,3.9673,16.9653;
33,Walking,53186820,-0.2271,2.4878,11.4648;
33,Walking,53237820,-1.3647,1.2842,11.7285;
33,Walking,53288820,-0.5151,3.6450,14.3506;
33,Walking,53339820,0.0244,2.7393,10.9399;
33,Walking,53390820,-1.1621,0.1782,10.8203;
33,Walking,53441820,0.6006,-1.1963,10.3687;
33,Walking,53492820,-1.0034,1.3184,9.0356;
33,Walking,53543820,-1.2817,0.2441,9.0674;
33,Walking,53594820,0.5957,-0.6641,11.4893;
33,Walking,53645820,1.2964,-5.0024,14.2993;
33,Walking,53696820,2.9687,-0.6909,11.7749;
33,Walking,53747820,1.6797,2.7954,8.5669;
33,Walking,53798820,-0.8008,2.4414,21.6553;
33,Walking,53849820,-0.1855,-15.2368,11.8677;
33,Walking,53900820,-3.1079,1.8799,3.5498;
33,Walking,53951820,3.7036,11.6577,11.6211;
33,Walking,54002820,-3.0347,1.5552,12.0483;
33,Walking,54053820,-2.2485,-0.5566,9.4604;
33,Walking,54104820,-4.0649,-1.2842,11.8408;
33,Walking,54155820,-1.0498,-2.8613,11.7627;
33,Walking,54206820,-1.7920,1.3696,11.5112;
33,Walking,54257820,-2.0337,1.1084,11.5308;
33,Walking,54308820,-1.9531,1.4917,11.4526;
33,Walking,54359820,-2.1851,1.1157,11.7920;
33,Walking,54410820,-1.9287,0.1758,11.9019;
33,Walking,54461820,-1.5332,-0.6982,11.5356;
33,Walking,54512820,-0.9497,-1.0425,11.6235;
33,Walking,54563820,-0.8032,-0.0342,10.9888;
33,Walking,54614820,-1.5259,-2.0972,10.6201;
33,Walking,54665820,-2.6782,0.5957,14.9536;
33,Walking,54716820,-2.8833,4.4312,13.5034;
33,Walking,54767820,-0.5688,2.3462,11.5649;
33,Walking,54818820,2.0581,1.3306,12.9443;
33,Walking,54869820,0.5908,2.3193,12.6953;
33,Walking,54920820,-3.1714,2.3193,10.3687;
33,Walking,54971820,-0.6714,-1.0815,10.7886;
33,Walking,55022820,-0.6616,-0.2686,10.4346;
33,Walking,55073820,-0.4907,0.5249,9.3823;
33,Walking,55124820,-1.0669,0.7910,9.1309;
33,Walking,55175820,0.8374,0.7788,11.4355;
33,Walking,55226820,2.4683,-4.3140,14.2407;
33,Walking,55277820,2.4976,-3.6865,12.9688;
33,Walking,55328820,0.2075,2.7832,15.1831;
33,Walking,55379820,0.8228,-0.5371,12.7612;
33,Walking,55430820,-6.1597,-0.6543,8.3008;
33,Walking,55481820,-3.3618,2.3096,11.8994;
33,Walking,55532820,0.1782,2.8564,10.8179;
33,Walking,55583820,-2.0483,1.4209,10.4248;
33,Walking,55634820,-2.6562,0.0220,11.7676;
33,Walking,55685820,-1.7383,-0.7910,11.3184;
33,Walking,55736820,-2.9224,-0.3442,11.4185;
33,Walking,55787820,-2.1411,0.2466,11.2915;
33,Walking,55838820,-1.9043,2.2314,11.6895;
33,Walking,55889820,-1.9971,1.3062,11.8408;
33,Walking,55940820,-1.7188,-0.7202,11.8311;
33,Walking,55991820,-1.8384,-0.7422,11.3232;
33,Walking,56042820,-1.4697,1.4893,11.5063;
33,Walking,56093820,-2.5952,1.0742,11.1646;
33,Walking,56144820,-2.4463,-1.5845,12.2290;
33,Walking,56195820,-3.4717,-0.7104,14.0796;
33,Walking,56246820,-1.3892,3.4668,12.9858;
33,Walking,56297820,0.3247,2.1606,11.7676;
33,Walking,56348820,1.2329,1.0498,12.4707;
33,Walking,56399820,-0.4175,2.6611,12.4487;
33,Walking,56450820,-4.3774,2.7515,10.9595;
33,Walking,56501820,-0.5762,-0.1318,11.0303;
33,Walking,56552820,-0.4248,-1.5918,11.1401;
33,Walking,56603820,-0.0903,0.1245,10.4321;
33,Walking,56654820,-0.5591,1.0229,9.5166;
33,Walking,56705820,-1.1841,0.1660,10.8301;
33,Walking,56756820,2.2388,-1.1206,12.6978;
33,Walking,56807820,1.8701,-4.7998,13.6963;
33,Walking,56858820,0.8813,0.1929,12.1289;
33,Walking,56909820,0.6470,-0.1709,10.4370;
33,Walking,56960820,-1.5552,-1.3403,10.2979;
33,Walking,57011820,-3.7549,-1.6382,15.6982;
33,Walking,57062820,4.8633,-3.5864,14.2383;
33,Walking,57113820,1.1768,8.5010,11.6895;
33,Walking,57164820,-1.8848,4.8291,11.5576;
33,Walking,57215820,-2.1094,-0.5859,9.9561;
33,Walking,57266820,-1.8530,-1.7163,11.2622;
33,Walking,57317820,-1.0522,0.7373,11.4795;
33,Walking,57368820,-1.4893,0.4736,12.1802;
33,Walking,57419820,-2.4487,0.5371,10.8960;
33,Walking,57470820,-2.3926,0.1782,11.5112;
33,Walking,57521820,-1.6016,0.3687,11.8677;
33,Walking,57572820,-2.4121,1.1108,11.2476;
33,Walking,57623820,-2.3486,1.0913,11.6382;
33,Walking,57674820,-1.8213,0.6616,11.6650;
33,Walking,57725820,-1.7798,0.2319,11.6846;
33,Walking,57776820,-0.9399,0.7764,11.3501;
33,Walking,57827820,-2.1069,0.8154,11.2744;
33,Walking,57878820,-2.3999,-0.1953,11.3550;
33,Walking,57929820,-2.2705,-1.0693,14.2383;
33,Walking,57980820,-2.2266,-0.1294,11.9263;
33,Walking,58031820,-0.6421,2.1851,11.6895;
33,Walking,58082820,3.2373,2.1802,13.9111;
33,Walking,58133820,1.5747,-0.9888,12.1948;
33,Walking,58184820,-5.3931,3.4619,11.5601;
33,Walking,58235820,-2.3437,2.6929,11.0254;
33,Walking,58286820,2.1313,-2.6172,10.7104;
33,Walking,58337820,-0.7788,0.1904,11.6138;
33,Walking,58388820,-0.2734,1.3721,8.9209;
33,Walking,58439820,-0.6128,2.8882,9.8120;
33,Walking,58490820,1.2134,1.2036,11.8994;
33,Walking,58541820,2.0630,-6.0791,14.3848;
33,Walking,58592820,2.5586,-2.0044,11.4990;
33,Walking,58643820,0.3394,2.0361,9.4556;
33,Walking,58694820,-2.3340,1.2598,13.1470;
33,Walking,58745820,3.2129,-14.1504,20.8228;
33,Walking,58796820,-3.7305,5.0000,8.7231;
33,Walking,58847820,-1.4355,9.7974,9.7729;
33,Walking,58898820,-4.7339,2.9053,9.1553;
33,Walking,58949820,-2.1216,2.8784,10.7202;
33,Walking,59000820,-1.8433,0.2222,12.9590;
33,Walking,59051820,-3.2202,-3.9014,12.1582;
33,Walking,59102820,-2.2681,-2.6636,11.1157;
33,Walking,59153820,-2.2900,1.8579,11.2646;
33,Walking,59204820,-3.3618,1.9092,11.3037;
33,Walking,59255820,-1.9922,2.3926,12.0776;
33,Walking,59306820,-1.3770,1.3379,12.0410;
33,Walking,59357820,-2.0190,-0.0830,11.3452;
33,Walking,59408820,-2.4536,0.4150,11.3794;
33,Walking,59459820,-2.8687,0.5078,11.3965;
33,Walking,59510820,-2.7100,-0.3931,11.9922;
33,Walking,59561820,-2.1704,-0.0610,12.1777;
33,Walking,59612820,-2.0825,-1.1499,11.9458;
33,Walking,59663820,-2.1997,1.6870,12.0386;
33,Walking,59714820,0.6909,2.8467,11.5088;
33,Walking,59765820,0.9106,-0.7349,12.3853;
33,Walking,59816820,1.1743,1.1206,12.9517;
33,Walking,59867820,-8.1860,4.7974,13.3545;
33,Walking,59918820,-0.6396,2.2925,10.2563;
33,Walking,59969820,1.1963,-3.1641,10.8008;
33,Walking,60020820,-0.2612,0.3296,10.8350;
33,Walking,60071820,-1.1304,2.9663,8.5840;
33,Walking,60122820,-1.5234,2.6172,8.3472;
33,Walking,60173820,-0.3198,0.5908,12.3291;
33,Walking,60224820,5.1270,-11.4404,16.0547;
33,Walking,60275820,0.5029,1.3403,10.6787;
33,Walking,60326820,0.1855,1.7627,8.2837;
33,Walking,60377820,-4.1626,-0.1270,18.4497;
33,Walking,60428820,12.3315,-11.4331,13.9136;
33,Walking,60479820,-5.4272,11.2085,9.7876;
33,Walking,60530820,-2.5830,5.8887,10.2832;
33,Walking,60581820,-3.2080,2.6392,8.5229;
33,Walking,60632820,-2.8931,2.3047,11.1572;
33,Walking,60683820,-3.3862,-0.3931,12.7612;
33,Walking,60734820,-2.4927,-1.7944,13.2544;
33,Walking,60785820,-0.7593,0.5298,10.6519;
33,Walking,60836820,-3.6157,2.8247,10.7056;
33,Walking,60887820,-1.5820,3.3423,11.9531;
33,Walking,60938820,-0.5054,-5.2905,14.2676;
33,Walking,60989820,-1.3232,-13.0493,9.3701;
33,Walking,61040820,2.3389,-6.5845,17.5195;
33,Walking,61091820,-6.8726,12.3975,13.3862;
33,Walking,61142820,1.5991,9.8145,7.8467;
33,Walking,61193820,-0.7275,3.8672,11.8213;
33,Walking,61244820,-2.3926,-3.3862,11.8921;
33,Walking,61295820,-3.3618,-3.9893,11.6577;
33,Walking,61346820,-1.6626,0.3735,13.0054;
33,Walking,61397820,0.6909,2.2095,8.8110;
33,Walking,61448820,-0.2026,2.5635,8.8696;
33,Walking,61499820,-0.9790,2.3901,8.8354;
33,Walking,61550820,0.1440,3.3740,10.1880;
33,Walking,61601820,-0.8154,-0.9082,17.3706;
33,Walking,61652820,5.1318,-11.4429,15.0220;
33,Walking,61703820,-1.8872,1.2915,11.5942;
33,Walking,61754820,-0.4663,5.3345,14.0576;
33,Walking,61805820,-4.1821,-3.2373,10.8521;
33,Walking,61856820,-0.7617,1.4673,8.6719;
33,Walking,61907820,1.5674,8.7695,13.4106;
33,Walking,61958820,-3.9526,2.0874,11.0083;
33,Walking,62009820,-2.9395,-1.7944,9.6460;
33,Walking,62060820,-5.5225,-1.7017,12.5635;
33,Walking,62111820,-1.7578,0.6152,10.6812;
33,Walking,62162820,-2.2314,1.5259,12.0190;
33,Walking,62213820,-0.9033,0.8594,11.9702;
33,Walking,62264820,-0.7227,-0.0317,12.1167;
33,Walking,62315820,-1.2012,0.2515,11.5356;
33,Walking,62366820,-2.5708,1.7627,10.7300;
33,Walking,62417820,-2.8174,1.5576,11.8799;
33,Walking,62468820,-1.9849,0.6763,11.4429;
33,Walking,62519820,-3.0615,0.5664,11.2866;
33,Walking,62570820,-2.3535,0.8887,11.2085;
33,Walking,62621820,-2.0337,1.1133,11.7285;
33,Walking,62672820,-1.5869,1.0474,13.0103;
33,Walking,62723820,-2.2949,-0.3149,11.5430;
33,Walking,62774820,-2.5122,0.8569,11.0083;
33,Walking,62825820,-1.6064,0.6689,10.7910;
33,Walking,62876820,1.5625,1.3159,12.3901;
33,Walking,62927820,1.1279,-1.1865,12.7197;
33,Walking,62978820,-0.3076,1.8530,14.8608;
33,Walking,63029820,-5.2539,5.9790,14.6899;
33,Walking,63080820,-0.7886,0.1367,10.0513;
33,Walking,63131820,-0.9448,-0.8887,9.8584;
33,Walking,63182820,-0.6836,0.6226,9.1650;
33,Walking,63233820,-0.6372,1.2158,8.8818;
33,Walking,63284820,0.7666,1.2256,10.6885;
33,Walking,63335820,2.0508,-4.2163,16.1719;
33,Walking,63386820,2.3877,-2.8564,12.3828;
33,Walking,63437820,1.4209,2.7759,11.6406;
33,Walking,63488820,-0.1343,4.3872,21.4038;
33,Walking,63539820,-2.0630,-4.4214,8.0664;
33,Walking,63590820,-3.9575,3.4863,7.8564;
33,Walking,63641820,-2.3950,4.4556,13.3057;
33,Walking,63692820,-1.2939,1.1694,10.9961;
33,Walking,63743820,-1.5625,1.7603,10.9668;
33,Walking,63794820,-2.7759,-1.3379,12.3218;
33,Walking,63845820,-0.9131,-1.2305,11.4087;
33,Walking,63896820,-2.4512,0.8203,11.6333;
33,Walking,63947820,-1.6455,1.9995,11.6699;
33,Walking,63998820,-1.6772,1.8164,11.5747;
33,Walking,64049820,-2.1851,0.0562,11.4771;
33,Walking,64100820,-2.0898,1.0718,11.4014;
33,Walking,64151820,-1.6943,0.9546,11.5259;
33,Walking,64202820,-1.8921,-0.3320,11.4966;
33,Walking,64253820,-1.7383,-0.5273,11.3452;
33,Walking,64304820,-1.5747,-0.4053,11.2817;
33,Walking,64355820,-1.6699,-1.0645,10.8350;
33,Walking,64406820,-2.2925,-0.1807,11.5308;
33,Walking,64457820,-1.6675,3.7891,13.2275;
33,Walking,64508820,-0.7227,4.3335,14.1479;
33,Walking,64559820,-1.1133,0.5469,12.6147;
33,Walking,64610820,0.2515,-1.1182,11.1230;
33,Walking,64661820,1.4307,-0.1587,12.0239;
33,Walking,64712820,-2.5928,2.3096,11.4526;
33,Walking,64763820,-2.2388,1.4795,10.4224;
33,Walking,64814820,-2.3706,0.2271,10.6445;
33,Walking,64865820,-1.3086,-1.2329,10.5713;
33,Walking,64916820,1.5894,-1.7993,12.9102;
33,Walking,64967820,0.7764,-0.7227,12.8320;
33,Walking,65018820,0.4614,1.1084,11.6797;
33,Walking,65069820,-0.3418,1.5845,10.7739;
33,Walking,65120820,-0.9204,-2.3120,11.5405;
33,Walking,65171820,-0.2759,-2.5952,12.0093;
33,Walking,65222820,-0.4614,0.2563,10.6030;
33,Walking,65273820,-0.2271,0.8545,10.0220;
33,Walking,65324820,-0.8594,0.2515,10.1758;
33,Walking,65375820,-2.5049,-0.9448,13.4668;
33,Walking,65426820,3.5596,-1.9116,13.8721;
33,Walking,65477820,1.0498,-2.6709,11.5186;
33,Walking,65528820,-0.8057,5.2466,9.2969;
33,Walking,65579820,-2.8101,3.9526,11.1182;
33,Walking,65630820,-3.2446,-0.7324,12.2852;
33,Walking,65681820,-0.0586,-2.6489,10.8740;
33,Walking,65732820,-0.2588,2.2949,12.5928;
33,Walking,65783820,-1.4526,2.2607,11.4209;
33,Walking,65834820,-3.2495,1.6162,10.7666;
33,Walking,65885820,-3.0762,-0.3125,11.3745;
33,Walking,65936820,-1.5625,0.1489,11.7505;
33,Walking,65987820,-1.7358,0.8301,11.7529;
33,Walking,66038820,-1.9336,0.5615,11.2769;
33,Walking,66089820,-2.0264,0.5688,11.4160;
33,Walking,66140820,-2.3267,0.4297,11.5552;
33,Walking,66191820,-1.8481,1.3281,11.4160;
33,Walking,66242820,-1.7676,1.2769,11.2573;
33,Walking,66293820,-1.8726,0.5176,11.4746;
33,Walking,66344820,-2.1777,0.0513,11.7749;
33,Walking,66395820,-2.8149,-0.1147,12.5146;
33,Walking,66446820,-1.9458,1.1133,11.5161;
33,Walking,66497820,-0.8594,1.5259,10.8472;
33,Walking,66548820,-1.0791,0.8813,11.7554;
33,Walking,66599820,2.1191,0.2539,12.3242;
33,Walking,66650820,2.9346,-1.5894,13.8086;
33,Walking,66701820,-4.5752,4.1260,14.4629;
33,Walking,66752820,-4.1455,2.4902,12.0923;
33,Walking,66803820,-0.5469,-2.6562,10.4907;
33,Walking,66854820,0.7104,2.0020,9.4922;
33,Walking,66905820,0.0684,2.1069,8.3472;
33,Walking,66956820,-0.1440,1.2866,9.1479;
33,Walking,67007820,1.1792,0.7690,10.0854;
33,Walking,67058820,-1.6309,-8.7207,20.0879;
33,Walking,67109820,3.0688,-5.6226,10.2539;
33,Walking,67160820,-1.5332,1.0474,18.1299;
33,Walking,67211820,-5.1929,-5.3540,9.0625;
33,Walking,67262820,-4.1919,10.3052,8.7549;
33,Walking,67313820,-1.0205,6.4331,12.4536;
33,Walking,67364820,-1.8970,-0.0977,10.8521;
33,Walking,67415820,-2.1582,-0.8057,10.3955;
33,Walking,67466820,-3.0566,-2.1509,12.4219;
33,Walking,67517820,-1.3647,-1.0376,11.3892;
33,Walking,67568820,-2.5879,1.8701,11.6943;
33,Walking,67619820,-2.4487,2.2559,11.2036;
33,Walking,67670820,-2.2974,1.4282,11.1450;
33,Walking,67721820,-2.0044,0.4321,11.8213;
33,Walking,67772820,-0.7617,-1.3843,12.3071;
33,Walking,67823820,-1.9067,0.6958,11.2109;
33,Walking,67874820,-2.8101,1.2207,11.2012;
33,Walking,67925820,-2.8174,0.4761,11.1987;
33,Walking,67976820,-2.0898,-0.2954,11.0913;
33,Walking,68027820,-2.1851,-0.9741,13.0688;
33,Walking,68078820,-3.0469,1.0425,12.5659;
33,Walking,68129820,-1.5820,1.6992,11.2036;
33,Walking,68180820,-0.1050,2.0117,11.7383;
33,Walking,68231820,0.9619,2.2852,12.7344;
33,Walking,68282820,-1.5503,1.7529,11.9214;
33,Walking,68333820,-3.2129,2.1216,12.5854;
33,Walking,68384820,0.4004,0.6763,12.3975;
33,Walking,68435820,0.0171,-1.0840,10.9985;
33,Walking,68486820,-1.0107,0.2173,10.5737;
33,Walking,68537820,-1.4868,1.8457,9.0161;
33,Walking,68588820,-1.0718,0.3979,9.9805;
33,Walking,68639820,-0.6079,-0.5103,11.0986;
33,Walking,68690820,2.3901,-2.2583,12.3438;
33,Walking,68741820,2.0239,-4.7168,14.8804;
33,Walking,68792820,0.8716,0.4150,10.6372;
33,Walking,68843820,0.3345,0.9473,9.9463;
33,Walking,68894820,-2.4805,-1.1670,11.6016;
33,Walking,68945820,4.5312,-3.7939,17.4829;
33,Walking,68996820,-0.1636,-2.8174,9.5923;
33,Walking,69047836,-0.5884,8.8867,9.8022;
33,Walking,69098820,-0.6958,5.3857,11.2769;
33,Walking,69149820,-2.4292,-6.0107,12.8711;
33,Walking,69200820,-0.0220,-2.7393,10.0317;
33,Walking,69251820,-1.9141,2.5439,12.1729;
33,Walking,69302820,-0.6909,3.4692,11.2231;
33,Walking,69353820,-3.3081,2.1216,11.3940;
33,Walking,69404820,-3.3691,-0.4004,10.5615;
33,Walking,69455820,-2.3926,-1.6406,12.0068;
33,Walking,69506820,-2.6489,1.3428,11.6064;
33,Walking,69557820,-2.3364,1.5552,11.2378;
33,Walking,69608820,-2.4121,1.5845,11.4502;
33,Walking,69659820,-2.3096,1.1230,11.5112;
33,Walking,69710820,-1.9824,0.7251,11.9458;
33,Walking,69761820,-1.9995,0.4468,11.5942;
33,Walking,69812820,-2.2607,0.2344,11.9702;
33,Walking,69863820,-2.3779,-0.3662,11.6016;
33,Walking,69914820,-2.4463,-0.9814,12.3145;
33,Walking,69965820,-1.7261,-0.6299,11.7432;
33,Walking,70016820,-0.2490,1.6162,11.9360;
33,Walking,70067820,1.6992,1.9775,12.5562;
33,Walking,70118820,4.4580,0.4419,12.8809;
33,Walking,70169820,-4.5898,2.7686,13.1104;
33,Walking,70220820,-4.2480,5.9131,12.1826;
33,Walking,70271820,0.4150,0.7104,9.3286;
33,Walking,70322820,-1.6064,-6.5308,11.1060;
33,Walking,70373820,-0.2905,1.2866,11.7725;
33,Walking,70424820,2.3877,1.6504,11.5137;
33,Walking,70475820,-0.5737,-0.5713,13.0347;
33,Walking,70526820,0.7007,2.1436,8.5913;
33,Walking,70577820,2.3437,1.5967,10.8521;
33,Walking,70628820,-0.2222,-2.9834,12.6782;
33,Walking,70679820,-0.8154,-2.9712,10.4590;
33,Walking,70730820,-1.6992,-1.2939,22.3804;
33,Walking,70781820,-1.6626,-5.7764,8.7964;
33,Walking,70832820,-1.5259,9.9902,8.4692;
33,Walking,70883820,-0.8350,5.3247,10.8521;
33,Walking,70934820,-1.0474,-1.2671,11.3940;
33,Walking,70985820,-2.6636,-0.9009,11.3867;
33,Walking,71036820,-1.9385,-1.9727,11.5552;
33,Walking,71087820,-1.8530,0.5664,11.4648;
33,Walking,71138820,-3.2031,2.3486,10.4224;
33,Walking,71189820,-1.8335,1.6968,12.0166;
33,Walking,71240820,-1.8701,0.8789,11.5088;
33,Walking,71291820,-2.2144,-0.3491,11.8506;
33,Walking,71342820,-2.3926,-1.0254,11.6309;
33,Walking,71393820,-1.6089,0.1294,11.5503;
33,Walking,71444820,-1.9287,1.2866,11.4282;
33,Walking,71495820,-1.9287,0.9253,11.6333;
33,Walking,71546820,-1.8701,-0.0024,11.3965;
33,Walking,71597820,-2.6465,-0.0488,11.2939;
33,Walking,71648820,-1.9189,0.7471,11.1816;
33,Walking,71699820,-1.8506,0.7471,11.7188;
33,Walking,71750820,-1.6553,-0.0195,12.9102;
33,Walking,71801820,-1.8188,-0.5151,12.7637;
33,Walking,71852820,-2.7393,0.9741,11.6211;
33,Walking,71903820,-2.4829,1.8604,10.9058;
33,Walking,71954820,-1.9141,1.9067,10.8398;
33,Walking,72005820,-1.4136,2.0776,11.1182;
33,Walking,72056820,-1.3843,1.4233,11.8213;
33,Walking,72107820,1.1475,-0.8447,11.9360;
33,Walking,72158820,4.1895,-0.9937,13.8940;
33,Walking,72209820,-2.7148,2.4634,13.1934;
33,Walking,72260820,-3.9136,3.6401,13.5107;
33,Walking,72311820,-1.0669,0.5566,11.2378;
33,Walking,72362820,0.4395,0.6250,10.1172;
33,Walking,72413820,0.3027,0.6006,9.7290;
33,Walking,72464820,-1.1499,0.0000,9.0942;
33,Walking,72515820,-0.3955,1.5918,9.3970;
33,Walking,72566820,-0.2905,0.2954,13.6841;
33,Walking,72617820,4.0601,-10.2686,14.2529;
33,Walking,72668820,0.9766,-1.4502,18.0127;
33,Walking,72719820,0.4468,4.7095,17.9736;
33,Walking,72770820,-4.1333,1.9434,2.9785;
33,Walking,72821820,-5.3516,4.5996,9.6021;
33,Walking,72872820,-1.3403,0.9473,14.4434;
33,Walking,72923820,-0.6104,0.7935,9.5581;
33,Walking,72974820,-2.6660,-0.5493,11.7749;
33,Walking,73025820,-2.0801,-2.0581,11.5601;
33,Walking,73076820,-2.1802,1.4722,11.5186;
33,Walking,73127820,-2.0093,2.3950,11.3965;
33,Walking,73178820,-1.8896,1.8481,11.3965;
33,Walking,73229820,-2.3071,0.8618,11.7310;
33,Walking,73280820,-2.0679,-0.2417,11.8652;
33,Walking,73331820,-2.3437,-0.4761,11.7969;
33,Walking,73382820,-2.3560,0.2979,11.6040;
33,Walking,73433820,-2.0166,1.0449,11.7090;
33,Walking,73484820,-1.6992,0.1294,11.3379;
33,Walking,73535827,-1.0034,-1.4771,10.0586;
33,Walking,73586820,-1.5161,-1.6162,10.3735;
33,Walking,73637820,1.3599,5.2881,13.6108;
33,Walking,73688820,-1.1816,3.4692,13.0371;
33,Walking,73739820,-6.0449,1.8726,12.1973;
33,Walking,73790820,-0.0757,4.6802,11.2012;
33,Walking,73841820,1.7065,1.9775,13.0127;
33,Walking,73892820,-0.9570,-2.4487,9.9805;
33,Walking,73943820,0.9375,-0.2856,11.0156;
33,Walking,73994820,2.8223,1.4990,14.0088;
33,Walking,74045820,2.6270,-0.7861,13.0884;
33,Walking,74096820,0.9399,-0.0098,10.9448;
33,Walking,74147820,0.8496,0.6226,10.3174;
33,Walking,74198820,-2.0679,0.4785,8.5767;
33,Walking,74249820,-1.7334,1.0205,8.2202;
33,Walking,74300820,-1.5186,-0.5078,10.9668;
33,Walking,74351820,-0.0171,-1.5356,12.0215;
33,Walking,74402820,7.0337,-1.4307,21.1865;
33,Walking,74453820,1.3501,-3.5986,12.1558;
33,Walking,74504820,3.2300,0.1709,13.7671;
33,Walking,74555820,-2.9712,5.4712,12.9248;
33,Walking,74606820,-1.8408,3.8354,8.4497;
33,Walking,74657820,-1.3330,1.5332,11.7725;
33,Walking,74708820,-1.0718,-1.0034,11.5747;
33,Walking,74759820,-2.8320,0.0024,9.7168;
33,Walking,74810820,-2.0093,0.4932,11.1475;
33,Walking,74861820,-0.8301,1.1987,12.3120;
33,Walking,74912820,-2.2363,1.4087,11.2842;
33,Walking,74963820,-2.7002,-0.6006,11.4233;
33,Walking,75014820,-2.7417,-0.5811,11.7944;
33,Walking,75065820,-2.1631,0.8374,11.5601;
33,Walking,75116820,-2.1558,1.4404,11.4355;
33,Walking,75167820,-1.4575,1.1108,11.7114;
33,Walking,75218820,-1.3110,0.3467,11.8799;
33,Walking,75269820,-1.7920,-0.6812,11.5283;
33,Walking,75320820,-2.2998,0.2930,11.3477;
33,Walking,75371820,-1.8994,1.0596,11.5430;
33,Walking,75422820,-1.7090,0.5591,11.2793;
33,Walking,75473820,-1.7505,-0.0708,11.7822;
33,Walking,75524820,-1.5820,-0.9326,11.4966;
33,Walking,75575820,-2.4121,-0.3906,12.8418;
33,Walking,75626820,-2.6636,2.3096,12.3340;
33,Walking,75677820,-1.9702,2.6538,11.0742;
33,Walking,75728820,-0.3174,1.7725,11.9067;
33,Walking,75779820,1.8506,-0.6592,12.6782;
33,Walking,75830820,2.2778,0.2344,13.7207;
33,Walking,75881820,-3.5474,3.6377,12.3804;
33,Walking,75932820,-2.6099,3.5229,11.4575;
33,Walking,75983820,-0.3613,-1.5454,10.5347;
33,Walking,76034820,-0.3125,1.4160,10.1196;
33,Walking,76085820,-0.0684,0.0073,9.8755;
33,Walking,76136820,-1.6797,-0.6812,9.4263;
33,Walking,76187820,-0.1831,0.4297,11.3452;
33,Walking,76238820,1.3477,-1.8066,13.0273;
33,Walking,76289820,1.7847,-2.4634,13.2544;
33,Walking,76340820,1.9751,-0.3809,10.4419;
33,Walking,76391820,-1.3916,0.5420,15.9668;
33,Walking,76442820,-3.1714,-1.6235,15.5273;
33,Walking,76493820,-1.9897,2.0996,7.6904;
33,Walking,76544820,-2.3682,6.6943,10.3809;
33,Walking,76595820,-2.0508,4.3188,10.2197;
33,Walking,76646820,-2.7417,2.2021,9.8486;
33,Walking,76697820,-1.9604,0.5029,13.4448;
33,Walking,76748820,-2.0703,-2.3535,11.9458;
33,Walking,76799820,-2.8442,-2.5928,10.8887;
33,Walking,76850820,0.3491,1.5869,11.8970;
33,Walking,76901820,-2.0679,1.5015,11.7432;
33,Walking,76952820,-2.2046,1.1011,11.7749;
33,Walking,77003820,-1.5332,0.8081,11.6357;
33,Walking,77054820,-1.7749,0.6128,11.7017;
33,Walking,77105820,-1.6724,0.5786,11.5039;
33,Walking,77156820,-1.6089,0.9473,11.2817;
33,Walking,77207820,-1.7529,-0.1685,11.4038;
33,Walking,77258820,-1.3208,-1.0986,12.4268;
33,Walking,77309820,-2.3096,-0.9497,14.0332;
33,Walking,77360820,-2.4243,2.0947,12.3950;
33,Walking,77411820,-0.3540,4.6143,10.9766;
33,Walking,77462820,3.4619,0.1147,12.8540;
33,Walking,77513820,1.0010,-1.7285,13.1396;
33,Walking,77564820,-8.9380,5.3735,11.9580;
33,Walking,77615820,-0.5371,2.6050,10.4663;
33,Walking,77666820,0.0635,-2.6367,10.6299;
33,Walking,77717820,0.1929,0.0366,9.9951;
33,Walking,77768820,0.2563,1.6455,9.3481;
33,Walking,77819820,-0.7202,1.2598,10.5200;
33,Walking,77870820,0.4468,1.7139,11.2231;
33,Walking,77921820,2.0459,-7.6465,15.1758;
33,Walking,77972820,0.4858,-1.5771,11.4502;
33,Walking,78023820,0.9741,0.9985,10.0415;
33,Walking,78074820,-4.9731,-0.2271,18.7988;
33,Walking,78125820,4.6167,-6.3477,10.7446;
33,Walking,78176820,-5.7227,10.3174,7.2876;
33,Walking,78227820,-2.7124,4.5557,12.2241;
33,Walking,78278820,-0.8350,0.1904,9.5166;
33,Walking,78329820,-2.1265,-1.9116,12.4097;
33,Walking,78380820,-0.9375,-1.8726,11.8530;
33,Walking,78431820,-2.3267,-0.1318,10.5029;
33,Walking,78482820,-2.3779,2.1094,11.8555;
33,Walking,78533820,-1.6650,1.5747,11.2866;
33,Walking,78584820,-2.3682,1.3086,11.3818;
33,Walking,78635820,-1.8823,0.2490,11.8359;
33,Walking,78686820,-1.5991,0.1001,11.7993;
33,Walking,78737820,-1.8555,1.0449,11.2622;
33,Walking,78788820,-1.5942,1.7529,11.3184;
33,Walking,78839820,-2.0215,1.0522,11.1694;
33,Walking,78890820,-2.1094,-0.0708,11.1157;
33,Walking,78941820,-2.5171,-1.0986,13.6938;
33,Walking,78992820,-2.3022,-0.1636,11.9775;
33,Walking,79043820,-2.2827,1.1865,10.9106;
33,Walking,79094820,1.9312,3.3301,12.4170;
33,Walking,79145820,2.9419,1.0132,13.3398;
33,Walking,79196820,-2.3608,3.1885,12.4536;
33,Walking,79247820,-5.5176,2.5220,11.1133;
33,Walking,79298820,0.1245,-1.7017,10.8618;
33,Walking,79349820,0.4858,-1.3696,11.3550;
33,Walking,79400820,-0.5933,0.6934,10.4712;
33,Walking,79451820,-0.4224,2.3267,10.2856;
33,Walking,79502820,0.1270,0.4077,11.5576;
33,Walking,79553820,0.5249,-1.5918,11.7139;
33,Walking,79604820,0.7373,-2.7075,12.3413;
33,Walking,79655820,1.1035,-1.1621,11.5234;
33,Walking,79706820,-0.6128,-2.8394,11.0034;
33,Walking,79757820,-1.4307,-0.5737,10.1489;
33,Walking,79808820,-1.6602,0.9570,12.0508;
33,Walking,79859820,4.3237,-0.3101,16.5552;
33,Walking,79910820,-0.4858,-0.8960,9.9683;
33,Walking,79961820,-0.8740,7.5488,9.0552;
33,Walking,80012839,-3.1812,2.9224,12.2217;
33,Walking,80063820,-4.3994,-2.8638,11.3525;
33,Walking,80114820,1.3916,-0.9326,11.1523;
33,Walking,80165820,-1.6895,2.4121,12.0752;
33,Walking,80216820,-2.9346,-0.4468,10.5054;
33,Walking,80267820,-2.4292,0.8643,11.5454;
33,Walking,80318820,-1.7578,0.9253,11.3745;
33,Walking,80369820,-2.1313,0.8984,11.6479;
33,Walking,80420820,-1.9043,0.7520,11.8262;
33,Walking,80471820,-1.6406,-0.1855,11.7139;
33,Walking,80522820,-1.8066,-0.3149,11.4551;
33,Walking,80573820,-1.8359,1.2134,11.4819;
33,Walking,80624820,-1.5430,0.7031,11.6626;
33,Walking,80675820,-1.6479,0.2417,12.1753;
33,Walking,80726820,-2.3340,0.6519,11.1548;
33,Walking,80777820,-2.4414,0.8276,11.6772;
33,Walking,80828820,-2.2510,-0.0928,13.4009;
33,Walking,80879820,-1.5894,0.3516,12.2900;
33,Walking,80930820,-2.3926,1.7651,10.6445;
33,Walking,80981820,-1.7139,1.2207,11.1475;
33,Walking,81032820,0.0586,2.0630,13.1812;
33,Walking,81083820,1.7822,0.1562,12.6221;
33,Walking,81134820,1.7920,-1.1963,13.7476;
33,Walking,81185820,-8.0762,5.3394,11.9214;
33,Walking,81236820,2.1411,-0.2808,11.5601;
33,Walking,81287820,-0.9448,-0.5908,10.9717;
33,Walking,81338820,-0.7544,0.6299,9.5166;
33,Walking,81389820,-0.6641,0.6079,9.0186;
33,Walking,81440820,-0.8936,1.1450,9.4556;
33,Walking,81491820,1.2183,-0.0903,11.3379;
33,Walking,81542820,2.0972,-8.4814,16.8604;
33,Walking,81593820,1.0791,-1.6113,11.8506;
33,Walking,81644820,0.7886,2.6660,9.7998;
33,Walking,81695820,-2.8662,2.4463,12.9956;
33,Walking,81746820,4.6655,-8.7329,13.8354;
33,Walking,81797820,-2.4878,4.4849,10.4321;
33,Walking,81848820,-2.0801,4.0942,9.6094;
33,Walking,81899820,-2.0728,1.3232,9.4385;
33,Walking,81950820,-3.0981,0.5566,12.4878;
33,Walking,82001820,-2.1265,-0.4370,11.8579;
33,Walking,82052820,-1.8506,-2.4463,11.0156;
33,Walking,82103820,-0.4639,0.5298,12.0117;
33,Walking,82154820,-1.3110,1.0596,11.6846;
33,Walking,82205820,-1.8701,0.7764,11.8750;
33,Walking,82256820,-1.7700,0.1489,11.6772;
33,Walking,82307820,-2.0190,0.3589,11.4648;
33,Walking,82358820,-2.4756,1.2256,11.1426;
33,Walking,82409820,-1.7847,1.7041,11.4844;
33,Walking,82460820,-1.3867,0.9619,11.5674;
33,Walking,82511820,-1.7114,-0.3149,11.6846;
33,Walking,82562820,-1.8726,-0.5908,11.3818;
33,Walking,82613820,-1.8286,-0.1074,11.6968;
33,Walking,82664820,-2.3315,-0.2271,12.3511;
33,Walking,82715820,-2.3437,0.9253,11.4307;
33,Walking,82766820,-1.5674,1.4624,9.6167;
33,Walking,82817820,-1.3623,1.0938,11.9092;
33,Walking,82868820,3.7109,0.0952,12.9688;
33,Walking,82919820,1.0181,-1.4307,15.1562;
33,Walking,82970820,-6.9312,4.3896,11.7603;
33,Walking,83021820,-0.9106,1.1499,12.0483;
33,Walking,83072820,0.2246,-2.0752,10.1831;
33,Walking,83123820,-0.5713,1.3354,9.7021;
33,Walking,83174820,-0.2808,0.9399,9.3115;
33,Walking,83225820,-0.3882,1.1304,11.4038;
33,Walking,83276820,0.1807,0.2441,11.5869;
33,Walking,83327820,2.4683,-5.6470,13.6938;
33,Walking,83378820,1.2378,-2.5049,13.2568;
33,Walking,83429820,1.0669,0.9180,10.1831;
33,Walking,83480820,-2.0776,1.2378,11.3696;
33,Walking,83531820,-0.9302,-1.1963,16.1377;
33,Walking,83582820,2.0312,-5.7129,9.8047;
33,Walking,83633820,0.0342,7.9199,10.2393;
33,Walking,83684820,-2.9907,4.4434,12.7734;
33,Walking,83735820,-1.6919,1.1523,10.0415;
33,Walking,83786820,-2.3608,-1.1133,12.2656;
33,Walking,83837820,-2.2583,-1.8237,11.3232;
33,Walking,83888820,-1.3428,-0.6860,10.9033;
33,Walking,83939820,-2.7100,2.3926,11.6821;
33,Walking,83990820,-1.0010,1.3623,11.6089;
33,Walking,84041820,-1.5674,0.2856,12.4780;
33,Walking,84092820,-1.1621,-1.2183,11.7285;
33,Walking,84143820,-1.3525,-1.1060,11.0449;
33,Walking,84194820,-1.9165,0.6152,10.7935;
33,Walking,84245820,-2.3486,1.7236,11.1890;
33,Walking,84296820,-1.1768,-0.3320,10.6714;
33,Walking,84347820,-2.1362,0.5469,12.8052;
33,Walking,84398820,-2.9028,1.9507,13.7866;
33,Walking,84449820,-0.5981,1.9629,12.8345;
33,Walking,84500820,0.6885,1.3574,12.2876;
33,Walking,84551820,0.0366,3.5010,12.7856;
33,Walking,84602820,-2.2852,2.2534,10.7227;
33,Walking,84653820,-0.8789,-0.4102,12.0215;
33,Walking,84704820,-2.6172,-0.1855,10.1465;
33,Walking,84755820,0.1294,0.9155,11.4307;
33,Walking,84806820,0.2075,0.7983,10.3467;
33,Walking,84857820,-1.0107,0.2686,10.4810;
33,Walking,84908820,0.7959,-2.0435,11.8188;
33,Walking,84959820,1.8262,-2.7734,12.0117;
33,Walking,85010820,0.8618,-1.9238,12.4731;
33,Walking,85061820,0.5420,-1.2207,10.5054;
33,Walking,85112820,-0.0195,-0.1001,10.5396;
33,Walking,85163820,-0.5884,0.2222,10.8179;
33,Walking,85214820,-2.0532,0.6567,18.4912;
33,Walking,85265820,5.9741,-3.4497,15.5176;
33,Walking,85316820,-3.0493,2.6611,5.9131;
33,Walking,85367820,-3.1396,5.4761,10.5322;
33,Walking,85418820,-3.0151,-0.6860,12.5049;
33,Walking,85469820,-0.0732,-2.4878,10.6885;
33,Walking,85520820,-1.5869,1.2988,12.1533;
33,Walking,85571820,-2.2485,0.3174,10.7104;
33,Walking,85622820,-2.3193,0.4248,11.0522;
33,Walking,85673820,-1.9775,1.0889,11.9409;
33,Walking,85724820,-1.7432,1.2256,11.7944;
33,Walking,85775820,-1.6211,0.2417,11.8872;
33,Walking,85826821,-1.5820,-0.5029,11.7920;
33,Walking,85877820,-1.9165,-0.0464,11.5723;
33,Walking,85928820,-1.7358,1.5381,11.1060;
33,Walking,85979820,-1.7139,1.1719,11.5967;
33,Walking,86030820,-1.5503,0.3247,11.6626;
33,Walking,86081820,-1.7798,0.0146,11.4600;
33,Walking,86132820,-1.7188,-0.7227,12.2803;
33,Walking,86183820,-3.4863,0.1831,12.8931;
33,Walking,86234820,-2.2217,2.0288,10.7178;
33,Walking,86285820,-1.3013,1.6553,10.7568;
33,Walking,86336820,1.0205,1.0083,12.4951;
33,Walking,86387820,1.0547,-1.7456,12.3926;
33,Walking,86438820,1.4209,-0.4590,13.5693;
33,Walking,86489820,-2.3389,3.8770,13.4204;
33,Walking,86540820,-4.2725,2.9077,11.4990;
33,Walking,86591820,0.3418,-1.1963,10.8423;
33,Walking,86642820,-1.1841,-0.3467,10.6519;
33,Walking,86693820,-0.5225,0.9058,9.8779;
33,Walking,86744820,-0.0171,0.5127,10.5249;
33,Walking,86795820,0.8179,0.7690,11.9336;
33,Walking,86846820,1.1865,0.0537,11.7993;
33,Walking,86897820,0.0684,-5.4370,13.1348;
33,Walking,86948820,2.1826,-2.4097,11.9312;
33,Walking,86999820,-0.3052,0.2808,10.3125;
33,Walking,87050820,-1.7773,0.9595,9.3872;
33,Walking,87101820,-2.7661,1.4063,18.1689;
33,Walking,87152820,13.0444,-4.4434,16.6553;
33,Walking,87203820,-1.8140,2.1069,7.0264;
33,Walking,87254820,-2.2656,5.9937,10.5322;
33,Walking,87305820,-2.6904,1.8530,12.0264;
33,Walking,87356820,-1.5332,-0.7690,9.4849;
33,Walking,87407820,0.1416,-1.9263,12.5781;
33,Walking,87458820,-1.4136,-0.0195,11.5479;
33,Walking,87509820,-2.8955,1.2842,11.4673;
33,Walking,87560820,-2.0898,-0.2197,11.3452;
33,Walking,87611820,-1.9849,0.3052,11.7725;
33,Walking,87662820,-2.3584,1.7700,11.7090;
33,Walking,87713820,-2.2168,1.6968,11.4551;
33,Walking,87764820,-1.6504,0.7666,11.9849;
33,Walking,87815820,-1.4941,-0.2563,11.3477;
33,Walking,87866820,-1.2671,0.9619,11.5967;
33,Walking,87917820,-1.3794,1.5771,11.4526;
33,Walking,87968820,-1.9531,-0.2417,11.3843;
33,Walking,88019820,-2.5635,-1.5918,11.9385;
33,Walking,88070820,-3.6426,-0.9814,11.9409;
33,Walking,88121820,-3.1128,1.2280,11.7358;
33,Walking,88172820,-1.4771,3.8745,11.9531;
33,Walking,88223820,2.6318,4.4287,12.9053;
33,Walking,88274820,-0.8618,-0.8643,11.3184;
33,Walking,88325820,-0.3027,-0.0269,12.5928;
33,Walking,88376820,-2.5415,1.9141,12.6343;
33,Walking,88427820,-2.3364,2.0825,11.6211;
33,Walking,88478820,-1.1279,-0.4712,10.6665;
33,Walking,88529820,-1.5894,0.8545,10.5688;
33,Walking,88580820,-1.1621,0.2490,10.4590;
33,Walking,88631820,0.2661,1.8115,10.9741;
33,Walking,88682820,0.9692,0.8960,11.1597;
33,Walking,88733820,2.4292,-1.0938,12.2314;
33,Walking,88784820,0.1733,-2.0117,11.6089;
33,Walking,88835820,0.1831,-1.0815,11.3013;
33,Walking,88886820,0.1587,-1.6260,11.0352;
33,Walking,88937820,-1.9165,-0.6274,19.6191;
33,Walking,88988820,3.0615,-5.0684,13.9282;
33,Walking,89039820,-1.2256,5.2051,4.9927;
33,Walking,89090820,-2.6440,7.6050,9.7363;
33,Walking,89141820,-3.3862,-0.0879,14.6216;
33,Walking,89192820,-0.4663,-2.5830,9.1138;
33,Walking,89243820,-1.7114,-1.0742,11.5869;
33,Walking,89294820,-2.3169,-1.6455,11.4502;
33,Walking,89345820,-1.9580,1.3403,11.2231;
33,Walking,89396820,-2.3364,1.0742,11.7065;
33,Walking,89447820,-2.1826,1.6309,11.4771;
33,Walking,89498820,-2.0557,1.5015,11.0571;
33,Walking,89549820,-2.0630,0.6128,12.1094;
33,Walking,89600820,-0.6860,-0.8032,12.5903;
33,Walking,89651820,-1.1304,-0.1465,11.3550;
33,Walking,89702820,-2.1729,1.4624,11.3184;
33,Walking,89753820,-2.6733,0.8301,10.8398;
33,Walking,89804820,-2.5659,0.1050,11.0010;
33,Walking,89855820,-2.6904,-1.6260,13.0615;
33,Walking,89906820,-2.8760,0.5811,11.7871;
33,Walking,89957820,-2.4634,3.7256,11.8848;
33,Walking,90008820,-0.1172,3.4424,11.8970;
33,Walking,90059820,-0.0220,1.0181,12.4390;
33,Walking,90110820,-0.1660,-0.6958,11.0327;
33,Walking,90161820,-0.9741,0.1978,12.1411;
33,Walking,90212820,-3.0859,2.6147,12.1094;
33,Walking,90263820,-0.8789,-0.2661,12.5928;
33,Walking,90314820,-1.9531,-0.3198,11.0010;
33,Walking,90365820,-1.1060,0.5225,11.0815;
33,Walking,90416820,0.4810,2.1973,10.3857;
33,Walking,90467820,-0.0586,1.1011,10.1245;
33,Walking,90518820,1.8433,0.0830,12.5146;
33,Walking,90569820,0.6665,-5.1758,14.2065;
33,Walking,90620820,0.8301,-1.2915,10.7813;
33,Walking,90671820,0.8740,1.5283,11.6528;
33,Walking,90722820,0.9570,1.2769,12.6758;
33,Walking,90773820,-0.6348,-1.3281,11.9434;
33,Walking,90824820,-0.8984,1.3892,11.7041;
33,Walking,90875820,-0.8423,4.0015,11.0547;
33,Walking,90926820,-2.7124,1.2598,11.1841;
33,Walking,90977820,-1.8066,0.4468,9.3579;
33,Walking,91028820,-1.5796,-2.0166,14.3457;
33,Walking,91079820,0.3442,0.0586,11.6675;
33,Walking,91130820,-2.4878,0.8276,11.1597;
33,Walking,91181820,-2.7808,-0.0439,11.6040;
33,Walking,91232820,-3.4766,0.6738,11.1499;
33,Walking,91283820,-3.3081,1.1426,10.9473;
33,Walking,91334820,-2.7515,1.2280,10.9424;
33,Walking,91385820,-1.9678,1.5918,11.9849;
33,Walking,91436820,-0.9521,0.4712,11.9897;
33,Walking,91487820,-0.4272,0.7520,12.8101;
33,Walking,91538820,-2.7100,-1.0864,11.6040;
33,Walking,91589820,-3.8867,-1.3989,12.4561;
33,Walking,91640820,0.0610,4.9121,11.7432;
33,Walking,91691820,0.8081,5.0708,12.5049;
33,Walking,91742820,-1.1035,1.4307,12.0264;
33,Walking,91793820,-3.1201,2.9443,11.4014;
33,Walking,91844820,-1.2354,1.8286,11.2378;
33,Walking,91895820,-0.9277,0.1147,10.0000;
33,Walking,91946820,-1.7749,-0.0610,10.1636;
33,Walking,91997820,-0.0732,0.6763,10.3979;
33,Walking,92048820,-1.6138,-1.2500,10.5469;
33,Walking,92099820,1.7798,-1.2769,13.8159;
33,Walking,92150820,2.0874,-0.8423,12.6636;
33,Walking,92201820,1.8408,0.4443,12.8833;
33,Walking,92252820,-0.8667,-0.0977,10.7251;
33,Walking,92303820,-1.0352,-1.4063,11.0986;
33,Walking,92354820,-0.1538,-0.8521,10.3760;
33,Walking,92405820,-1.0327,-0.6372,10.2563;
33,Walking,92456820,-4.2065,0.4858,17.5513;
33,Walking,92507820,0.5566,-0.6323,15.7568;
33,Walking,92558820,2.3999,1.1865,11.1646;
33,Walking,92609820,-0.2246,2.7881,9.7656;
33,Walking,92660820,-3.1934,3.0371,11.2573;
33,Walking,92711820,-2.9639,0.2710,10.6982;
33,Walking,92762820,-3.0103,-3.7061,12.4731;
33,Walking,92813820,-0.8301,0.5298,10.9937;
33,Walking,92864820,-2.2827,0.6641,11.0913;
33,Walking,92915820,-3.1152,1.1865,12.1558;
33,Walking,92966820,-2.1362,1.6357,11.4404;
33,Walking,93017820,-1.5942,1.1279,11.6626;
33,Walking,93068820,-1.9409,0.3540,11.5405;
33,Walking,93119820,-1.9019,-0.6201,11.5674;
33,Walking,93170820,-2.5244,0.9961,11.7505;
33,Walking,93221820,-1.8750,2.4194,11.1816;
33,Walking,93272820,-2.1069,0.2734,11.5698;
33,Walking,93323820,-2.2314,-0.5518,11.2036;
33,Walking,93374820,-2.6685,-0.5420,11.1719;
33,Walking,93425820,-2.0142,-1.0913,13.4863;
33,Walking,93476820,-3.6499,2.0972,11.9019;
33,Walking,93527820,-1.5918,3.7207,9.7559;
33,Walking,93578820,0.8936,2.8296,12.4146;
33,Walking,93629820,0.0928,0.6152,12.7002;
33,Walking,93680820,-0.5225,-0.0195,12.1021;
33,Walking,93731820,-3.4229,0.7178,11.8921;
33,Walking,93782820,-4.6802,0.8960,10.9253;
33,Walking,93833820,0.5884,-0.1416,12.1069;
33,Walking,93884820,-1.0034,0.6519,11.2427;
33,Walking,93935820,-1.2915,1.4258,10.7153;
33,Walking,93986820,2.0581,-0.3516,12.3438;
33,Walking,94037820,1.1646,-0.0220,12.7466;
33,Walking,94088820,0.0806,-0.7666,11.3525;
33,Walking,94139820,-1.2158,-0.7007,9.7583;
33,Walking,94190820,-0.6177,-1.2671,10.3296;
33,Walking,94241820,0.5396,-1.0303,10.9155;
33,Walking,94292820,0.9644,-1.3525,11.5625;
33,Walking,94343820,0.2637,-0.0220,11.5918;
33,Walking,94394820,0.1172,2.1680,16.0156;
33,Walking,94445820,2.1606,-0.5981,15.1196;
33,Walking,94496820,-1.2671,0.1611,7.7881;
33,Walking,94547820,-4.4336,3.6035,10.7666;
33,Walking,94598820,-1.4014,2.1289,11.2256;
33,Walking,94649820,-0.8276,-1.2842,12.0703;
33,Walking,94700820,-1.4209,0.6885,11.7017;
33,Walking,94751820,-3.4033,0.7446,10.8911;
33,Walking,94802820,-3.0835,0.4810,11.0376;
33,Walking,94853820,-2.3511,-0.1904,11.6504;
33,Walking,94904820,-2.2534,0.5078,11.4307;
33,Walking,94955820,-2.1338,0.8081,11.8188;
33,Walking,95006820,-1.9458,0.6250,11.6382;
33,Walking,95057820,-1.8652,-0.0244,11.8433;
33,Walking,95108820,-1.9946,0.5005,11.3794;
33,Walking,95159820,-2.3413,1.5845,11.2939;
33,Walking,95210820,-2.5317,1.0352,11.0864;
33,Walking,95261820,-2.3511,0.1294,11.5845;
33,Walking,95312820,-2.2290,-0.3101,11.4453;
33,Walking,95363820,-1.9873,-0.0903,11.6602;
33,Walking,95414820,-3.0054,-0.2563,12.5977;
33,Walking,95465820,-3.5669,1.7749,11.2744;
33,Walking,95516820,-2.0020,2.8052,10.1660;
33,Walking,95567820,0.4395,2.1997,11.8579;
33,Walking,95618820,-1.4063,0.0366,11.1841;
33,Walking,95669820,-1.2427,-0.9058,12.1753;
33,Walking,95720820,1.2891,0.3418,12.6709;
33,Walking,95771820,-1.1230,2.2217,12.8003;
33,Walking,95822820,-5.1099,1.6284,10.9717;
33,Walking,95873820,-0.1025,-0.4297,11.3525;
33,Walking,95924820,-0.6250,0.1245,11.0791;
33,Walking,95975820,-0.3149,0.1294,10.6274;
33,Walking,96026820,-0.1392,0.7471,10.7300;
33,Walking,96077820,-0.4175,1.7456,10.7788;
33,Walking,96128820,0.3418,1.6309,11.3013;
33,Walking,96179820,0.8618,-2.1143,12.1167;
33,Walking,96230820,1.0986,-6.0962,12.6563;
33,Walking,96281820,-0.7373,-1.8896,10.5908;
33,Walking,96332820,-2.2095,-0.1855,16.8896;
33,Walking,96383820,-0.6592,2.1899,16.0449;
33,Walking,96434820,0.8569,3.0884,8.3252;
33,Walking,96485820,-1.3208,4.9170,9.6851;
33,Walking,96536820,-1.7944,2.9907,12.5269;
33,Walking,96587820,-2.2266,-0.8667,10.3174;
33,Walking,96638820,-3.8599,-3.1348,12.7930;
33,Walking,96689820,0.9741,1.2646,11.3989;
33,Walking,96740820,-3.2300,0.8838,10.5469;
33,Walking,96791820,-3.7012,0.5151,11.0962;
33,Walking,96842820,-2.1777,1.2622,11.7139;
33,Walking,96893820,-2.1606,1.2012,11.7725;
33,Walking,96944820,-2.3437,1.0840,11.3940;
33,Walking,96995820,-1.9214,0.5151,11.7480;
33,Walking,97046820,-1.7847,0.1489,11.4233;
33,Walking,97097820,-0.9839,0.6616,11.5234;
33,Walking,97148820,-1.5894,0.6934,11.5845;
33,Walking,97199820,-1.8628,0.0171,11.6431;
33,Walking,97250820,-2.7563,-0.2539,10.9326;
33,Walking,97301820,-2.8979,-0.6909,13.0786;
33,Walking,97352820,-2.6587,1.4551,13.0420;
33,Walking,97403820,-0.2661,3.8428,11.3208;
33,Walking,97454832,1.4063,1.6357,12.2144;
33,Walking,97505820,-0.4810,0.1270,11.6553;
33,Walking,97556820,-0.6055,1.7749,12.2876;
33,Walking,97607820,-2.3169,2.0288,12.4829;
33,Walking,97658820,-1.6846,0.9180,10.3882;
33,Walking,97709820,-0.4883,-0.5957,10.8179;
33,Walking,97760820,-0.3394,-0.0781,10.9009;
33,Walking,97811820,-0.8496,1.4697,10.5200;
33,Walking,97862820,0.3540,0.0610,10.9888;
33,Walking,97913820,1.5894,-2.6294,13.6816;
33,Walking,97964820,0.0830,-2.9175,12.3633;
33,Walking,98015820,-0.4224,0.3589,10.9082;
33,Walking,98066820,-0.6665,-0.5737,10.3076;
33,Walking,98117820,-0.7471,-1.9482,10.8276;
33,Walking,98168820,0.1318,-0.5933,11.2183;
33,Walking,98219820,-0.0049,0.9595,11.7358;
33,Walking,98270820,-1.6113,1.3184,16.4722;
33,Walking,98321820,1.0815,-0.5347,14.3042;
33,Walking,98372820,-1.1719,-1.5039,9.2285;
33,Walking,98423820,-2.2925,2.6489,10.7349;
33,Walking,98474820,-2.0752,2.0630,11.2378;
33,Walking,98525820,-1.0742,0.4443,11.5161;
33,Walking,98576820,-1.9922,0.9619,11.4087;
33,Walking,98627820,-0.8154,0.8032,11.2695;
33,Walking,98678820,-2.4268,1.9507,11.7139;
33,Walking,98729820,-3.3081,1.0303,10.7373;
33,Walking,98780820,-2.4951,0.5420,11.6675;
33,Walking,98831820,-1.3135,0.3857,11.8213;
33,Walking,98882820,-2.2095,0.2295,11.5674;
33,Walking,98933820,-2.1191,0.1416,11.6406;
33,Walking,98984820,-1.8774,0.5420,11.6895;
33,Walking,99035820,-1.6821,-0.0073,11.6846;
33,Walking,99086820,-1.8433,-0.4248,10.9814;
33,Walking,99137820,-2.2559,0.4541,10.9937;
33,Walking,99188820,-2.3120,-0.5713,11.4893;
33,Walking,99239820,-2.1191,0.6714,12.9712;
33,Walking,99290820,-1.0181,3.6938,13.2031;
33,Walking,99341820,-1.0864,2.9053,11.9653;
33,Walking,99392820,-1.4404,2.0337,11.8066;
33,Walking,99443820,-0.2124,2.0654,12.1973;
33,Walking,99494820,0.0757,2.5244,13.0176;
33,Walking,99545820,0.3638,2.0972,12.5659;
33,Walking,99596820,-1.2305,1.1841,9.7827;
33,Walking,99647820,-0.4272,0.5737,10.5249;
33,Walking,99698820,-0.3198,1.9678,9.5361;
33,Walking,99749820,-0.8130,-0.3613,9.7583;
33,Walking,99800820,-0.8398,-1.1670,10.9497;
33,Walking,99851820,2.3926,-0.8569,12.8784;
33,Walking,99902820,1.2500,-2.2998,12.1021;
33,Walking,99953820,2.9468,-1.2622,13.7695;
33,Walking,100004820,0.5884,-0.5444,17.2192;
33,Walking,100055820,0.3345,2.0361,11.4331;
33,Walking,100106820,-4.4141,-0.7983,7.2900;
33,Walking,100157820,-1.8066,5.4175,10.9009;
33,Walking,100208820,0.5225,3.5913,12.6831;
33,Walking,100259820,-2.7979,-0.6274,11.3135;
33,Walking,100310820,-2.5049,-1.0742,10.6982;
33,Walking,100361820,-1.5942,-0.0391,12.0313;
33,Walking,100412820,-2.9370,1.9751,11.0010;
33,Walking,100463820,-2.8638,0.4175,11.2524;
33,Walking,100514820,-1.6284,1.0034,11.8579;
33,Walking,100565820,-1.6772,0.7959,11.6846;
33,Walking,100616820,-2.2925,0.4517,11.3354;
33,Walking,100667820,-2.6074,-0.1660,11.5869;
33,Walking,100718820,-1.7993,-0.2173,11.8433;
33,Walking,100769820,-1.5991,-0.1440,11.7798;
33,Walking,100820820,-1.8433,-0.6226,11.5869;
33,Walking,100871820,-1.6406,-0.2441,11.4648;
33,Walking,100922820,-1.4771,-0.2612,10.3979;
33,Walking,100973820,-0.5469,-1.2012,10.5151;
33,Walking,101024820,-0.8398,1.6016,12.7417;
33,Walking,101075820,-0.5005,1.9995,12.9858;
33,Walking,101126820,-2.9810,1.5918,12.6416;
33,Walking,101177820,-0.3418,4.1919,12.5415;
33,Walking,101228820,6.7383,1.3208,15.3101;
33,Walking,101279820,-1.9580,2.1826,12.4170;
33,Walking,101330820,-1.2817,2.0703,10.4077;
33,Walking,101381820,-0.1611,0.1196,10.9741;
33,Walking,101432820,-0.9399,1.1865,10.3076;