33,Sitting,10338154,0.9912,-9.8560,1.9165;
33,Sitting,10398842,1.0449,-9.7998,1.9043;
33,Sitting,10449845,1.0156,-9.7900,1.8774;
33,Sitting,10500829,1.0181,-9.8389,1.9043;
33,Sitting,10551828,1.0718,-9.7925,1.9507;
33,Sitting,10602828,0.9766,-9.7314,1.9214;
33,Sitting,10653828,1.0425,-9.8364,1.9141;
33,Sitting,10704828,0.8936,-9.8853,1.8091;
33,Sitting,10755828,0.9937,-9.7876,1.8335;
33,Sitting,10806828,1.1084,-9.8218,1.9800;
33,Sitting,10857828,1.1841,-9.7168,1.9849;
33,Sitting,10908828,1.1646,-9.8340,1.8555;
33,Sitting,10959828,1.1548,-9.7583,1.8604;
33,Sitting,11010828,1.1328,-9.8242,1.8872;
33,Sitting,11061828,0.9668,-9.8047,1.8481;
33,Sitting,11112828,0.9717,-9.8633,1.7993;
33,Sitting,11163828,0.9937,-9.7607,1.7896;
33,Sitting,11214828,0.7983,-10.0098,1.8872;
33,Sitting,11265828,0.9570,-9.8242,1.9702;
33,Sitting,11316828,0.8960,-9.8267,1.9531;
33,Sitting,11367828,0.8325,-9.8584,2.0117;
33,Sitting,11418828,0.8838,-9.8047,1.9556;
33,Sitting,11469828,0.9204,-9.8096,1.8677;
33,Sitting,11520828,0.9692,-9.8853,1.8823;
33,Sitting,11571828,0.9766,-9.8828,1.9019;
33,Sitting,11622828,1.0059,-9.7681,1.8579;
33,Sitting,11673828,0.9082,-9.8145,1.9263;
33,Sitting,11724828,0.9131,-9.8486,1.9214;
33,Sitting,11775828,0.9009,-9.8950,1.7285;
33,Sitting,11826828,1.0425,-9.7485,1.7432;
33,Sitting,11877828,1.0767,-9.7754,1.7480;
33,Sitting,11928828,1.0156,-9.8071,1.7993;
33,Sitting,11979828,0.9985,-9.7803,1.7188;
33,Sitting,12030828,0.9937,-9.8120,1.7334;
33,Sitting,12081828,1.0620,-9.8608,1.7578;
33,Sitting,12132828,1.0425,-9.7095,1.7212;
33,Sitting,12183828,1.0938,-9.8779,1.8018;
33,Sitting,12234828,1.0986,-9.7900,1.8677;
33,Sitting,12285828,1.0400,-9.7827,1.7114;
33,Sitting,12336828,1.0010,-9.8291,1.7285;
33,Sitting,12387828,1.0254,-9.7461,1.7358;
33,Sitting,12438828,1.0522,-9.9146,1.7554;
33,Sitting,12489828,1.0938,-9.8486,1.8237;
33,Sitting,12540828,0.9644,-9.8169,1.8823;
33,Sitting,12591828,1.1133,-9.7949,1.7944;
33,Sitting,12642828,1.1304,-9.7485,1.8384;
33,Sitting,12693828,1.0181,-9.8145,1.6748;
33,Sitting,12744828,1.0938,-9.7803,1.8066;
33,Sitting,12795828,1.0986,-9.8193,1.8286;
33,Sitting,12846828,1.0986,-9.8145,1.7651;
33,Sitting,12897828,1.0645,-9.8291,1.6309;
33,Sitting,12948828,1.0693,-9.7485,1.6504;
33,Sitting,12999828,0.9888,-9.8926,1.8262;
33,Sitting,13050828,0.9595,-9.7803,1.9165;
33,Sitting,13101828,0.6592,-9.9268,1.8896;
33,Sitting,13152828,0.4810,-9.8413,1.5698;
33,Sitting,13203828,0.3369,-9.8999,1.5552;
33,Sitting,13254828,0.3003,-9.9146,1.6675;
33,Sitting,13305828,0.3320,-9.9878,1.6943;
33,Sitting,13356828,0.4663,-9.8364,1.7480;
33,Sitting,13407828,0.5762,-9.8657,1.7310;
33,Sitting,13458828,0.5518,-9.7510,1.6992;
33,Sitting,13509828,0.5322,-9.8291,1.7041;
33,Sitting,13560828,0.5298,-9.8193,1.7017;
33,Sitting,13611828,0.4639,-9.7778,1.6821;
33,Sitting,13662828,0.5200,-9.8218,1.5771;
33,Sitting,13713828,0.4297,-9.9316,1.6968;
33,Sitting,13764828,0.4272,-9.8706,1.6724;
33,Sitting,13815828,0.5005,-9.8486,1.7090;
33,Sitting,13866828,0.7275,-9.8022,1.6431;
33,Sitting,13917828,0.6641,-9.8120,1.6357;
33,Sitting,13968828,0.5713,-9.8218,1.6772;
33,Sitting,14019828,0.4663,-9.8999,1.6064;
33,Sitting,14070828,0.4663,-9.8315,1.6113;
33,Sitting,14121828,0.5078,-9.9829,1.6235;
33,Sitting,14172828,0.5029,-9.8706,1.6357;
33,Sitting,14223828,0.4639,-9.8804,1.6113;
33,Sitting,14274828,0.4956,-9.8853,1.5942;
33,Sitting,14325828,0.4468,-9.8535,1.6309;
33,Sitting,14376828,0.4956,-9.8413,1.6309;
33,Sitting,14427828,0.4443,-9.8047,1.6309;
33,Sitting,14478828,0.5054,-9.8975,1.5674;
33,Sitting,14529828,0.4614,-9.8608,1.6797;
33,Sitting,14580828,0.4712,-9.8511,1.6357;
33,Sitting,14631828,0.5225,-9.8828,1.5991;
33,Sitting,14682828,0.4785,-9.8145,1.6382;
33,Sitting,14733828,0.5347,-9.8486,1.5723;
33,Sitting,14784828,0.4907,-9.8901,1.6406;
33,Sitting,14835828,0.4907,-9.8608,1.6309;
33,Sitting,14886828,0.4639,-9.9048,1.6382;
33,Sitting,14937828,0.4956,-9.8853,1.6406;
33,Sitting,14988828,0.4614,-9.8584,1.5991;
33,Sitting,15039828,0.5322,-9.8096,1.6235;
33,Sitting,15090828,0.4736,-9.9072,1.5186;
33,Sitting,15141828,0.4932,-9.8413,1.6382;
33,Sitting,15192828,0.5005,-9.7949,1.5991;
33,Sitting,15243828,0.4565,-9.8535,1.5918;
33,Sitting,15294828,0.5176,-9.8804,1.6968;
33,Sitting,15345828,0.4492,-9.8437,1.6968;
33,Sitting,15396828,0.4614,-9.8950,1.5625;
33,Sitting,15447828,0.5151,-9.8706,1.6528;
33,Sitting,15498828,0.5176,-9.8096,1.6992;
33,Sitting,15549828,0.5273,-9.8145,1.6357;
33,Sitting,15600828,0.4810,-9.8413,1.6675;
33,Sitting,15651828,0.5151,-9.8584,1.5552;
33,Sitting,15702828,0.4761,-9.8755,1.6260;
33,Sitting,15753828,0.5151,-9.8877,1.6187;
33,Sitting,15804828,0.5151,-9.8682,1.5454;
33,Sitting,15855828,0.5005,-9.8804,1.6064;
33,Sitting,15906828,0.4980,-9.8682,1.5552;
33,Sitting,15957828,0.4419,-9.8169,1.6650;
33,Sitting,16008828,0.4810,-9.8096,1.5527;
33,Sitting,16059828,0.4419,-9.8267,1.5869;
33,Sitting,16110828,0.5127,-9.8584,1.5527;
33,Sitting,16161828,0.4248,-9.8535,1.5894;
33,Sitting,16212828,0.4639,-9.9023,1.6406;
33,Sitting,16263828,0.4297,-9.9048,1.6504;
33,Sitting,16314828,0.5078,-9.7974,1.5942;
33,Sitting,16365828,0.4687,-9.8755,1.5308;
33,Sitting,16416828,0.4810,-9.9292,1.5576;
33,Sitting,16467828,0.5054,-9.8877,1.6162;
33,Sitting,16518828,0.4395,-9.8218,1.5894;
33,Sitting,16569828,0.4492,-9.8804,1.4990;
33,Sitting,16620828,0.4907,-9.8853,1.6211;
33,Sitting,16671828,0.5298,-9.8901,1.6187;
33,Sitting,16722828,0.5078,-9.8145,1.6064;
33,Sitting,16773828,0.4590,-9.7192,1.5381;
33,Sitting,16824828,0.5347,-9.8315,1.6870;
33,Sitting,16875828,0.5225,-9.9194,1.5283;
33,Sitting,16926828,0.5640,-9.8218,1.6113;
33,Sitting,16977828,0.5225,-9.8389,1.5894;
33,Sitting,17028828,0.4761,-9.8169,1.6235;
33,Sitting,17079828,0.4932,-9.7607,1.5796;
33,Sitting,17130828,0.5762,-9.8682,1.5845;
33,Sitting,17181828,0.5371,-9.7827,1.5112;
33,Sitting,17232828,0.5762,-9.8853,1.6138;
33,Sitting,17283828,0.5518,-9.8730,1.6431;
33,Sitting,17334828,0.5566,-9.8096,1.6382;
33,Sitting,17385828,0.5420,-9.8340,1.6089;
33,Sitting,17436828,0.4858,-9.8560,1.5820;
33,Sitting,17487828,0.5005,-9.9048,1.6138;
33,Sitting,17538828,0.5029,-9.8413,1.5161;
33,Sitting,17589828,0.5151,-9.8706,1.6138;
33,Sitting,17640828,0.5713,-9.8267,1.6406;
33,Sitting,17691828,0.5469,-9.8413,1.5552;
33,Sitting,17742828,0.5273,-9.8560,1.6089;
33,Sitting,17793828,0.5688,-9.8315,1.5503;
33,Sitting,17844828,0.5371,-9.9048,1.6602;
33,Sitting,17895828,0.4712,-9.8462,1.6333;
33,Sitting,17946828,0.5200,-9.8535,1.5527;
33,Sitting,17997828,0.5225,-9.8022,1.5894;
33,Sitting,18048828,0.4834,-9.8633,1.5918;
33,Sitting,18099828,0.5249,-9.8779,1.5674;
33,Sitting,18150828,0.4834,-9.9390,1.5747;
33,Sitting,18201828,0.4639,-9.8755,1.4624;
33,Sitting,18252828,0.5664,-9.8242,1.5527;
33,Sitting,18303828,0.5566,-9.8682,1.5820;
33,Sitting,18354828,0.5151,-9.9072,1.5356;
33,Sitting,18405828,0.4932,-9.8950,1.5723;
33,Sitting,18456828,0.5688,-9.8486,1.5967;
33,Sitting,18507828,0.5176,-9.8975,1.5918;
33,Sitting,18558828,0.5737,-9.8535,1.6138;
33,Sitting,18609828,0.4761,-9.8560,1.6064;
33,Sitting,18660828,0.5249,-9.8633,1.5967;
33,Sitting,18711828,0.4956,-9.8657,1.6309;
33,Sitting,18762828,0.5420,-9.8145,1.6064;
33,Sitting,18813828,0.4883,-9.8364,1.6406;
33,Sitting,18864828,0.5542,-9.8657,1.5430;
33,Sitting,18915828,0.4858,-9.9390,1.6138;
33,Sitting,18966828,0.5786,-9.8437,1.6187;
33,Sitting,19017828,0.4932,-9.8950,1.6895;
33,Sitting,19068828,0.4565,-9.8413,1.5942;
33,Sitting,19119828,0.6299,-9.8096,1.5381;
33,Sitting,19170828,0.6348,-9.8291,1.5796;
33,Sitting,19221828,0.6030,-9.8437,1.6138;
33,Sitting,19272828,0.5737,-9.9194,1.6040;
33,Sitting,19323828,0.5957,-9.8340,1.6528;
33,Sitting,19374828,0.6177,-9.7534,1.6553;
33,Sitting,19425828,0.6372,-9.8218,1.6113;
33,Sitting,19476828,0.6152,-9.8853,1.6138;
33,Sitting,19527828,0.6006,-9.9048,1.5967;
33,Sitting,19578828,0.6079,-9.8486,1.5796;
33,Sitting,19629828,0.6152,-9.8145,1.5723;
33,Sitting,19680828,0.6079,-9.8096,1.6016;
33,Sitting,19731828,0.6226,-9.8120,1.6064;
33,Sitting,19782828,0.6079,-9.8364,1.6235;
33,Sitting,19833828,0.6372,-9.8657,1.6626;
33,Sitting,19884828,0.5908,-9.8145,1.5796;
33,Sitting,19935828,0.5884,-9.7925,1.5625;
33,Sitting,19986828,0.5444,-9.8779,1.5991;
33,Sitting,20037828,0.5566,-9.8511,1.5625;
33,Sitting,20088828,0.5298,-9.8901,1.5527;
33,Sitting,20139828,0.4810,-9.8560,1.5771;
33,Sitting,20190828,0.5054,-9.7974,1.6260;
33,Sitting,20241828,0.4736,-9.8462,1.5845;
33,Sitting,20292828,0.4956,-9.8535,1.5479;
33,Sitting,20343828,0.4565,-9.8560,1.5112;
33,Sitting,20394828,0.5029,-9.8267,1.5918;
33,Sitting,20445828,0.5273,-9.8706,1.5674;
33,Sitting,20496828,0.5103,-9.8364,1.6040;
33,Sitting,20547828,0.5493,-9.8877,1.5283;
33,Sitting,20598828,0.5371,-9.8315,1.5552;
33,Sitting,20649828,0.5078,-9.8633,1.5796;
33,Sitting,20700828,0.5322,-9.8779,1.5747;
33,Sitting,20751828,0.5078,-9.8853,1.5601;
33,Sitting,20802828,0.4810,-9.8730,1.5210;
33,Sitting,20853828,0.5640,-9.8413,1.6235;
33,Sitting,20904828,0.5347,-9.8315,1.5381;
33,Sitting,20955828,0.5908,-9.8242,1.6455;
33,Sitting,21006828,0.5298,-9.9194,1.5601;
33,Sitting,21057828,0.5347,-9.8657,1.6138;
33,Sitting,21108828,0.4956,-9.8413,1.6064;
33,Sitting,21159828,0.4858,-9.8730,1.5503;
33,Sitting,21210828,0.5273,-9.8486,1.6333;
33,Sitting,21261828,0.4785,-9.8315,1.5332;
33,Sitting,21312828,0.4980,-9.8291,1.4941;
33,Sitting,21363828,0.5396,-9.8193,1.4258;
33,Sitting,21414828,0.5298,-9.8608,1.5332;
33,Sitting,21465828,0.5420,-9.8730,1.5405;
33,Sitting,21516828,0.5884,-9.8877,1.4844;
33,Sitting,21567828,0.5469,-9.8657,1.5625;
33,Sitting,21618828,0.5151,-9.8267,1.5845;
33,Sitting,21669828,0.5591,-9.8560,1.4819;
33,Sitting,21720828,0.5444,-9.8682,1.6187;
33,Sitting,21771828,0.5786,-9.8560,1.5137;
33,Sitting,21822828,0.5542,-9.8413,1.5405;
33,Sitting,21873828,0.5713,-9.8901,1.6211;
33,Sitting,21924828,0.5908,-9.8633,1.6016;
33,Sitting,21975828,0.5591,-9.8804,1.5381;
33,Sitting,22026828,0.5786,-9.8682,1.5698;
33,Sitting,22077828,0.5542,-9.8437,1.5625;
33,Sitting,22128828,0.5469,-9.8584,1.5747;
33,Sitting,22179828,0.5322,-9.8853,1.5723;
33,Sitting,22230828,0.5566,-9.8755,1.5747;
33,Sitting,22281828,0.5591,-9.9146,1.5405;
33,Sitting,22332828,0.5371,-9.8950,1.5747;
33,Sitting,22383828,0.5811,-9.8901,1.5820;
33,Sitting,22434828,0.5640,-9.8584,1.5039;
33,Sitting,22485828,0.6152,-9.7949,1.5283;
33,Sitting,22536828,0.5420,-9.8267,1.5771;
33,Sitting,22587828,0.5859,-9.7778,1.5942;
33,Sitting,22638828,0.6421,-9.8486,1.6089;
33,Sitting,22689828,0.5566,-9.8682,1.5845;
33,Sitting,22740828,0.6104,-9.8804,1.6553;
33,Sitting,22791828,0.5615,-9.8340,1.5967;
33,Sitting,22842828,0.5664,-9.8804,1.6040;
33,Sitting,22893828,0.5688,-9.8315,1.5332;
33,Sitting,22944828,0.5835,-9.9097,1.6479;
33,Sitting,22995828,0.5127,-9.8413,1.5088;
33,Sitting,23046828,0.6030,-9.9146,1.5552;
33,Sitting,23097828,0.5591,-9.8535,1.5991;
33,Sitting,23148828,0.5493,-9.9194,1.4990;
33,Sitting,23199828,0.5566,-9.8193,1.5771;
33,Sitting,23250828,0.5444,-9.8975,1.5625;
33,Sitting,23301828,0.5835,-9.8584,1.5552;
33,Sitting,23352828,0.5615,-9.8608,1.5186;
33,Sitting,23403828,0.6177,-9.8242,1.5332;
33,Sitting,23454828,0.6177,-9.8315,1.6064;
33,Sitting,23505828,0.5103,-9.8804,1.5308;
33,Sitting,23556828,0.5542,-9.8633,1.4917;
33,Sitting,23607828,0.5762,-9.9048,1.5186;
33,Sitting,23658828,0.5078,-9.8877,1.5576;
33,Sitting,23709828,0.5444,-9.7949,1.5869;
33,Sitting,23760828,0.5737,-9.8706,1.5015;
33,Sitting,23811828,0.5664,-9.8096,1.5820;
33,Sitting,23862828,0.6030,-9.8364,1.4917;
33,Sitting,23913828,0.5762,-9.8975,1.5674;
33,Sitting,23964828,0.5591,-9.9023,1.5283;
33,Sitting,24015828,0.5029,-9.8730,1.6406;
33,Sitting,24066828,0.5615,-9.8950,1.5479;
33,Sitting,24117828,0.5444,-9.8413,1.5576;
33,Sitting,24168828,0.5469,-9.8242,1.6138;
33,Sitting,24219828,0.5127,-9.8853,1.5674;
33,Sitting,24270828,0.6006,-9.8633,1.5625;
33,Sitting,24321828,0.5298,-9.9023,1.5527;
33,Sitting,24372828,0.5884,-9.8511,1.6138;
33,Sitting,24423828,0.5542,-9.8437,1.6260;
33,Sitting,24474828,0.5298,-9.8877,1.5479;
33,Sitting,24525828,0.6030,-9.9170,1.5967;
33,Sitting,24576828,0.5298,-9.8437,1.5576;
33,Sitting,24627828,0.5566,-9.9048,1.5674;
33,Sitting,24678828,0.5566,-9.8926,1.5088;
33,Sitting,24729828,0.4858,-9.8218,1.6016;
33,Sitting,24780828,0.5298,-9.7998,1.5918;
33,Sitting,24831828,0.6152,-9.8096,1.5991;
33,Sitting,24882828,0.5420,-9.8413,1.6138;
33,Sitting,24933828,0.6128,-9.8926,1.5918;
33,Sitting,24984828,0.6006,-9.8804,1.6626;
33,Sitting,25035828,0.5054,-9.8584,1.6040;
33,Sitting,25086828,0.6152,-9.8486,1.6504;
33,Sitting,25137828,0.5737,-9.8511,1.5918;
33,Sitting,25188828,0.5469,-9.8218,1.6040;
33,Sitting,25239828,0.6104,-9.7876,1.5137;
33,Sitting,25290828,0.6616,-9.8511,1.6113;
33,Sitting,25341828,0.6641,-9.8413,1.4990;
33,Sitting,25392828,0.6079,-9.8877,1.5869;
33,Sitting,25443828,0.6006,-9.8071,1.5112;
33,Sitting,25494828,0.5591,-9.8828,1.6040;
33,Sitting,25545828,0.6152,-9.8291,1.5552;
33,Sitting,25596828,0.5371,-9.9243,1.5356;
33,Sitting,25647828,0.5762,-9.8706,1.5771;
33,Sitting,25698828,0.6592,-9.9146,1.5820;
33,Sitting,25749828,0.5103,-9.8560,1.5747;
33,Sitting,25800828,0.5347,-9.8877,1.4990;
33,Sitting,25851828,0.5713,-9.8633,1.5454;
33,Sitting,25902828,0.5713,-9.7632,1.5698;
33,Sitting,25953828,0.5786,-9.8413,1.6040;
33,Sitting,26004828,0.5811,-9.8413,1.5088;
33,Sitting,26055828,0.5518,-9.9023,1.5234;
33,Sitting,26106828,0.5273,-9.9097,1.5283;
33,Sitting,26157828,0.5640,-9.8706,1.5381;
33,Sitting,26208828,0.5298,-9.8267,1.5283;
33,Sitting,26259828,0.5225,-9.8633,1.5527;
33,Sitting,26310828,0.5444,-9.8437,1.5967;
33,Sitting,26361833,0.5298,-9.8267,1.5552;
33,Sitting,26412828,0.5640,-9.8804,1.5210;
33,Sitting,26463828,0.5200,-9.8413,1.5186;
33,Sitting,26514828,0.5444,-9.8267,1.5039;
33,Sitting,26565828,0.5737,-9.8730,1.5259;
33,Sitting,26616828,0.5615,-9.8437,1.5332;
33,Sitting,26667828,0.5713,-9.8120,1.5601;
33,Sitting,26718828,0.5444,-9.8267,1.5430;
33,Sitting,26769828,0.5298,-9.8462,1.5845;
33,Sitting,26820828,0.5347,-9.8437,1.5698;
33,Sitting,26871828,0.4980,-9.8120,1.5112;
33,Sitting,26922828,0.5713,-9.8218,1.5601;
33,Sitting,26973828,0.5908,-9.9048,1.5991;
33,Sitting,27024828,0.5640,-9.8633,1.5894;
33,Sitting,27075828,0.5591,-9.8242,1.5308;
33,Sitting,27126828,0.5273,-9.8315,1.5161;
33,Sitting,27177828,0.5664,-9.8535,1.5601;
33,Sitting,27228828,0.5957,-9.8560,1.4893;
33,Sitting,27279828,0.5176,-9.8047,1.5283;
33,Sitting,27330828,0.5640,-9.8804,1.5918;
33,Sitting,27381828,0.5225,-9.8584,1.5015;
33,Sitting,27432828,0.5200,-9.7949,1.4624;
33,Sitting,27483828,0.5615,-9.8999,1.5210;
33,Sitting,27534828,0.5273,-9.8584,1.5283;
33,Sitting,27585828,0.5420,-9.8193,1.4819;
33,Sitting,27636828,0.5005,-9.8755,1.5991;
33,Sitting,27687828,0.5249,-9.8535,1.4697;
33,Sitting,27738828,0.5322,-9.8853,1.5674;
33,Sitting,27789828,0.5737,-9.9365,1.5161;
33,Sitting,27840828,0.5566,-9.8975,1.4917;
33,Sitting,27891828,0.5444,-9.8706,1.5210;
33,Sitting,27942828,0.4932,-9.8486,1.5356;
33,Sitting,27993828,0.5127,-9.8437,1.5674;
33,Sitting,28044828,0.5493,-9.8633,1.4697;
33,Sitting,28095828,0.5225,-9.8267,1.4453;
33,Sitting,28146828,0.5103,-9.8584,1.5503;
33,Sitting,28197828,0.5469,-9.8755,1.4453;
33,Sitting,28248828,0.5469,-9.8682,1.4941;
33,Sitting,28299828,0.5029,-9.9023,1.4844;
33,Sitting,28350828,0.4834,-9.8022,1.4600;
33,Sitting,28401828,0.5273,-9.8242,1.5088;
33,Sitting,28452828,0.5469,-9.8315,1.5063;
33,Sitting,28503828,0.5029,-9.8608,1.4771;
33,Sitting,28554828,0.4687,-9.8364,1.4746;
33,Sitting,28605828,0.5591,-9.8560,1.5454;
33,Sitting,28656828,0.5518,-9.8633,1.5137;
33,Sitting,28707828,0.5103,-9.8413,1.4355;
33,Sitting,28758828,0.5273,-9.8218,1.4917;
33,Sitting,28809828,0.5054,-9.8267,1.4819;
33,Sitting,28860828,0.5200,-9.7998,1.5186;
33,Sitting,28911828,0.5420,-9.8291,1.4795;
33,Sitting,28962828,0.5103,-9.8437,1.5356;
33,Sitting,29013828,0.5469,-9.8535,1.5308;
33,Sitting,29064828,0.5762,-9.8096,1.5430;
33,Sitting,29115828,0.4907,-9.8364,1.5381;
33,Sitting,29166828,0.5078,-9.8584,1.5381;
33,Sitting,29217828,0.5786,-9.8682,1.5283;
33,Sitting,29268828,0.5127,-9.8413,1.4624;
33,Sitting,29319828,0.5347,-9.8682,1.5063;
33,Sitting,29370828,0.5713,-9.9243,1.5625;
33,Sitting,29421828,0.5664,-9.8047,1.5234;
33,Sitting,29472828,0.4883,-9.8267,1.5552;
33,Sitting,29523828,0.5518,-9.9414,1.4551;
33,Sitting,29574828,0.4810,-9.9170,1.5161;
33,Sitting,29625828,0.5371,-9.8340,1.5771;
33,Sitting,29676828,0.5640,-9.8340,1.5161;
33,Sitting,29727828,0.5029,-9.8364,1.4722;
33,Sitting,29778828,0.5640,-9.8853,1.5332;
33,Sitting,29829828,0.5444,-9.8242,1.5210;
33,Sitting,29880828,0.5566,-9.8218,1.5259;
33,Sitting,29931828,0.5518,-9.7778,1.4648;
33,Sitting,29982828,0.4907,-9.8926,1.5308;
33,Sitting,30033828,0.5200,-9.8608,1.4648;
33,Sitting,30084828,0.4663,-9.8682,1.5259;
33,Sitting,30135828,0.5469,-9.8657,1.5259;
33,Sitting,30186828,0.5225,-9.8657,1.5576;
33,Sitting,30237819,0.5298,-9.8145,1.4966;
33,Sitting,30288828,0.6152,-9.8218,1.5967;
33,Sitting,30339828,0.6226,-9.8145,1.4917;
33,Sitting,30390828,0.5103,-9.8462,1.4575;
33,Sitting,30441828,0.5078,-9.9048,1.4966;
33,Sitting,30492828,0.5347,-9.8218,1.5259;
33,Sitting,30543828,0.5688,-9.8413,1.4722;
33,Sitting,30594828,0.5713,-9.8901,1.5283;
33,Sitting,30645828,0.5493,-9.8413,1.4722;
33,Sitting,30696828,0.4858,-9.9023,1.4893;
33,Sitting,30747828,0.5518,-9.8389,1.4819;
33,Sitting,30798828,0.5200,-9.8047,1.5283;
33,Sitting,30849828,0.5859,-9.8413,1.5869;
33,Sitting,30900828,0.5493,-9.8047,1.5283;
33,Sitting,30951828,0.5444,-9.7949,1.4917;
33,Sitting,31002828,0.5225,-9.9292,1.4990;
33,Sitting,31053828,0.5737,-9.8584,1.4697;
33,Sitting,31104828,0.5420,-9.8437,1.5137;
33,Sitting,31155828,0.5298,-9.8633,1.5112;
33,Sitting,31206828,0.5249,-9.8926,1.4917;
33,Sitting,31257828,0.5615,-9.8315,1.4819;
33,Sitting,31308828,0.5566,-9.8633,1.4160;
33,Sitting,31359828,0.5933,-9.8560,1.4966;
33,Sitting,31410828,0.5127,-9.8340,1.5479;
33,Sitting,31461828,0.5176,-9.8730,1.4966;
33,Sitting,31512828,0.5615,-9.7925,1.5527;
33,Sitting,31563828,0.5957,-9.8950,1.5186;
33,Sitting,31614828,0.5981,-9.8584,1.5332;
33,Sitting,31665828,0.5005,-9.9048,1.5674;
33,Sitting,31716828,0.5981,-9.7778,1.5601;
33,Sitting,31767828,0.5640,-9.8535,1.4258;
33,Sitting,31818828,0.6055,-9.8413,1.5161;
33,Sitting,31869828,0.4956,-9.8633,1.4917;
33,Sitting,31920828,0.6128,-9.8633,1.4380;
33,Sitting,31971828,0.5859,-9.8584,1.4893;
33,Sitting,32022828,0.5591,-9.8657,1.4355;
33,Sitting,32073828,0.5225,-9.8633,1.4966;
33,Sitting,32124828,0.5396,-9.7900,1.4722;
33,Sitting,32175828,0.5835,-9.9170,1.4478;
33,Sitting,32226828,0.5493,-9.8535,1.5234;
33,Sitting,32277828,0.5371,-9.8535,1.4966;
33,Sitting,32328828,0.4858,-9.8218,1.5552;
33,Sitting,32379828,0.5640,-9.8096,1.4844;
33,Sitting,32430828,0.5542,-9.8926,1.5576;
33,Sitting,32481828,0.4639,-9.8853,1.3867;
33,Sitting,32532828,0.5249,-9.8413,1.5479;
33,Sitting,32583828,0.5029,-9.8633,1.4722;
33,Sitting,32634828,0.5396,-9.9072,1.4478;
33,Sitting,32685828,0.5786,-9.8584,1.5088;
33,Sitting,32736828,0.5762,-9.8120,1.4624;
33,Sitting,32787828,0.5322,-9.8706,1.4771;
33,Sitting,32838828,0.5347,-9.8511,1.5039;
33,Sitting,32889828,0.5542,-9.8389,1.4209;
33,Sitting,32940828,0.5493,-9.8218,1.4478;
33,Sitting,32991828,0.5786,-9.8633,1.4868;
33,Sitting,33042828,0.5005,-9.8877,1.4478;
33,Sitting,33093828,0.5347,-9.8706,1.4795;
33,Sitting,33144828,0.5493,-9.8804,1.4941;
33,Sitting,33195828,0.5200,-9.7778,1.5137;
33,Sitting,33246828,0.6348,-9.8926,1.4795;
33,Sitting,33297828,0.5273,-9.8022,1.4893;
33,Sitting,33348828,0.5322,-9.8047,1.5039;
33,Sitting,33399828,0.5981,-9.8267,1.5112;
33,Sitting,33450828,0.5322,-9.8608,1.4697;
33,Sitting,33501828,0.5444,-9.8291,1.4502;
33,Sitting,33552828,0.5469,-9.8584,1.4160;
33,Sitting,33603828,0.5298,-9.8364,1.4453;
33,Sitting,33654828,0.5640,-9.9023,1.4722;
33,Sitting,33705828,0.5298,-9.8291,1.4551;
33,Sitting,33756828,0.5615,-9.8657,1.4380;
33,Sitting,33807828,0.5249,-9.9219,1.4673;
33,Sitting,33858828,0.5542,-9.8218,1.4404;
33,Sitting,33909828,0.5371,-9.8608,1.5479;
33,Sitting,33960828,0.5566,-9.8022,1.4258;
33,Sitting,34011828,0.5127,-9.8193,1.5479;
33,Sitting,34062828,0.5688,-9.9121,1.3892;
33,Sitting,34113828,0.5713,-9.9243,1.5576;
33,Sitting,34164828,0.5322,-9.8706,1.5283;
33,Sitting,34215828,0.5859,-9.8535,1.4966;
33,Sitting,34266828,0.5737,-9.9023,1.5381;
33,Sitting,34317828,0.5518,-9.8364,1.5259;
33,Sitting,34368828,0.5347,-9.8486,1.5137;
33,Sitting,34419828,0.5591,-9.8682,1.4722;
33,Sitting,34470828,0.5493,-9.8584,1.4526;
33,Sitting,34521828,0.4932,-9.8853,1.4404;
33,Sitting,34572828,0.6152,-9.7827,1.4917;
33,Sitting,34623828,0.5444,-9.8364,1.4063;
33,Sitting,34674828,0.5005,-9.7852,1.4551;
33,Sitting,34725828,0.5298,-9.8535,1.5186;
33,Sitting,34776828,0.5200,-9.8193,1.4282;
33,Sitting,34827828,0.5225,-9.7803,1.4600;
33,Sitting,34878828,0.5200,-9.8804,1.4355;
33,Sitting,34929828,0.5347,-9.8120,1.4551;
33,Sitting,34980828,0.5859,-9.8730,1.5234;
33,Sitting,35031828,0.5054,-9.8267,1.4673;
33,Sitting,35082828,0.5688,-9.8291,1.4673;
33,Sitting,35133828,0.5420,-9.8267,1.4258;
33,Sitting,35184828,0.5347,-9.8608,1.4111;
33,Sitting,35235828,0.5957,-9.8901,1.4063;
33,Sitting,35286828,0.5444,-9.7729,1.5674;
33,Sitting,35337828,0.5542,-9.8511,1.4160;
33,Sitting,35388828,0.5200,-9.8755,1.4648;
33,Sitting,35439828,0.5371,-9.8218,1.3794;
33,Sitting,35490828,0.5371,-9.8755,1.4258;
33,Sitting,35541828,0.5688,-9.8413,1.4771;
33,Sitting,35592828,0.5493,-9.8560,1.4600;
33,Sitting,35643828,0.5127,-9.8047,1.5137;
33,Sitting,35694828,0.5371,-9.8511,1.4087;
33,Sitting,35745828,0.5762,-9.8193,1.4893;
33,Sitting,35796828,0.5518,-9.8047,1.3843;
33,Sitting,35847828,0.5420,-9.8267,1.4673;
33,Sitting,35898828,0.5225,-9.8706,1.3623;
33,Sitting,35949828,0.5762,-9.8608,1.3818;
33,Sitting,36000828,0.5298,-9.8755,1.4722;
33,Sitting,36051828,0.5029,-9.8657,1.4307;
33,Sitting,36102828,0.5176,-9.8877,1.4844;
33,Sitting,36153828,0.5029,-9.8584,1.4185;
33,Sitting,36204828,0.5688,-9.7974,1.4844;
33,Sitting,36255828,0.5347,-9.8462,1.4307;
33,Sitting,36306828,0.5005,-9.8828,1.4087;
33,Sitting,36357828,0.5444,-9.8779,1.4575;
33,Sitting,36408828,0.4297,-9.8657,1.3672;
33,Sitting,36459828,0.4785,-9.8853,1.4355;
33,Sitting,36510828,0.5298,-9.7974,1.3452;
33,Sitting,36561828,0.4785,-9.8657,1.3892;
33,Sitting,36612828,0.5371,-9.8413,1.3354;
33,Sitting,36663828,0.5200,-9.8535,1.4697;
33,Sitting,36714828,0.5420,-9.8389,1.4111;
33,Sitting,36765828,0.5103,-9.8755,1.2817;
33,Sitting,36816828,0.5420,-9.9243,1.4087;
33,Sitting,36867828,0.5688,-9.8315,1.4404;
33,Sitting,36918828,0.4565,-9.8169,1.4966;
33,Sitting,36969828,0.5200,-9.8560,1.4429;
33,Sitting,37020828,0.4785,-9.8218,1.3403;
33,Sitting,37071828,0.5322,-9.9316,1.3647;
33,Sitting,37122828,0.5273,-9.8926,1.4282;
33,Sitting,37173828,0.5566,-9.8560,1.4429;
33,Sitting,37224828,0.5054,-9.8486,1.4771;
33,Sitting,37275828,0.4858,-9.8413,1.3892;
33,Sitting,37326828,0.5103,-9.8047,1.4038;
33,Sitting,37377828,0.5005,-9.9023,1.4966;
33,Sitting,37428828,0.5298,-9.8608,1.3965;
33,Sitting,37479828,0.5103,-9.8340,1.3623;
33,Sitting,37530828,0.4907,-9.7729,1.4160;
33,Sitting,37581828,0.4956,-9.8657,1.3818;
33,Sitting,37632828,0.4395,-9.8486,1.3379;
33,Sitting,37683828,0.4883,-9.7754,1.4526;
33,Sitting,37734828,0.4468,-9.8608,1.4087;
33,Sitting,37785828,0.5151,-9.8633,1.4258;
33,Sitting,37836828,0.5176,-9.8218,1.3184;
33,Sitting,37887828,0.5200,-9.8267,1.3403;
33,Sitting,37938828,0.4858,-9.8437,1.4453;
33,Sitting,37989828,0.4614,-9.8486,1.3525;
33,Sitting,38040828,0.4956,-9.8535,1.3232;
33,Sitting,38091828,0.5518,-9.8853,1.4404;
33,Sitting,38142828,0.5615,-9.8096,1.3623;
33,Sitting,38193828,0.5493,-9.9023,1.4038;
33,Sitting,38244828,0.5493,-9.9072,1.4160;
33,Sitting,38295828,0.5786,-9.7729,1.3672;
33,Sitting,38346828,0.5859,-9.9097,1.4160;
33,Sitting,38397828,0.5078,-9.9414,1.4111;
33,Sitting,38448828,0.5103,-9.8853,1.4624;
33,Sitting,38499828,0.5029,-9.8682,1.4600;
33,Sitting,38550828,0.5151,-9.8901,1.4209;
33,Sitting,38601828,0.5273,-9.8169,1.3599;
33,Sitting,38652828,0.5127,-9.7876,1.4331;
33,Sitting,38703828,0.5029,-9.7778,1.3745;
33,Sitting,38754828,0.5347,-9.8926,1.3916;
33,Sitting,38805828,0.6689,-9.8535,1.4185;
33,Sitting,38856828,0.5664,-9.9097,1.4233;
33,Sitting,38907828,0.5786,-9.8682,1.4258;
33,Sitting,38958828,0.5859,-9.8584,1.4111;
33,Sitting,39009828,0.6128,-9.8853,1.4600;
33,Sitting,39060828,0.5713,-9.8804,1.4478;
33,Sitting,39111828,0.6079,-9.7876,1.4209;
33,Sitting,39162828,0.5713,-9.8315,1.5210;
33,Sitting,39213828,0.5640,-9.8657,1.4551;
33,Sitting,39264828,0.5859,-9.8413,1.4941;
33,Sitting,39315828,0.5298,-9.8730,1.5137;
33,Sitting,39366828,0.5615,-9.8584,1.5137;
33,Sitting,39417828,0.5493,-9.8218,1.4355;
33,Sitting,39468828,0.5396,-9.8437,1.4575;
33,Sitting,39519828,0.5737,-9.8364,1.5161;
33,Sitting,39570828,0.5420,-9.8779,1.5186;
33,Sitting,39621828,0.5762,-9.8242,1.4185;
33,Sitting,39672828,0.5151,-9.8535,1.4331;
33,Sitting,39723828,0.5298,-9.8364,1.4551;
33,Sitting,39774828,0.5444,-9.8682,1.4453;
33,Sitting,39825828,0.6006,-9.8706,1.3989;
33,Sitting,39876828,0.5225,-9.8437,1.3892;
33,Sitting,39927828,0.6030,-9.8950,1.4209;
33,Sitting,39978828,0.4907,-9.8608,1.4087;
33,Sitting,40029828,0.5029,-9.8755,1.3916;
33,Sitting,40080828,0.5249,-9.8853,1.4282;
33,Sitting,40131828,0.5469,-9.8462,1.4526;
33,Sitting,40182828,0.6079,-9.8657,1.4917;
33,Sitting,40233828,0.5151,-9.8657,1.3843;
33,Sitting,40284828,0.5420,-9.8267,1.4697;
33,Sitting,40335828,0.5249,-9.8975,1.4185;
33,Sitting,40386828,0.5859,-9.8486,1.4355;
33,Sitting,40437828,0.5420,-9.8584,1.4185;
33,Sitting,40488828,0.5615,-9.8633,1.3770;
33,Sitting,40539828,0.5688,-9.8511,1.3501;
33,Sitting,40590828,0.5371,-9.8608,1.3306;
33,Sitting,40641828,0.5029,-9.8389,1.4600;
33,Sitting,40692828,0.5298,-9.8535,1.4111;
33,Sitting,40743828,0.5811,-9.8169,1.4893;
33,Sitting,40794828,0.5151,-9.8437,1.4575;
33,Sitting,40845828,0.6079,-9.8755,1.4624;
33,Sitting,40896828,0.5176,-9.7998,1.4111;
33,Sitting,40947828,0.5762,-9.8657,1.4502;
33,Sitting,40998828,0.6323,-9.7827,1.4185;
33,Sitting,41049828,0.4810,-9.9219,1.5503;
33,Sitting,41100828,0.5884,-9.9146,1.4258;
33,Sitting,41151828,0.5493,-9.8315,1.3916;
33,Sitting,41202828,0.5542,-9.8828,1.4844;
33,Sitting,41253828,0.5713,-9.8145,1.4795;
33,Sitting,41304828,0.5493,-9.8218,1.4087;
33,Sitting,41355828,0.5347,-9.8218,1.4648;
33,Sitting,41406828,0.5200,-9.8584,1.4746;
33,Sitting,41457828,0.5566,-9.8877,1.4966;
33,Sitting,41508828,0.5420,-9.8633,1.4600;
33,Sitting,41559828,0.5737,-9.8413,1.4038;
33,Sitting,41610828,0.5713,-9.8535,1.4111;
33,Sitting,41661828,0.6079,-9.7900,1.4600;
33,Sitting,41712828,0.5493,-9.9097,1.4282;
33,Sitting,41763828,0.5298,-9.8437,1.3672;
33,Sitting,41814828,0.5542,-9.8511,1.4063;
33,Sitting,41865828,0.4883,-9.8706,1.4209;
33,Sitting,41916828,0.5371,-9.8486,1.3989;
33,Sitting,41967828,0.5811,-9.8267,1.3745;
33,Sitting,42018828,0.5542,-9.7827,1.4014;
33,Sitting,42069828,0.5762,-9.8218,1.3428;
33,Sitting,42120828,0.5493,-9.8779,1.3770;
33,Sitting,42171828,0.5371,-9.8901,1.4648;
33,Sitting,42222828,0.4858,-9.8755,1.4209;
33,Sitting,42273828,0.5371,-9.8145,1.3501;
33,Sitting,42324828,0.4810,-9.8389,1.3745;
33,Sitting,42375828,0.5225,-9.8291,1.4185;
33,Sitting,42426828,0.5005,-9.8120,1.4331;
33,Sitting,42477828,0.5444,-9.8120,1.3696;
33,Sitting,42528828,0.6226,-9.8315,1.4526;
33,Sitting,42579828,0.5444,-9.7998,1.3867;
33,Sitting,42630828,0.5640,-9.9072,1.4453;
33,Sitting,42681828,0.5786,-9.8462,1.3965;
33,Sitting,42732828,0.5200,-9.8193,1.3843;
33,Sitting,42783828,0.5273,-9.8340,1.4258;
33,Sitting,42834828,0.5859,-9.8926,1.4209;
33,Sitting,42885828,0.4980,-9.8730,1.3965;
33,Sitting,42936828,0.5713,-9.8364,1.4551;
33,Sitting,42987828,0.5469,-9.8608,1.4526;
33,Sitting,43038828,0.5444,-9.8730,1.4429;
33,Sitting,43089828,0.5884,-9.8999,1.4868;
33,Sitting,43140828,0.5859,-9.8926,1.4209;
33,Sitting,43191832,0.5786,-9.8437,1.4746;
33,Sitting,43242828,0.5127,-9.8633,1.4697;
33,Sitting,43293828,0.5957,-9.8047,1.4307;
33,Sitting,43344828,0.5493,-9.8291,1.4014;
33,Sitting,43395828,0.5420,-9.8560,1.4844;
33,Sitting,43446828,0.5811,-9.8706,1.3818;
33,Sitting,43497828,0.5664,-9.8853,1.4282;
33,Sitting,43548828,0.5957,-9.8950,1.3599;
33,Sitting,43599828,0.5518,-9.8633,1.3892;
33,Sitting,43650828,0.5005,-9.8706,1.4990;
33,Sitting,43701828,0.5322,-9.8633,1.4160;
33,Sitting,43752828,0.5005,-9.8267,1.4551;
33,Sitting,43803828,0.5762,-9.8730,1.4697;
33,Sitting,43854828,0.5664,-9.8437,1.3892;
33,Sitting,43905828,0.5566,-9.8730,1.4404;
33,Sitting,43956828,0.5493,-9.8437,1.4209;
33,Sitting,44007828,0.5664,-9.8462,1.4282;
33,Sitting,44058828,0.5737,-9.9121,1.3770;
33,Sitting,44109828,0.5322,-9.8462,1.4868;
33,Sitting,44160828,0.5566,-9.8267,1.4307;
33,Sitting,44211828,0.5811,-9.8315,1.4014;
33,Sitting,44262828,0.5688,-9.8608,1.5088;
33,Sitting,44313828,0.6055,-9.8389,1.4038;
33,Sitting,44364828,0.5103,-9.8437,1.3818;
33,Sitting,44415828,0.5127,-9.8315,1.4014;
33,Sitting,44466828,0.5688,-9.8706,1.4648;
33,Sitting,44517828,0.6055,-9.8779,1.3184;
33,Sitting,44568828,0.5957,-9.8755,1.4355;
33,Sitting,44619828,0.5933,-9.9023,1.4282;
33,Sitting,44670828,0.5835,-9.8291,1.4355;
33,Sitting,44721828,0.5225,-9.8877,1.3379;
33,Sitting,44772828,0.5615,-9.8657,1.4063;
33,Sitting,44823828,0.5566,-9.9292,1.4429;
33,Sitting,44874828,0.5054,-9.8584,1.4038;
33,Sitting,44925828,0.5884,-9.8560,1.4136;
33,Sitting,44976828,0.5640,-9.7900,1.3916;
33,Sitting,45027828,0.5493,-9.8706,1.3672;
33,Sitting,45078828,0.5298,-9.8535,1.3989;
33,Sitting,45129828,0.4980,-9.8413,1.4087;
33,Sitting,45180828,0.5786,-9.9243,1.3477;
33,Sitting,45231828,0.5981,-9.7534,1.3745;
33,Sitting,45282828,0.5640,-9.9292,1.3965;
33,Sitting,45333828,0.5664,-9.8535,1.4624;
33,Sitting,45384828,0.4980,-9.8413,1.4624;
33,Sitting,45435828,0.5737,-9.8218,1.4844;
33,Sitting,45486828,0.5884,-9.8584,1.4771;
33,Sitting,45537828,0.5420,-9.8755,1.4063;
33,Sitting,45588828,0.5371,-9.8437,1.3843;
33,Sitting,45639828,0.5518,-9.8633,1.4307;
33,Sitting,45690828,0.5273,-9.8828,1.4185;
33,Sitting,45741828,0.5298,-9.8364,1.4331;
33,Sitting,45792828,0.6177,-9.8193,1.4575;
33,Sitting,45843828,0.6152,-9.8706,1.3745;
33,Sitting,45894828,0.5884,-9.8511,1.3770;
33,Sitting,45945828,0.5542,-9.8315,1.4893;
33,Sitting,45996828,0.5396,-9.8267,1.4771;
33,Sitting,46047828,0.5396,-9.8169,1.4551;
33,Sitting,46098828,0.5664,-9.8193,1.4404;
33,Sitting,46149828,0.6006,-9.7949,1.4600;
33,Sitting,46200828,0.5957,-9.8315,1.3965;
33,Sitting,46251828,0.5737,-9.8584,1.3623;
33,Sitting,46302828,0.5640,-9.8462,1.4233;
33,Sitting,46353828,0.6152,-9.8047,1.3867;
33,Sitting,46404828,0.5518,-9.8462,1.3696;
33,Sitting,46455828,0.5640,-9.8779,1.4722;
33,Sitting,46506828,0.5884,-9.8535,1.4697;
33,Sitting,46557828,0.5371,-9.8608,1.4331;
33,Sitting,46608828,0.5640,-9.8413,1.4014;
33,Sitting,46659828,0.5737,-9.8291,1.4966;
33,Sitting,46710828,0.5396,-9.8486,1.4282;
33,Sitting,46761828,0.6128,-9.9121,1.4258;
33,Sitting,46812828,0.5786,-9.8779,1.3574;
33,Sitting,46863828,0.6079,-9.8193,1.4258;
33,Sitting,46914828,0.5859,-9.8584,1.3867;
33,Sitting,46965828,0.5347,-9.8560,1.4160;
33,Sitting,47016828,0.5347,-9.8340,1.4185;
33,Sitting,47067828,0.6055,-9.9170,1.4307;
33,Sitting,47118828,0.5396,-9.8926,1.4209;
33,Sitting,47169828,0.6030,-9.9097,1.5259;
33,Sitting,47220828,0.5884,-9.7485,1.4111;
33,Sitting,47271828,0.6567,-9.8975,1.4502;
33,Sitting,47322828,0.7007,-9.7119,1.4868;
33,Sitting,47373828,0.6226,-9.9219,1.4844;
33,Sitting,47424828,0.6421,-9.9023,1.3574;
33,Sitting,47475828,0.5884,-9.7241,1.4771;
33,Sitting,47526828,0.6372,-9.8877,1.4404;
33,Sitting,47577828,0.6592,-9.8779,1.4453;
33,Sitting,47628828,0.6152,-9.8413,1.4233;
33,Sitting,47679828,0.6177,-9.8657,1.4795;
33,Sitting,47730828,0.6006,-9.8560,1.4258;
33,Sitting,47781828,0.5762,-9.8047,1.4526;
33,Sitting,47832828,0.6445,-9.9268,1.4136;
33,Sitting,47883828,0.5518,-9.8828,1.4917;
33,Sitting,47934828,0.5420,-9.9048,1.4111;
33,Sitting,47985828,0.5322,-9.8730,1.4209;
33,Sitting,48036828,0.6299,-9.7974,1.4502;
33,Sitting,48087828,0.6299,-9.8047,1.4063;
33,Sitting,48138828,0.6299,-9.8462,1.4307;
33,Sitting,48189828,0.5884,-9.8804,1.4453;
33,Sitting,48240828,0.6079,-9.8975,1.4551;
33,Sitting,48291828,0.5908,-9.8535,1.3892;
33,Sitting,48342828,0.5908,-9.8535,1.4063;
33,Sitting,48393828,0.5933,-9.8193,1.4282;
33,Sitting,48444828,0.5615,-9.8193,1.4282;
33,Sitting,48495828,0.6226,-9.8901,1.4282;
33,Sitting,48546828,0.6079,-9.8804,1.4380;
33,Sitting,48597828,0.5786,-9.8730,1.4136;
33,Sitting,48648828,0.5786,-9.8633,1.4453;
33,Sitting,48699828,0.5981,-9.7974,1.4160;
33,Sitting,48750828,0.5811,-9.8315,1.3696;
33,Sitting,48801828,0.6152,-9.8535,1.4746;
33,Sitting,48852828,0.6006,-9.8560,1.3672;
33,Sitting,48903828,0.5884,-9.8291,1.4063;
33,Sitting,48954828,0.6030,-9.8267,1.4673;
33,Sitting,49005828,0.5981,-9.8560,1.4429;
33,Sitting,49056828,0.5078,-9.8535,1.4282;
33,Sitting,49107828,0.6274,-9.8315,1.4136;
33,Sitting,49158828,0.5884,-9.8584,1.3989;
33,Sitting,49209828,0.5835,-9.7974,1.4478;
33,Sitting,49260828,0.5933,-9.8193,1.3916;
33,Sitting,49311828,0.5249,-9.8755,1.4648;
33,Sitting,49362828,0.6274,-9.8364,1.4233;
33,Sitting,49413828,0.5884,-9.8437,1.4575;
33,Sitting,49464828,0.6226,-9.8511,1.4258;
33,Sitting,49515828,0.5640,-9.8437,1.3794;
33,Sitting,49566828,0.6201,-9.8437,1.4917;
33,Sitting,49617828,0.5908,-9.8413,1.4063;
33,Sitting,49668828,0.5737,-9.8364,1.4185;
33,Sitting,49719828,0.5127,-9.9023,1.4258;
33,Sitting,49770828,0.5957,-9.8975,1.4453;
33,Sitting,49821828,0.6934,-9.8657,1.4648;
33,Sitting,49872828,0.5981,-9.8291,1.4038;
33,Sitting,49923828,0.6592,-9.8437,1.4771;
33,Sitting,49974828,0.5908,-9.8877,1.4526;
33,Sitting,50025828,0.5518,-9.8560,1.4111;
33,Sitting,50076828,0.4980,-9.8804,1.4990;
33,Sitting,50127828,0.6714,-9.8853,1.4282;
33,Sitting,50178828,0.6055,-9.8389,1.3745;
33,Sitting,50229828,0.6177,-9.8804,1.3989;
33,Sitting,50280828,0.5835,-9.8584,1.3623;
33,Sitting,50331828,0.5786,-9.7778,1.4819;
33,Sitting,50382828,0.5933,-9.8486,1.4429;
33,Sitting,50433828,0.6519,-9.8340,1.5088;
33,Sitting,50484828,0.5493,-9.8242,1.3892;
33,Sitting,50535828,0.5981,-9.8853,1.3623;
33,Sitting,50586828,0.5957,-9.8486,1.4990;
33,Sitting,50637828,0.5347,-9.8657,1.3989;
33,Sitting,50688828,0.5347,-9.7681,1.3330;
33,Sitting,50739828,0.5493,-9.7949,1.3770;
33,Sitting,50790828,0.6201,-9.8950,1.4136;
33,Sitting,50841828,0.5981,-9.8706,1.3794;
33,Sitting,50892828,0.5640,-9.8901,1.4429;
33,Sitting,50943828,0.5225,-9.8633,1.4478;
33,Sitting,50994828,0.5835,-9.8145,1.4380;
33,Sitting,51045828,0.5225,-9.8950,1.4233;
33,Sitting,51096828,0.5981,-9.8560,1.3940;
33,Sitting,51147828,0.5884,-9.8608,1.4111;
33,Sitting,51198828,0.6592,-9.9170,1.3403;
33,Sitting,51249828,0.5518,-9.8486,1.4136;
33,Sitting,51300828,0.5713,-9.8535,1.4063;
33,Sitting,51351828,0.5933,-9.8120,1.3965;
33,Sitting,51402828,0.6372,-9.8193,1.4209;
33,Sitting,51453828,0.5591,-9.8584,1.4038;
33,Sitting,51504828,0.6104,-9.8779,1.4673;
33,Sitting,51555828,0.6421,-9.8853,1.4014;
33,Sitting,51606828,0.5591,-9.8022,1.3916;
33,Sitting,51657828,0.5762,-9.8608,1.3989;
33,Sitting,51708828,0.6348,-9.8486,1.4209;
33,Sitting,51759828,0.6055,-9.8511,1.4160;
33,Sitting,51810828,0.6396,-9.8364,1.3989;
33,Sitting,51861828,0.5664,-9.8218,1.4771;
33,Sitting,51912828,0.5591,-9.8047,1.4380;
33,Sitting,51963828,0.5664,-9.8828,1.4453;
33,Sitting,52014828,0.5713,-9.8364,1.4502;
33,Sitting,52065828,0.5566,-9.8315,1.4502;
33,Sitting,52116828,0.5811,-9.8535,1.3770;
33,Sitting,52167828,0.5396,-9.8877,1.4038;
33,Sitting,52218828,0.6006,-9.8413,1.4160;
33,Sitting,52269828,0.6226,-9.8291,1.4233;
33,Sitting,52320828,0.5615,-9.8975,1.4258;
33,Sitting,52371828,0.6006,-9.8315,1.4502;
33,Sitting,52422828,0.5469,-9.7974,1.4258;
33,Sitting,52473828,0.5420,-9.8486,1.3843;
33,Sitting,52524828,0.5664,-9.8315,1.4063;
33,Sitting,52575828,0.6470,-9.8950,1.3892;
33,Sitting,52626828,0.5786,-9.9292,1.3916;
33,Sitting,52677828,0.5786,-9.8706,1.4380;
33,Sitting,52728828,0.5908,-9.8413,1.3745;
33,Sitting,52779828,0.5713,-9.8560,1.4038;
33,Sitting,52830828,0.5737,-9.8169,1.4502;
33,Sitting,52881828,0.5811,-9.8730,1.3916;
33,Sitting,52932828,0.6323,-9.8193,1.4453;
33,Sitting,52983828,0.6226,-9.8730,1.3428;
33,Sitting,53034828,0.5762,-9.8291,1.3696;
33,Sitting,53085828,0.6396,-9.8340,1.4185;
33,Sitting,53136828,0.5713,-9.8437,1.3965;
33,Sitting,53187828,0.5957,-9.8120,1.4429;
33,Sitting,53238828,0.5444,-9.8486,1.3672;
33,Sitting,53289828,0.5762,-9.8535,1.3818;
33,Sitting,53340828,0.6177,-9.8584,1.3623;
33,Sitting,53391828,0.5420,-9.8437,1.4258;
33,Sitting,53442828,0.5469,-9.8218,1.3770;
33,Sitting,53493828,0.5737,-9.8486,1.3550;
33,Sitting,53544828,0.5762,-9.8437,1.3696;
33,Sitting,53595828,0.5713,-9.8315,1.4063;
33,Sitting,53646828,0.5835,-9.8730,1.4160;
33,Sitting,53697828,0.5713,-9.8242,1.3916;
33,Sitting,53748828,0.6201,-9.7998,1.4136;
33,Sitting,53799828,0.5664,-9.8901,1.4185;
33,Sitting,53850828,0.5981,-9.8413,1.4868;
33,Sitting,53901828,0.6006,-9.8804,1.4087;
33,Sitting,53952828,0.6152,-9.8779,1.4185;
33,Sitting,54003828,0.5420,-9.8364,1.3745;
33,Sitting,54054828,0.6104,-9.8657,1.4478;
33,Sitting,54105828,0.5713,-9.8022,1.4429;
33,Sitting,54156828,0.5933,-9.9023,1.4209;
33,Sitting,54207828,0.6079,-9.8706,1.4233;
33,Sitting,54258828,0.5176,-9.8633,1.3672;
33,Sitting,54309828,0.5664,-9.8462,1.3916;
33,Sitting,54360828,0.5664,-9.8633,1.3965;
33,Sitting,54411828,0.5811,-9.8389,1.3965;
33,Sitting,54462828,0.6006,-9.8267,1.4355;
33,Sitting,54513828,0.5322,-9.7925,1.4111;
33,Sitting,54564828,0.5786,-9.8950,1.3672;
33,Sitting,54615828,0.5664,-9.8584,1.3672;
33,Sitting,54666828,0.6787,-9.8657,1.3721;
33,Sitting,54717828,0.5420,-9.8901,1.4575;
33,Sitting,54768828,0.5908,-9.8706,1.3232;
33,Sitting,54819828,0.5762,-9.8193,1.4063;
33,Sitting,54870828,0.5811,-9.8511,1.4063;
33,Sitting,54921828,0.5835,-9.8389,1.3721;
33,Sitting,54972828,0.5811,-9.8096,1.3550;
33,Sitting,55023828,0.5664,-9.9170,1.3965;
33,Sitting,55074828,0.6055,-9.8267,1.3940;
33,Sitting,55125828,0.6299,-9.8804,1.2988;
33,Sitting,55176828,0.6055,-9.8145,1.3916;
33,Sitting,55227828,0.6128,-9.8315,1.3818;
33,Sitting,55278828,0.5884,-9.7974,1.3672;
33,Sitting,55329828,0.5762,-9.8389,1.4331;
33,Sitting,55380828,0.6323,-9.8682,1.3062;
33,Sitting,55431828,0.5884,-9.8315,1.3965;
33,Sitting,55482828,0.5884,-9.8145,1.3623;
33,Sitting,55533828,0.5884,-9.8047,1.3452;
33,Sitting,55584828,0.6250,-9.8413,1.4282;
33,Sitting,55635828,0.5371,-9.8901,1.4282;
33,Sitting,55686828,0.6250,-9.7974,1.3281;
33,Sitting,55737828,0.6494,-9.8779,1.4795;
33,Sitting,55788828,0.6494,-9.8413,1.3916;
33,Sitting,55839828,0.6201,-9.8535,1.3892;
33,Sitting,55890828,0.6445,-9.8584,1.4258;
33,Sitting,55941828,0.5933,-9.8608,1.3940;
33,Sitting,55992828,0.5762,-9.8853,1.4185;
33,Sitting,56043828,0.6079,-9.7974,1.3940;
33,Sitting,56094828,0.5957,-9.8291,1.4063;
33,Sitting,56145828,0.6079,-9.8730,1.3940;
33,Sitting,56196828,0.5884,-9.8901,1.4136;
33,Sitting,56247828,0.5933,-9.8071,1.3818;
33,Sitting,56298828,0.6421,-9.8145,1.3574;
33,Sitting,56349828,0.5981,-9.8511,1.4258;
33,Sitting,56400828,0.6128,-9.8877,1.3184;
33,Sitting,56451828,0.5811,-9.8706,1.3403;
33,Sitting,56502828,0.5737,-9.8584,1.4014;
33,Sitting,56553828,0.6226,-9.8267,1.4551;
33,Sitting,56604828,0.5688,-9.8096,1.3159;
33,Sitting,56655828,0.6372,-9.9194,1.3647;
33,Sitting,56706828,0.6543,-9.8608,1.3354;
33,Sitting,56757828,0.6250,-9.8145,1.4014;
33,Sitting,56808828,0.6152,-9.8267,1.3745;
33,Sitting,56859828,0.5737,-9.8267,1.3916;
33,Sitting,56910828,0.5591,-9.8291,1.4111;
33,Sitting,56961828,0.5786,-9.8193,1.3281;
33,Sitting,57012828,0.6567,-9.8437,1.4551;
33,Sitting,57063828,0.6226,-9.8975,1.4380;
33,Sitting,57114828,0.6250,-9.8096,1.3574;
33,Sitting,57165828,0.6201,-9.8315,1.3867;
33,Sitting,57216828,0.5957,-9.8389,1.3452;
33,Sitting,57267828,0.6104,-9.8657,1.4429;
33,Sitting,57318828,0.6152,-9.7803,1.4355;
33,Sitting,57369828,0.6006,-9.8486,1.4185;
33,Sitting,57420828,0.6128,-9.8096,1.3574;
33,Sitting,57471828,0.6055,-9.8877,1.4478;
33,Sitting,57522828,0.5688,-9.8486,1.3403;
33,Sitting,57573828,0.6519,-9.8340,1.3477;
33,Sitting,57624828,0.5908,-9.7827,1.4551;
33,Sitting,57675828,0.6372,-9.8169,1.3379;
33,Sitting,57726828,0.5981,-9.8999,1.3623;
33,Sitting,57777828,0.6299,-9.8437,1.4600;
33,Sitting,57828828,0.6299,-9.8462,1.4258;
33,Sitting,57879828,0.5811,-9.8877,1.4331;
33,Sitting,57930828,0.6079,-9.8486,1.4648;
33,Sitting,57981828,0.5640,-9.8828,1.4551;
33,Sitting,58032828,0.6763,-9.8413,1.4282;
33,Sitting,58083828,0.6226,-9.8169,1.3428;
33,Sitting,58134828,0.5762,-9.8535,1.4526;
33,Sitting,58185828,0.5859,-9.8437,1.4282;
33,Sitting,58236828,0.6372,-9.8511,1.4478;
33,Sitting,58287828,0.6104,-9.7485,1.4648;
33,Sitting,58338828,0.5811,-9.8975,1.3721;
33,Sitting,58389828,0.6055,-9.8315,1.3721;
33,Sitting,58440828,0.5933,-9.8682,1.4331;
33,Sitting,58491828,0.5884,-9.8291,1.4673;
33,Sitting,58542828,0.5737,-9.8193,1.3721;
33,Sitting,58593828,0.6226,-9.8315,1.4185;
33,Sitting,58644828,0.6177,-9.8926,1.4014;
33,Sitting,58695828,0.5908,-9.8413,1.3965;
33,Sitting,58746828,0.5688,-9.8071,1.4209;
33,Sitting,58797828,0.5298,-9.8730,1.3916;
33,Sitting,58848828,0.5811,-9.7705,1.4380;
33,Sitting,58899828,0.6006,-9.8511,1.3940;
33,Sitting,58950828,0.5737,-9.8364,1.4331;
33,Sitting,59001828,0.6250,-9.8730,1.4136;
33,Sitting,59052828,0.6152,-9.8267,1.4282;
33,Sitting,59103828,0.5884,-9.8169,1.3916;
33,Sitting,59154828,0.6274,-9.9170,1.3599;
33,Sitting,59205828,0.6421,-9.8535,1.3965;
33,Sitting,59256828,0.5811,-9.8755,1.3647;
33,Sitting,59307828,0.6201,-9.8682,1.2769;
33,Sitting,59358828,0.6152,-9.8145,1.4429;
33,Sitting,59409828,0.5981,-9.8706,1.3403;
33,Sitting,59460828,0.6689,-9.8389,1.4551;
33,Sitting,59511828,0.5835,-9.9121,1.3794;
33,Sitting,59562828,0.6274,-9.8218,1.3550;
33,Sitting,59613828,0.6079,-9.8145,1.3647;
33,Sitting,59664828,0.5933,-9.8560,1.3623;
33,Sitting,59715828,0.5762,-9.8193,1.3940;
33,Sitting,59766828,0.6250,-9.8633,1.4404;
33,Sitting,59817828,0.6372,-9.8096,1.4014;
33,Sitting,59868828,0.6226,-9.8486,1.4771;
33,Sitting,59919828,0.6519,-9.8877,1.4185;
33,Sitting,59970828,0.5786,-9.8999,1.3965;
33,Sitting,60021828,0.5884,-9.8364,1.4673;
33,Sitting,60072828,0.6152,-9.8413,1.3770;
33,Sitting,60123828,0.6079,-9.8633,1.3745;
33,Sitting,60174828,0.6201,-9.8389,1.4282;
33,Sitting,60225828,0.6177,-9.7852,1.4038;
33,Sitting,60276828,0.6665,-9.8535,1.3330;
33,Sitting,60327828,0.6226,-9.8267,1.3696;
33,Sitting,60378828,0.5957,-9.9487,1.4258;
33,Sitting,60429828,0.5493,-9.8633,1.4600;
33,Sitting,60480828,0.5957,-9.8242,1.3330;
33,Sitting,60531828,0.6226,-9.8511,1.3867;
33,Sitting,60582828,0.6299,-9.7705,1.3330;
33,Sitting,60633828,0.6104,-9.8291,1.3867;
33,Sitting,60684828,0.6445,-9.8511,1.4185;
33,Sitting,60735828,0.5981,-9.8804,1.4185;
33,Sitting,60786828,0.5811,-9.8437,1.4575;
33,Sitting,60837828,0.5688,-9.8828,1.3892;
33,Sitting,60888828,0.5859,-9.8120,1.4160;
33,Sitting,60939828,0.6030,-9.8584,1.4014;
33,Sitting,60990828,0.5957,-9.8730,1.3599;
33,Sitting,61041828,0.5640,-9.9072,1.3403;
33,Sitting,61092828,0.6250,-9.8999,1.4282;
33,Sitting,61143828,0.5811,-9.8145,1.3379;
33,Sitting,61194828,0.6079,-9.8291,1.4087;
33,Sitting,61245828,0.5200,-9.8437,1.3477;
33,Sitting,61296828,0.6006,-9.8389,1.3940;
33,Sitting,61347828,0.6616,-9.8584,1.4526;
33,Sitting,61398828,0.5737,-9.8730,1.3892;
33,Sitting,61449828,0.6128,-9.8730,1.3306;
33,Sitting,61500828,0.5713,-9.8364,1.4233;
33,Sitting,61551828,0.6592,-9.7974,1.3916;
33,Sitting,61602828,0.5786,-9.8560,1.4185;
33,Sitting,61653828,0.5713,-9.8120,1.3623;
33,Sitting,61704828,0.6152,-9.8242,1.4209;
33,Sitting,61755828,0.5786,-9.7852,1.3550;
33,Sitting,61806828,0.5859,-9.7827,1.4893;
33,Sitting,61857828,0.5664,-9.8975,1.4136;
33,Sitting,61908828,0.6152,-9.8804,1.3330;
33,Sitting,61959828,0.6299,-9.7998,1.4258;
33,Sitting,62010828,0.5859,-9.8193,1.4355;
33,Sitting,62061828,0.6567,-9.8413,1.3477;
33,Sitting,62112828,0.6006,-9.8657,1.4551;
33,Sitting,62163828,0.6201,-9.8804,1.4380;
33,Sitting,62214828,0.5762,-9.7876,1.4380;
33,Sitting,62265828,0.6421,-9.8413,1.4453;
33,Sitting,62316828,0.6152,-9.8608,1.4551;
33,Sitting,62367828,0.5664,-9.8755,1.4087;
33,Sitting,62418828,0.5786,-9.7925,1.3599;
33,Sitting,62469828,0.5640,-9.8804,1.3696;
33,Sitting,62520828,0.5640,-9.9316,1.3892;
33,Sitting,62571828,0.5615,-9.8706,1.4038;
33,Sitting,62622828,0.6396,-9.8511,1.4380;
33,Sitting,62673828,0.6372,-9.8584,1.3574;
33,Sitting,62724828,0.5591,-9.8682,1.4014;
33,Sitting,62775828,0.5737,-9.9390,1.3477;
33,Sitting,62826828,0.6201,-9.8779,1.3965;
33,Sitting,62877828,0.6323,-9.8706,1.4331;
33,Sitting,62928828,0.6201,-9.8315,1.3745;
33,Sitting,62979828,0.6006,-9.8389,1.3354;
33,Sitting,63030828,0.5737,-9.8682,1.4185;
33,Sitting,63081828,0.5371,-9.8315,1.4673;
33,Sitting,63132828,0.5933,-9.8364,1.3550;
33,Sitting,63183828,0.5981,-9.8608,1.3428;
33,Sitting,63234828,0.5835,-9.8389,1.4014;
33,Sitting,63285828,0.6079,-9.9463,1.3379;
33,Sitting,63336828,0.5688,-9.8437,1.4136;
33,Sitting,63387828,0.6152,-9.8853,1.4185;
33,Sitting,63438828,0.5737,-9.8608,1.4600;
33,Sitting,63489828,0.6030,-9.8267,1.3550;
33,Sitting,63540828,0.6250,-9.8706,1.3721;
33,Sitting,63591828,0.6104,-9.8315,1.4063;
33,Sitting,63642828,0.5615,-9.9829,1.4063;
33,Sitting,63693828,0.5981,-9.8828,1.4063;
33,Sitting,63744828,0.6299,-9.8486,1.3428;
33,Sitting,63795828,0.5981,-9.8462,1.3403;
33,Sitting,63846828,0.6152,-9.8462,1.3818;
33,Sitting,63897828,0.5713,-9.8486,1.4429;
33,Sitting,63948828,0.6274,-9.7900,1.4941;
33,Sitting,63999828,0.6030,-9.8682,1.3232;
33,Sitting,64050828,0.5518,-9.8682,1.3696;
33,Sitting,64101828,0.5933,-9.8755,1.3501;
33,Sitting,64152828,0.5762,-9.8047,1.3647;
33,Sitting,64203828,0.5811,-9.8364,1.3940;
33,Sitting,64254828,0.5737,-9.8804,1.4478;
33,Sitting,64305828,0.6519,-9.8437,1.3818;
33,Sitting,64356828,0.5933,-9.7461,1.4795;
33,Sitting,64407828,0.6982,-9.8169,1.4380;
33,Sitting,64458828,0.6421,-9.8486,1.3745;
33,Sitting,64509826,0.6177,-9.8315,1.4209;
33,Sitting,64560828,0.6519,-9.8535,1.4526;
33,Sitting,64611828,0.6030,-9.8169,1.4038;
33,Sitting,64662828,0.5713,-9.7876,1.4429;
33,Sitting,64713828,0.5762,-9.8242,1.4331;
33,Sitting,64764828,0.5420,-9.8437,1.4844;
33,Sitting,64815828,0.5884,-9.8267,1.3916;
33,Sitting,64866828,0.5737,-9.8437,1.3330;
33,Sitting,64917828,0.6421,-9.8926,1.3794;
33,Sitting,64968828,0.5811,-9.8315,1.3623;
33,Sitting,65019828,0.5542,-9.8022,1.3843;
33,Sitting,65070828,0.5469,-9.8657,1.3818;
33,Sitting,65121828,0.5737,-9.8486,1.3623;
33,Sitting,65172828,0.5933,-9.8437,1.3916;
33,Sitting,65223828,0.6030,-9.8657,1.3623;
33,Sitting,65274828,0.5640,-9.9023,1.2744;
33,Sitting,65325828,0.5933,-9.8584,1.2720;
33,Sitting,65376828,0.6958,-9.8047,1.3721;
33,Sitting,65427828,0.6152,-9.8291,1.4160;
33,Sitting,65478828,0.5688,-9.8706,1.4038;
33,Sitting,65529828,0.5566,-9.8877,1.3818;
33,Sitting,65580828,0.6079,-9.8437,1.4258;
33,Sitting,65631828,0.6274,-9.8682,1.3965;
33,Sitting,65682828,0.6177,-9.9146,1.3965;
33,Sitting,65733828,0.5713,-9.8413,1.3770;
33,Sitting,65784828,0.5396,-9.8413,1.3794;
33,Sitting,65835828,0.5908,-9.8193,1.3745;
33,Sitting,65886828,0.6006,-9.8169,1.3989;
33,Sitting,65937828,0.6006,-9.8584,1.3965;
33,Sitting,65988828,0.6567,-9.9097,1.3818;
33,Sitting,66039828,0.6030,-9.8291,1.4209;
33,Sitting,66090828,0.5591,-9.8218,1.3770;
33,Sitting,66141828,0.6689,-9.8633,1.4941;
33,Sitting,66192828,0.6494,-9.8389,1.4185;
33,Sitting,66243828,0.5933,-9.8804,1.4160;
33,Sitting,66294828,0.6055,-9.8389,1.3843;
33,Sitting,66345828,0.5444,-9.8364,1.3794;
33,Sitting,66396828,0.6128,-9.7974,1.4404;
33,Sitting,66447828,0.5664,-9.8657,1.3745;
33,Sitting,66498828,0.6226,-9.8560,1.4404;
33,Sitting,66549828,0.6006,-9.9194,1.4209;
33,Sitting,66600828,0.6714,-9.8437,1.3159;
33,Sitting,66651828,0.6201,-9.8022,1.3965;
33,Sitting,66702828,0.5884,-9.8291,1.3843;
33,Sitting,66753828,0.5542,-9.8853,1.3623;
33,Sitting,66804828,0.6592,-9.8096,1.3477;
33,Sitting,66855828,0.5396,-9.8926,1.4160;
33,Sitting,66906828,0.5859,-9.8389,1.3892;
33,Sitting,66957828,0.5127,-9.9048,1.4063;
33,Sitting,67008828,0.5444,-9.8877,1.4941;
33,Sitting,67059828,0.5713,-9.8608,1.4160;
33,Sitting,67110828,0.6665,-9.8975,1.4063;
33,Sitting,67161828,0.6494,-9.7705,1.3525;
33,Sitting,67212828,0.6006,-9.8462,1.4063;
33,Sitting,67263828,0.6226,-9.8145,1.3965;
33,Sitting,67314828,0.6079,-9.8706,1.3599;
33,Sitting,67365828,0.6372,-9.8267,1.4063;
33,Sitting,67416828,0.5859,-9.8193,1.4185;
33,Sitting,67467828,0.5298,-9.8755,1.3818;
33,Sitting,67518828,0.6055,-9.9341,1.3818;
33,Sitting,67569828,0.5493,-9.8926,1.3965;
33,Sitting,67620828,0.6128,-9.7925,1.5283;
33,Sitting,67671828,0.6470,-9.9707,1.2744;
33,Sitting,67722831,0.5713,-9.9023,1.4185;
33,Sitting,67773828,0.5127,-9.7974,1.4038;
33,Sitting,67824828,0.5859,-9.7534,1.2939;
33,Sitting,67875828,0.4175,-9.9219,1.2817;
33,Sitting,67926828,0.3345,-9.8193,1.2817;
33,Sitting,67977828,0.2222,-9.8364,1.1621;
33,Sitting,68028828,0.0903,-9.8657,1.3428;
33,Sitting,68079828,0.2441,-9.8657,1.2500;
33,Sitting,68130828,0.2197,-9.9268,1.1841;
33,Sitting,68181828,0.2051,-9.6997,1.3843;
33,Sitting,68232828,0.3784,-9.7119,1.2134;
33,Sitting,68283828,0.3003,-9.9878,1.3452;
33,Sitting,68334828,0.4517,-9.7314,1.2939;
33,Sitting,68385828,0.4907,-9.8267,1.2476;
33,Sitting,68436828,0.4956,-9.7900,1.2646;
33,Sitting,68487828,0.3589,-9.9390,1.2720;
33,Sitting,68538828,0.3687,-9.7900,1.3135;
33,Sitting,68589828,0.3589,-9.8608,1.2354;
33,Sitting,68640828,0.4004,-9.8193,1.3257;
33,Sitting,68691828,0.3711,-9.9072,1.3086;
33,Sitting,68742828,0.3418,-9.8730,1.2500;
33,Sitting,68793828,0.3687,-9.7803,1.2305;
33,Sitting,68844828,0.3320,-9.8315,1.4111;
33,Sitting,68895828,0.3931,-9.7925,1.3330;
33,Sitting,68946828,0.3882,-9.8291,1.2036;
33,Sitting,68997828,0.3271,-9.8975,1.2695;
33,Sitting,69048828,0.3125,-9.9072,1.2939;
33,Sitting,69099828,0.3638,-9.8364,1.2573;
33,Sitting,69150828,0.4492,-9.8779,1.2207;
33,Sitting,69201828,0.4126,-9.8560,1.3062;
33,Sitting,69252828,0.3955,-9.7705,1.1963;
33,Sitting,69303828,0.4663,-9.9414,1.2695;
33,Sitting,69354828,0.4028,-9.8950,1.2622;
33,Sitting,69405828,0.4492,-9.8389,1.3330;
33,Sitting,69456828,0.3931,-9.8218,1.2988;
33,Sitting,69507828,0.3442,-9.8096,1.2817;
33,Sitting,69558828,0.3687,-9.9048,1.1768;
33,Sitting,69609828,0.3418,-9.7876,1.2036;
33,Sitting,69660828,0.3809,-9.8413,1.3501;
33,Sitting,69711828,0.4077,-9.8291,1.2549;
33,Sitting,69762828,0.3442,-9.8486,1.1963;
33,Sitting,69813828,0.3638,-9.8291,1.2280;
33,Sitting,69864828,0.3784,-9.8633,1.1670;
33,Sitting,69915828,0.4077,-9.8584,1.3110;
33,Sitting,69966828,0.3638,-9.8437,1.1963;
33,Sitting,70017828,0.3857,-9.8633,1.2476;
33,Sitting,70068828,0.3296,-9.8706,1.2720;
33,Sitting,70119828,0.3540,-9.8706,1.1890;
33,Sitting,70170828,0.2905,-9.8608,1.1987;
33,Sitting,70221828,0.3320,-9.8926,1.1938;
33,Sitting,70272828,0.3931,-9.8657,1.1792;