33,Sitting,10741227,2.1851,-9.5654,0.8374;
33,Sitting,10801836,2.1021,-9.6582,0.9253;
33,Sitting,10852848,2.1387,-9.5850,0.9155;
33,Sitting,10903823,2.1484,-9.6460,0.8057;
33,Sitting,10954822,2.1729,-9.5972,0.8447;
33,Sitting,11005822,2.1704,-9.6606,0.8911;
33,Sitting,11056822,2.1802,-9.6021,0.8594;
33,Sitting,11107822,2.1021,-9.5972,0.8936;
33,Sitting,11158822,2.0361,-9.6240,0.8374;
33,Sitting,11209822,2.0898,-9.6216,0.8496;
33,Sitting,11260822,2.1387,-9.6655,0.8545;
33,Sitting,11311822,2.1533,-9.6533,0.8472;
33,Sitting,11362822,2.1069,-9.6240,0.8447;
33,Sitting,11413822,2.1436,-9.6680,0.9155;
33,Sitting,11464822,2.0581,-9.6021,0.8643;
33,Sitting,11515822,2.0947,-9.6045,0.8423;
33,Sitting,11566822,2.1216,-9.6289,0.8154;
33,Sitting,11617822,2.1460,-9.6338,0.8789;
33,Sitting,11668822,2.1118,-9.6265,0.8447;
33,Sitting,11719822,2.1655,-9.6338,0.8545;
33,Sitting,11770822,2.2046,-9.6313,0.8179;
33,Sitting,11821822,2.1509,-9.6021,0.8130;
33,Sitting,11872822,2.1338,-9.6558,0.8276;
33,Sitting,11923822,2.1411,-9.6094,0.8374;
33,Sitting,11974822,2.1753,-9.5972,0.8862;
33,Sitting,12025822,2.0801,-9.6313,0.8691;
33,Sitting,12076822,2.1021,-9.6045,0.8740;
33,Sitting,12127822,2.1509,-9.5947,0.9033;
33,Sitting,12178822,2.1094,-9.6021,0.9082;
33,Sitting,12229822,2.1240,-9.6069,0.8447;
33,Sitting,12280822,2.0801,-9.6094,0.8032;
33,Sitting,12331822,2.0801,-9.6216,0.8105;
33,Sitting,12382822,2.0752,-9.9805,0.8594;
33,Sitting,12433822,2.0801,-9.4458,0.8862;
33,Sitting,12484822,2.1387,-9.8047,0.8203;
33,Sitting,12535822,2.1851,-9.6118,0.7788;
33,Sitting,12586822,2.1851,-9.5215,0.8057;
33,Sitting,12637822,2.2046,-9.5190,0.9180;
33,Sitting,12688822,2.2144,-9.5435,0.9277;
33,Sitting,12739822,2.1509,-9.6460,0.9180;
33,Sitting,12790822,2.0923,-9.6582,0.8301;
33,Sitting,12841822,2.1143,-9.6143,0.8472;
33,Sitting,12892822,2.1899,-9.5850,0.9155;
33,Sitting,12943822,2.1338,-9.5996,0.9204;
33,Sitting,12994822,2.0947,-9.7437,0.8594;
33,Sitting,13045822,2.0386,-9.7656,0.8374;
33,Sitting,13096822,2.1094,-9.6240,0.9790;
33,Sitting,13147822,2.1094,-9.6118,0.9326;
33,Sitting,13198822,2.1289,-9.6826,0.9546;
33,Sitting,13249822,2.1069,-9.5947,0.9839;
33,Sitting,13300822,2.1826,-9.6265,0.9473;
33,Sitting,13351822,2.1533,-9.6094,0.9644;
33,Sitting,13402822,2.1362,-9.6582,0.9375;
33,Sitting,13453823,2.1265,-9.5850,0.8716;
33,Sitting,13504822,2.1216,-9.6777,0.9131;
33,Sitting,13555822,2.1362,-9.5239,0.9448;
33,Sitting,13606822,2.3218,-9.5874,0.9351;
33,Sitting,13657822,2.1313,-9.7339,1.0181;
33,Sitting,13708822,2.0752,-9.7046,0.7275;
33,Sitting,13759822,2.1191,-9.5679,0.9424;
33,Sitting,13810822,2.2363,-9.7119,1.0474;
33,Sitting,13861822,2.2412,-9.6240,0.8789;
33,Sitting,13912822,2.2974,-9.5166,0.8252;
33,Sitting,13963822,2.3242,-9.5361,1.1621;
33,Sitting,14014822,2.4146,-9.4653,0.9937;
33,Sitting,14065822,2.3022,-9.5190,0.9521;
33,Sitting,14116822,2.3950,-9.5898,1.0962;
33,Sitting,14167822,2.3047,-9.6313,1.1011;
33,Sitting,14218822,2.2046,-9.6387,0.8423;
33,Sitting,14269822,2.2559,-9.6948,0.9961;
33,Sitting,14320822,2.2778,-9.5728,1.1304;
33,Sitting,14371822,2.3340,-9.6387,1.0596;
33,Sitting,14422822,2.3315,-9.5288,1.1475;
33,Sitting,14473822,2.4316,-9.5776,1.2524;
33,Sitting,14524822,2.5537,-9.4360,1.2109;
33,Sitting,14575822,2.5269,-9.5117,1.2500;
33,Sitting,14626822,2.5659,-9.4336,1.1133;
33,Sitting,14677822,2.4683,-9.5410,1.2256;
33,Sitting,14728822,2.4121,-9.6631,1.2695;
33,Sitting,14779822,2.4097,-9.6460,1.1401;
33,Sitting,14830822,2.4438,-9.5386,1.1182;
33,Sitting,14881822,2.4512,-9.5923,1.1914;
33,Sitting,14932822,2.5049,-9.6069,1.1621;
33,Sitting,14983822,2.4146,-9.5752,1.1914;
33,Sitting,15034822,2.3975,-9.5801,1.1621;
33,Sitting,15085822,2.4023,-9.6118,1.1182;
33,Sitting,15136822,2.3828,-9.5898,1.1450;
33,Sitting,15187822,2.3584,-9.6265,1.1694;
33,Sitting,15238822,2.4121,-9.5776,1.1987;
33,Sitting,15289822,2.4146,-9.5728,1.1938;
33,Sitting,15340822,2.4854,-9.4751,1.1353;
33,Sitting,15391822,2.4268,-9.7266,1.1279;
33,Sitting,15442822,2.4292,-9.5459,1.1670;
33,Sitting,15493822,2.3584,-9.6997,1.1475;
33,Sitting,15544822,2.3877,-9.5239,1.1328;
33,Sitting,15595822,2.4365,-9.5996,1.1597;
33,Sitting,15646822,2.4146,-9.6436,1.1328;
33,Sitting,15697822,2.4243,-9.5142,1.1328;
33,Sitting,15748822,2.4609,-9.5508,1.1353;
33,Sitting,15799822,2.3877,-9.6460,1.1060;
33,Sitting,15850822,2.3828,-9.5410,1.1011;
33,Sitting,15901822,2.3828,-9.6338,1.1279;
33,Sitting,15952822,2.3926,-9.5801,1.1499;
33,Sitting,16003822,2.4487,-9.5947,1.1206;
33,Sitting,16054822,2.3877,-9.5630,1.2451;
33,Sitting,16105822,2.4048,-9.6582,1.1646;
33,Sitting,16156822,2.3706,-9.5703,1.1279;
33,Sitting,16207822,2.4048,-9.6143,1.1426;
33,Sitting,16258822,2.4243,-9.5410,1.1426;
33,Sitting,16309822,2.3437,-9.6069,1.1719;
33,Sitting,16360822,2.4268,-9.6021,1.2646;
33,Sitting,16411822,2.3560,-9.5630,1.1548;
33,Sitting,16462822,2.4219,-9.6216,1.1938;
33,Sitting,16513822,2.4170,-9.5776,1.1572;
33,Sitting,16564822,2.4268,-9.6094,1.1792;
33,Sitting,16615822,2.4414,-9.5752,1.2256;
33,Sitting,16666822,2.3315,-9.5532,1.1719;
33,Sitting,16717822,2.3486,-9.6655,1.1426;
33,Sitting,16768822,2.4243,-9.6362,1.1572;
33,Sitting,16819822,2.3828,-9.6240,1.1865;
33,Sitting,16870822,2.3901,-9.5459,1.2280;
33,Sitting,16921822,2.3682,-9.6313,1.1157;
33,Sitting,16972822,2.4438,-9.4678,1.1499;
33,Sitting,17023822,2.4121,-9.5557,1.1426;
33,Sitting,17074822,2.4170,-9.5850,1.1206;
33,Sitting,17125822,2.3584,-9.6191,1.1060;
33,Sitting,17176822,2.3828,-9.6826,1.1377;
33,Sitting,17227822,2.3975,-9.6143,1.1401;
33,Sitting,17278822,2.3926,-9.5825,1.2402;
33,Sitting,17329822,2.4097,-9.6484,1.2427;
33,Sitting,17380822,2.4121,-9.5435,1.0962;
33,Sitting,17431822,2.4268,-9.5117,1.0913;
33,Sitting,17482822,2.3828,-9.4897,1.1646;
33,Sitting,17533822,2.3608,-9.5874,1.1035;
33,Sitting,17584822,2.3877,-9.6216,1.1255;
33,Sitting,17635822,2.3901,-9.6167,1.2036;
33,Sitting,17686822,2.4438,-9.6216,1.1182;
33,Sitting,17737822,2.3657,-9.5850,1.1328;
33,Sitting,17788822,2.4683,-9.6045,1.2280;
33,Sitting,17839822,2.3022,-9.5947,1.1353;
33,Sitting,17890822,2.4609,-9.5776,1.0840;
33,Sitting,17941822,2.3804,-9.5801,1.0913;
33,Sitting,17992822,2.4072,-9.5752,1.1499;
33,Sitting,18043822,2.4390,-9.5703,1.1719;
33,Sitting,18094822,2.3315,-9.5947,1.1548;
33,Sitting,18145822,2.3608,-9.6167,1.1523;
33,Sitting,18196822,2.3706,-9.5557,1.1279;
33,Sitting,18247822,2.4268,-9.6436,1.1548;
33,Sitting,18298822,2.4048,-9.5996,1.1523;
33,Sitting,18349822,2.4243,-9.5776,1.2036;
33,Sitting,18400822,2.4390,-9.5239,1.1646;
33,Sitting,18451822,2.4878,-9.5288,1.1963;
33,Sitting,18502822,2.3877,-9.5264,1.1328;
33,Sitting,18553822,2.3950,-9.5825,1.1304;
33,Sitting,18604822,2.3706,-9.6265,1.1646;
33,Sitting,18655822,2.4316,-9.5923,1.1987;
33,Sitting,18706822,2.5073,-9.5801,1.1646;
33,Sitting,18757822,2.4243,-9.5361,1.1304;
33,Sitting,18808822,2.4585,-9.5752,1.1548;
33,Sitting,18859822,2.4097,-9.5752,1.2061;
33,Sitting,18910822,2.3853,-9.5898,1.2158;
33,Sitting,18961822,2.3560,-9.6216,1.1865;
33,Sitting,19012822,2.4390,-9.5630,1.2109;
33,Sitting,19063822,2.4048,-9.5679,1.1865;
33,Sitting,19114822,2.4585,-9.6094,1.0669;
33,Sitting,19165822,2.4268,-9.5605,1.1084;
33,Sitting,19216822,2.3682,-9.5264,1.0815;
33,Sitting,19267822,2.3535,-9.6021,1.1621;
33,Sitting,19318822,2.3682,-9.5605,1.1060;
33,Sitting,19369822,2.3901,-9.5557,1.1548;
33,Sitting,19420822,2.4512,-9.5654,1.1401;
33,Sitting,19471822,2.4707,-9.5605,1.1475;
33,Sitting,19522822,2.4219,-9.5361,1.0986;
33,Sitting,19573822,2.3877,-9.5581,1.1157;
33,Sitting,19624822,2.3779,-9.5923,1.1646;
33,Sitting,19675822,2.3804,-9.5972,1.1377;
33,Sitting,19726822,2.4316,-9.6143,1.1304;
33,Sitting,19777822,2.4072,-9.4873,1.0889;
33,Sitting,19828822,2.3999,-9.5825,1.1963;
33,Sitting,19879822,2.4463,-9.5288,1.1816;
33,Sitting,19930822,2.3999,-9.5923,1.1206;
33,Sitting,19981822,2.3926,-9.5508,1.1743;
33,Sitting,20032822,2.3901,-9.5654,1.0669;
33,Sitting,20083822,2.3462,-9.5312,1.1450;
33,Sitting,20134822,2.3901,-9.5947,1.0840;
33,Sitting,20185822,2.3828,-9.5215,1.1011;
33,Sitting,20236822,2.3877,-9.6387,1.2183;
33,Sitting,20287822,2.4170,-9.6094,1.1865;
33,Sitting,20338822,2.3755,-9.5532,1.1719;
33,Sitting,20389822,2.3755,-9.5776,1.1426;
33,Sitting,20440822,2.3926,-9.5239,1.1816;
33,Sitting,20491822,2.4097,-9.5020,1.1475;
33,Sitting,20542822,2.4072,-9.6021,1.1841;
33,Sitting,20593822,2.3975,-9.6289,1.1597;
33,Sitting,20644822,2.3169,-9.6436,1.1133;
33,Sitting,20695822,2.4072,-9.5923,1.1401;
33,Sitting,20746822,2.4292,-9.5801,1.1694;
33,Sitting,20797822,2.3315,-9.6582,1.1353;
33,Sitting,20848822,2.3901,-9.5947,1.1719;
33,Sitting,20899822,2.3242,-9.5947,1.1743;
33,Sitting,20950822,2.4390,-9.5898,1.2061;
33,Sitting,21001822,2.4072,-9.5679,1.1572;
33,Sitting,21052822,2.3877,-9.5923,1.2231;
33,Sitting,21103822,2.4292,-9.5361,1.1084;
33,Sitting,21154822,2.4365,-9.6338,1.1108;
33,Sitting,21205822,2.4683,-9.5288,1.1377;
33,Sitting,21256822,2.4854,-9.5435,1.1377;
33,Sitting,21307822,2.3584,-9.5679,1.1572;
33,Sitting,21358822,2.4243,-9.5386,1.1206;
33,Sitting,21409822,2.4316,-9.7070,1.1353;
33,Sitting,21460822,2.3975,-9.5337,1.1621;
33,Sitting,21511822,2.4951,-9.5703,1.0815;
33,Sitting,21562822,2.5244,-9.5264,1.2036;
33,Sitting,21613822,2.5537,-9.4604,1.3721;
33,Sitting,21664822,2.4756,-9.5679,1.1426;
33,Sitting,21715822,2.4561,-9.6509,1.2085;
33,Sitting,21766822,2.4365,-9.5947,1.1450;
33,Sitting,21817822,2.4023,-9.4873,1.1353;
33,Sitting,21868822,2.3633,-9.5728,1.1157;
33,Sitting,21919822,2.3389,-9.5752,1.0938;
33,Sitting,21970822,2.3242,-9.5898,1.1353;
33,Sitting,22021822,2.3120,-9.5776,1.0620;
33,Sitting,22072822,2.3437,-9.5898,1.0059;
33,Sitting,22123822,2.3608,-9.5337,1.1060;
33,Sitting,22174822,2.3145,-9.5654,0.9766;
33,Sitting,22225822,2.3120,-9.5923,1.1133;
33,Sitting,22276822,2.3535,-9.6143,1.0229;
33,Sitting,22327822,2.3511,-9.6021,1.0303;
33,Sitting,22378822,2.3608,-9.5508,1.1035;
33,Sitting,22429822,2.3340,-9.6606,1.0620;
33,Sitting,22480822,2.2998,-9.5435,0.9546;
33,Sitting,22531822,2.3730,-9.6240,1.0278;
33,Sitting,22582822,2.3437,-9.5679,0.9814;
33,Sitting,22633822,2.3291,-9.5410,1.0815;
33,Sitting,22684822,2.3804,-9.6484,1.0498;
33,Sitting,22735822,2.3389,-9.5703,1.0303;
33,Sitting,22786822,2.3462,-9.5386,1.1206;
33,Sitting,22837822,2.3364,-9.5630,1.0083;
33,Sitting,22888822,2.3437,-9.6704,1.0571;
33,Sitting,22939822,2.3389,-9.5947,1.1206;
33,Sitting,22990822,2.3755,-9.6191,1.0840;
33,Sitting,23041822,2.3584,-9.5947,1.0693;
33,Sitting,23092822,2.3877,-9.6045,1.1353;
33,Sitting,23143822,2.4072,-9.6021,1.0376;
33,Sitting,23194822,2.3877,-9.5801,0.9497;
33,Sitting,23245822,2.3706,-9.5557,1.0278;
33,Sitting,23296822,2.4438,-9.5337,0.9937;
33,Sitting,23347822,2.4048,-9.5483,1.0400;
33,Sitting,23398822,2.3730,-9.5605,1.1450;
33,Sitting,23449822,2.3486,-9.5410,1.1621;
33,Sitting,23500822,2.3901,-9.5728,1.0522;
33,Sitting,23551822,2.3950,-9.5776,1.0864;
33,Sitting,23602822,2.4146,-9.5923,1.0840;
33,Sitting,23653822,2.3535,-9.5386,1.0352;
33,Sitting,23704822,2.3584,-9.5703,1.1230;
33,Sitting,23755822,2.3755,-9.6338,1.0840;
33,Sitting,23806822,2.3950,-9.5630,0.9985;
33,Sitting,23857822,2.3633,-9.5630,1.0400;
33,Sitting,23908822,2.4463,-9.5947,1.1963;
33,Sitting,23959822,2.3926,-9.6216,1.1108;
33,Sitting,24010822,2.3877,-9.5923,1.0718;
33,Sitting,24061822,2.3682,-9.6509,1.0815;
33,Sitting,24112822,2.4390,-9.5923,1.0278;
33,Sitting,24163822,2.4146,-9.5581,0.9937;
33,Sitting,24214822,2.3975,-9.5386,1.1694;
33,Sitting,24265822,2.4243,-9.5386,1.0522;
33,Sitting,24316822,2.4146,-9.5605,1.0571;
33,Sitting,24367822,2.3657,-9.5874,0.9790;
33,Sitting,24418822,2.4219,-9.6021,1.0889;
33,Sitting,24469822,2.4219,-9.6021,1.0693;
33,Sitting,24520822,2.3242,-9.5117,1.0815;
33,Sitting,24571822,2.3901,-9.5898,1.1035;
33,Sitting,24622822,2.4170,-9.5288,1.0474;
33,Sitting,24673822,2.3926,-9.6167,1.0742;
33,Sitting,24724822,2.3877,-9.5337,1.0840;
33,Sitting,24775822,2.4292,-9.6069,1.0840;
33,Sitting,24826822,2.4316,-9.5337,1.1646;
33,Sitting,24877822,2.4243,-9.5801,1.1890;
33,Sitting,24928822,2.4512,-9.6069,1.0376;
33,Sitting,24979822,2.3486,-9.6216,1.0718;
33,Sitting,25030822,2.4072,-9.5508,1.0864;
33,Sitting,25081822,2.4219,-9.5483,1.1914;
33,Sitting,25132822,2.4316,-9.5557,1.1328;
33,Sitting,25183822,2.3779,-9.5947,1.1108;
33,Sitting,25234822,2.3730,-9.5581,1.0767;
33,Sitting,25285822,2.4463,-9.5557,1.0596;
33,Sitting,25336822,2.3926,-9.5801,1.0962;
33,Sitting,25387822,2.4023,-9.5776,1.0645;
33,Sitting,25438822,2.3437,-9.5630,1.0840;
33,Sitting,25489822,2.3999,-9.6313,1.1157;
33,Sitting,25540822,2.3340,-9.6118,1.1011;
33,Sitting,25591822,2.3291,-9.5093,1.1279;
33,Sitting,25642822,2.4414,-9.5483,1.0352;
33,Sitting,25693822,2.3633,-9.5483,1.1719;
33,Sitting,25744822,2.3999,-9.5337,1.0571;
33,Sitting,25795822,2.4316,-9.5776,1.0547;
33,Sitting,25846822,2.4463,-9.6167,1.0400;
33,Sitting,25897822,2.3413,-9.5825,1.1206;
33,Sitting,25948822,2.3975,-9.6021,1.0352;
33,Sitting,25999822,2.3657,-9.5898,1.0986;
33,Sitting,26050822,2.3560,-9.5508,1.0107;
33,Sitting,26101822,2.3926,-9.6851,1.0400;
33,Sitting,26152822,2.3950,-9.5630,1.0571;
33,Sitting,26203822,2.4048,-9.5166,1.0327;
33,Sitting,26254822,2.4658,-9.6216,1.1475;
33,Sitting,26305822,2.4097,-9.5459,1.1108;
33,Sitting,26356822,2.4072,-9.5361,1.1011;
33,Sitting,26407822,2.4438,-9.5630,1.0547;
33,Sitting,26458822,2.3706,-9.5581,1.1060;
33,Sitting,26509822,2.3706,-9.5752,1.0449;
33,Sitting,26560822,2.4170,-9.6191,1.1084;
33,Sitting,26611822,2.4292,-9.6118,0.9717;
33,Sitting,26662822,2.4170,-9.6094,1.0132;
33,Sitting,26713822,2.3657,-9.5068,1.1328;
33,Sitting,26764822,2.4146,-9.5239,1.0815;
33,Sitting,26815822,2.4097,-9.5874,1.0767;
33,Sitting,26866822,2.4707,-9.5361,1.0767;
33,Sitting,26917822,2.4219,-9.5630,1.0425;
33,Sitting,26968822,2.4170,-9.5508,1.1792;
33,Sitting,27019822,2.4146,-9.5361,1.0352;
33,Sitting,27070822,2.3706,-9.5557,1.0693;
33,Sitting,27121822,2.4731,-9.5483,1.1401;
33,Sitting,27172822,2.4170,-9.6045,1.1011;
33,Sitting,27223822,2.4561,-9.4751,1.1255;
33,Sitting,27274822,2.4048,-9.6069,1.0010;
33,Sitting,27325822,2.3804,-9.5557,1.0010;
33,Sitting,27376822,2.4219,-9.6362,0.9985;
33,Sitting,27427822,2.3657,-9.5898,1.0547;
33,Sitting,27478822,2.4023,-9.5557,1.0693;
33,Sitting,27529822,2.4658,-9.5728,1.1206;
33,Sitting,27580822,2.4487,-9.5068,1.0840;
33,Sitting,27631822,2.3608,-9.5386,1.1938;
33,Sitting,27682822,2.4023,-9.5923,1.0718;
33,Sitting,27733822,2.4219,-9.6289,1.0034;
33,Sitting,27784822,2.3706,-9.5923,1.0156;
33,Sitting,27835822,2.5073,-9.6289,0.9985;
33,Sitting,27886822,2.4878,-9.4629,1.1401;
33,Sitting,27937822,2.4731,-9.5239,1.1108;
33,Sitting,27988822,2.4561,-9.5483,1.0889;
33,Sitting,28039822,2.3950,-9.5435,1.0767;
33,Sitting,28090822,2.4878,-9.5557,1.0767;
33,Sitting,28141822,2.4756,-9.5020,1.0840;
33,Sitting,28192822,2.5122,-9.5996,1.0620;
33,Sitting,28243822,2.4951,-9.5825,1.0400;
33,Sitting,28294822,2.4463,-9.5996,1.0449;
33,Sitting,28345822,2.4658,-9.5361,1.1841;
33,Sitting,28396822,2.3877,-9.6118,1.0840;
33,Sitting,28447822,2.4805,-9.5801,1.0352;
33,Sitting,28498822,2.4634,-9.5874,1.1279;
33,Sitting,28549822,2.4536,-9.6094,1.0425;
33,Sitting,28600822,2.3901,-9.5459,1.1353;
33,Sitting,28651822,2.3853,-9.5679,1.0889;
33,Sitting,28702822,2.4121,-9.5581,0.9985;
33,Sitting,28753822,2.3779,-9.6509,1.1084;
33,Sitting,28804822,2.3437,-9.6045,1.0840;
33,Sitting,28855822,2.4292,-9.5947,1.0132;
33,Sitting,28906822,2.3706,-9.5947,1.0913;
33,Sitting,28957822,2.4463,-9.5068,1.0864;
33,Sitting,29008822,2.3730,-9.5947,1.0791;
33,Sitting,29059822,2.3682,-9.6240,1.1084;
33,Sitting,29110822,2.4243,-9.5752,1.0742;
33,Sitting,29161822,2.3877,-9.6167,1.0254;
33,Sitting,29212822,2.4512,-9.5044,1.0474;
33,Sitting,29263822,2.3828,-9.5850,0.9937;
33,Sitting,29314822,2.3291,-9.6045,1.0474;
33,Sitting,29365822,2.3730,-9.6558,0.9131;
33,Sitting,29416822,2.2998,-9.6021,0.9766;
33,Sitting,29467822,2.3486,-9.6216,1.0327;
33,Sitting,29518822,2.3340,-9.5508,1.0205;
33,Sitting,29569822,2.3755,-9.5532,1.0278;
33,Sitting,29620822,2.3145,-9.5923,0.9717;
33,Sitting,29671822,2.3755,-9.5728,0.9619;
33,Sitting,29722822,2.4023,-9.6240,1.0400;
33,Sitting,29773822,2.3413,-9.5508,0.9424;
33,Sitting,29824822,2.3535,-9.6387,0.9521;
33,Sitting,29875822,2.3364,-9.5850,1.0181;
33,Sitting,29926822,2.3437,-9.5386,1.0034;
33,Sitting,29977822,2.3242,-9.6509,1.0181;
33,Sitting,30028822,2.3047,-9.6460,0.9595;
33,Sitting,30079822,2.3096,-9.5947,0.9155;
33,Sitting,30130822,2.4048,-9.6802,0.9619;
33,Sitting,30181822,2.3437,-9.4653,1.0156;
33,Sitting,30232822,2.2974,-9.5361,0.9546;
33,Sitting,30283822,2.3267,-9.7827,0.9497;
33,Sitting,30334822,2.2925,-9.5728,1.0059;
33,Sitting,30385822,2.2705,-9.3872,1.0254;
33,Sitting,30436822,2.3145,-9.7144,1.0327;
33,Sitting,30487822,2.3755,-9.6289,1.0693;
33,Sitting,30538822,2.3096,-9.5044,1.0083;
33,Sitting,30589822,2.3364,-9.5288,1.0400;
33,Sitting,30640822,2.3022,-9.6606,1.0498;
33,Sitting,30691822,2.3315,-9.6436,1.0742;
33,Sitting,30742822,2.3096,-9.6313,1.0278;
33,Sitting,30793822,2.2729,-9.6069,1.0938;
33,Sitting,30844822,2.1802,-9.5752,1.1816;
33,Sitting,30895822,2.3071,-9.6606,1.1938;
33,Sitting,30946822,2.3706,-9.6289,1.1499;
33,Sitting,30997822,2.2974,-9.5142,1.2183;
33,Sitting,31048822,2.2534,-9.4214,1.1670;
33,Sitting,31099822,2.2290,-9.7559,1.1426;
33,Sitting,31150822,2.2559,-9.6973,1.0547;
33,Sitting,31201822,2.3120,-9.5605,1.1499;
33,Sitting,31252822,2.3560,-9.5532,1.1572;
33,Sitting,31303822,2.3560,-9.6265,1.1523;
33,Sitting,31354822,2.4341,-9.4946,1.1450;
33,Sitting,31405822,2.4268,-9.5801,1.2378;
33,Sitting,31456822,2.3779,-9.5776,1.0669;
33,Sitting,31507822,2.2461,-9.6655,1.0303;
33,Sitting,31558822,2.3853,-9.6753,1.0669;
33,Sitting,31609822,2.4097,-9.5679,1.0645;
33,Sitting,31660822,2.4341,-9.4922,1.1353;
33,Sitting,31711822,2.4194,-9.5215,1.1768;
33,Sitting,31762822,2.3682,-9.5288,1.1621;
33,Sitting,31813822,2.3682,-9.6655,1.1621;
33,Sitting,31864822,2.4292,-9.5654,1.1108;
33,Sitting,31915822,2.3999,-9.5361,1.1426;
33,Sitting,31966822,2.3682,-9.5874,1.1255;
33,Sitting,32017822,2.4146,-9.5947,1.1694;
33,Sitting,32068822,2.3926,-9.5581,1.1548;
33,Sitting,32119822,2.3950,-9.5679,1.1328;
33,Sitting,32170832,2.3682,-9.5898,1.0986;
33,Sitting,32221822,2.3462,-9.6631,1.0938;
33,Sitting,32272822,2.3975,-9.5825,1.1841;
33,Sitting,32323822,2.3755,-9.5874,1.1475;
33,Sitting,32374822,2.4316,-9.5557,1.1572;
33,Sitting,32425822,2.3926,-9.5703,1.1475;
33,Sitting,32476822,2.3535,-9.6118,1.0669;
33,Sitting,32527822,2.3535,-9.6167,1.1426;
33,Sitting,32578822,2.4048,-9.5996,1.1743;
33,Sitting,32629822,2.3584,-9.5996,1.0986;
33,Sitting,32680822,2.4097,-9.5972,1.1279;
33,Sitting,32731822,2.3169,-9.5801,1.1572;
33,Sitting,32782822,2.3315,-9.5801,1.1426;
33,Sitting,32833822,2.3340,-9.5679,1.1328;
33,Sitting,32884822,2.3804,-9.6582,1.1353;
33,Sitting,32935822,2.3291,-9.6484,1.1401;
33,Sitting,32986822,2.3706,-9.6387,1.1572;
33,Sitting,33037822,2.3975,-9.5581,1.1450;
33,Sitting,33088822,2.4170,-9.5532,1.1206;
33,Sitting,33139822,2.3511,-9.6118,1.0962;
33,Sitting,33190822,2.4316,-9.7070,1.1621;
33,Sitting,33241822,2.4170,-9.5581,1.0986;
33,Sitting,33292822,2.2974,-9.6997,1.1890;
33,Sitting,33343822,2.3096,-9.6191,1.0767;
33,Sitting,33394822,2.3828,-9.5972,1.0986;
33,Sitting,33445822,2.3657,-9.5654,1.0596;
33,Sitting,33496822,2.3657,-9.5630,1.0596;
33,Sitting,33547822,2.4707,-9.5093,1.1035;
33,Sitting,33598822,2.4561,-9.5508,1.1426;
33,Sitting,33649822,2.3071,-9.5825,1.0986;
33,Sitting,33700822,2.3169,-9.5752,1.0742;
33,Sitting,33751822,2.3633,-9.5898,1.1938;
33,Sitting,33802822,2.3853,-9.5898,1.1987;
33,Sitting,33853822,2.3169,-9.5679,1.1133;
33,Sitting,33904822,2.3584,-9.5825,1.1328;
33,Sitting,33955822,2.3657,-9.6313,1.1523;
33,Sitting,34006822,2.4390,-9.5435,1.1792;
33,Sitting,34057822,2.3242,-9.5850,1.1987;
33,Sitting,34108822,2.3120,-9.5581,1.1133;
33,Sitting,34159822,2.3682,-9.6313,1.2305;
33,Sitting,34210822,2.3169,-9.5605,1.1987;
33,Sitting,34261822,2.3682,-9.5850,1.2378;
33,Sitting,34312822,2.3853,-9.5581,1.1206;
33,Sitting,34363822,2.3657,-9.5972,1.1523;
33,Sitting,34414822,2.3779,-9.6240,1.0889;
33,Sitting,34465822,2.3975,-9.5679,1.0522;
33,Sitting,34516822,2.3462,-9.5703,1.1646;
33,Sitting,34567822,2.4292,-9.6045,1.1230;
33,Sitting,34618822,2.3413,-9.6313,1.0889;
33,Sitting,34669822,2.3584,-9.5190,1.1206;
33,Sitting,34720822,2.3926,-9.6606,1.1841;
33,Sitting,34771822,2.3340,-9.6533,1.2207;
33,Sitting,34822822,2.4048,-9.5142,1.1426;
33,Sitting,34873822,2.3291,-9.5728,1.1353;
33,Sitting,34924822,2.3169,-9.5508,1.1157;
33,Sitting,34975822,2.4219,-9.6484,1.1768;
33,Sitting,35026822,2.4023,-9.5361,1.1499;
33,Sitting,35077822,2.3877,-9.6021,1.2695;
33,Sitting,35128822,2.3364,-9.6216,1.1841;
33,Sitting,35179822,2.3486,-9.6069,1.1401;
33,Sitting,35230822,2.3828,-9.5679,1.1401;
33,Sitting,35281822,2.3584,-9.5850,1.1353;
33,Sitting,35332822,2.3047,-9.6387,1.1621;
33,Sitting,35383822,2.3047,-9.5703,1.1621;
33,Sitting,35434822,2.3462,-9.5581,1.1426;
33,Sitting,35485822,2.4292,-9.5190,1.1768;
33,Sitting,35536822,2.3267,-9.6094,1.1792;
33,Sitting,35587822,2.3218,-9.5825,1.1646;
33,Sitting,35638822,2.3462,-9.5508,1.0962;
33,Sitting,35689822,2.2803,-9.6118,1.1060;
33,Sitting,35740822,2.3877,-9.5654,1.2012;
33,Sitting,35791822,2.3242,-9.5825,1.0913;
33,Sitting,35842822,2.3755,-9.6118,1.1670;
33,Sitting,35893822,2.2705,-9.5337,1.1230;
33,Sitting,35944822,2.3804,-9.5605,1.1133;
33,Sitting,35995822,2.4390,-9.5630,1.1499;
33,Sitting,36046822,2.4146,-9.6289,1.1475;
33,Sitting,36097822,2.3291,-9.5557,1.1401;
33,Sitting,36148822,2.3413,-9.6143,1.1426;
33,Sitting,36199822,2.3657,-9.5850,1.1157;
33,Sitting,36250822,2.3730,-9.5630,1.1670;
33,Sitting,36301822,2.3120,-9.6143,1.1914;
33,Sitting,36352822,2.3364,-9.5947,1.1841;
33,Sitting,36403822,2.3853,-9.5996,1.1890;
33,Sitting,36454822,2.3218,-9.5630,1.1279;
33,Sitting,36505822,2.3047,-9.5947,1.1255;
33,Sitting,36556822,2.3413,-9.6045,1.1304;
33,Sitting,36607822,2.3340,-9.5532,1.1255;
33,Sitting,36658822,2.3389,-9.5459,1.1523;
33,Sitting,36709822,2.3486,-9.5312,1.1523;
33,Sitting,36760822,2.3413,-9.6167,1.2231;
33,Sitting,36811822,2.3486,-9.5581,1.2329;
33,Sitting,36862822,2.3535,-9.6216,1.1304;
33,Sitting,36913822,2.3315,-9.5996,1.0815;
33,Sitting,36964822,2.3169,-9.5850,1.0620;
33,Sitting,37015822,2.3389,-9.6216,1.1475;
33,Sitting,37066822,2.3682,-9.5923,1.1963;
33,Sitting,37117822,2.3193,-9.6899,1.1548;
33,Sitting,37168822,2.3267,-9.6777,1.1328;
33,Sitting,37219822,2.3608,-9.6265,1.2427;
33,Sitting,37270822,2.3437,-9.6069,1.2842;
33,Sitting,37321822,2.3242,-9.5508,1.1133;
33,Sitting,37372822,2.3730,-9.5850,1.1279;
33,Sitting,37423822,2.3999,-9.5215,1.1987;
33,Sitting,37474822,2.3584,-9.5923,1.1914;
33,Sitting,37525822,2.2925,-9.6338,1.1719;
33,Sitting,37576822,2.3853,-9.6045,1.1182;
33,Sitting,37627822,2.3340,-9.5142,1.2061;
33,Sitting,37678822,2.3657,-9.5923,1.1792;
33,Sitting,37729822,2.3218,-9.5996,1.1084;
33,Sitting,37780822,2.3633,-9.5703,1.1011;
33,Sitting,37831822,2.3975,-9.6313,1.2207;
33,Sitting,37882822,2.3633,-9.5898,1.1182;
33,Sitting,37933822,2.2949,-9.6313,1.1475;
33,Sitting,37984822,2.2827,-9.6606,1.1646;
33,Sitting,38035822,2.3047,-9.5410,1.1719;
33,Sitting,38086822,2.3315,-9.6167,1.2012;
33,Sitting,38137822,2.3071,-9.5923,1.1597;
33,Sitting,38188822,2.3291,-9.5581,1.0938;
33,Sitting,38239822,2.3804,-9.5044,1.2061;
33,Sitting,38290822,2.4316,-9.5801,1.1060;
33,Sitting,38341822,2.4072,-9.5850,1.1060;
33,Sitting,38392822,2.3877,-9.5825,1.0864;
33,Sitting,38443822,2.4121,-9.5361,1.1328;
33,Sitting,38494822,2.3608,-9.5654,1.2012;
33,Sitting,38545822,2.3389,-9.6021,1.2183;
33,Sitting,38596822,2.3804,-9.6387,1.1646;
33,Sitting,38647822,2.3560,-9.6069,1.2158;
33,Sitting,38698822,2.3706,-9.5410,1.1523;
33,Sitting,38749822,2.3389,-9.5557,1.1401;
33,Sitting,38800822,2.3437,-9.6167,1.1426;
33,Sitting,38851822,2.3828,-9.5508,1.1865;
33,Sitting,38902822,2.3828,-9.6191,1.1646;
33,Sitting,38953822,2.4316,-9.5850,1.1011;
33,Sitting,39004822,2.3706,-9.6021,1.1548;
33,Sitting,39055822,2.3901,-9.6387,1.2109;
33,Sitting,39106822,2.3169,-9.5215,1.1548;
33,Sitting,39157822,2.3877,-9.6924,1.1938;
33,Sitting,39208822,2.3437,-9.6265,1.2158;
33,Sitting,39259822,2.3926,-9.5654,1.1621;
33,Sitting,39310822,2.3364,-9.5361,1.1133;
33,Sitting,39361822,2.4023,-9.5703,1.1743;
33,Sitting,39412822,2.3584,-9.5630,1.1914;
33,Sitting,39463822,2.3022,-9.6265,1.1841;
33,Sitting,39514822,2.2437,-9.6143,1.1133;
33,Sitting,39565822,2.3218,-9.6021,1.1328;
33,Sitting,39616822,2.3975,-9.5459,1.1890;
33,Sitting,39667822,2.3462,-9.5264,1.1963;
33,Sitting,39718822,2.2900,-9.5850,1.0864;
33,Sitting,39769822,2.3145,-9.5776,1.1255;
33,Sitting,39820822,2.3584,-9.6558,1.0938;
33,Sitting,39871822,2.3755,-9.5483,1.1450;
33,Sitting,39922822,2.3755,-9.6094,1.1182;
33,Sitting,39973822,2.3999,-9.6558,1.1768;
33,Sitting,40024822,2.3755,-9.5776,1.1108;
33,Sitting,40075822,2.4243,-9.5801,1.0840;
33,Sitting,40126822,2.4146,-9.5459,1.1890;
33,Sitting,40177822,2.3633,-9.6680,1.2378;
33,Sitting,40228822,2.3682,-9.5361,1.1597;
33,Sitting,40279822,2.3437,-9.6606,1.1035;
33,Sitting,40330822,2.3804,-9.6118,1.1011;
33,Sitting,40381822,2.4023,-9.5947,1.1011;
33,Sitting,40432822,2.2852,-9.6069,1.1816;
33,Sitting,40483822,2.4194,-9.6069,1.1963;
33,Sitting,40534822,2.3535,-9.5996,1.1426;
33,Sitting,40585822,2.3730,-9.6338,1.2427;
33,Sitting,40636822,2.3926,-9.5996,1.2842;
33,Sitting,40687822,2.3657,-9.5776,1.1914;
33,Sitting,40738822,2.4121,-9.5483,1.1328;
33,Sitting,40789822,2.4512,-9.5850,1.1353;
33,Sitting,40840822,2.4683,-9.5190,1.1523;
33,Sitting,40891822,2.4487,-9.4971,1.2305;
33,Sitting,40942822,2.4463,-9.6460,1.2183;
33,Sitting,40993822,2.3267,-9.5947,1.0718;
33,Sitting,41044822,2.3755,-9.6045,1.1475;
33,Sitting,41095822,2.3511,-9.6069,1.1865;
33,Sitting,41146822,2.3584,-9.7119,1.1304;
33,Sitting,41197822,2.3804,-9.5801,1.1401;
33,Sitting,41248822,2.3804,-9.6045,1.2109;
33,Sitting,41299822,2.3608,-9.5898,1.1475;
33,Sitting,41350822,2.3999,-9.5679,1.1719;
33,Sitting,41401822,2.5024,-9.6094,1.1768;
33,Sitting,41452822,2.3999,-9.5630,1.2402;
33,Sitting,41503822,2.4292,-9.5581,1.1694;
33,Sitting,41554822,2.3291,-9.5947,1.1914;
33,Sitting,41605822,2.4292,-9.6313,1.1108;
33,Sitting,41656822,2.3511,-9.6021,1.1792;
33,Sitting,41707822,2.3535,-9.6094,1.1548;
33,Sitting,41758822,2.3608,-9.6338,1.1133;
33,Sitting,41809822,2.3389,-9.5752,1.1865;
33,Sitting,41860822,2.3901,-9.6362,1.1768;
33,Sitting,41911822,2.3608,-9.5312,1.0791;
33,Sitting,41962822,2.4023,-9.5581,1.1523;
33,Sitting,42013822,2.3682,-9.5825,1.1963;
33,Sitting,42064822,2.3511,-9.6021,1.2183;
33,Sitting,42115822,2.3364,-9.6069,1.1182;
33,Sitting,42166822,2.3291,-9.6216,1.2280;
33,Sitting,42217822,2.3364,-9.6167,1.1060;
33,Sitting,42268822,2.3706,-9.5752,1.1426;
33,Sitting,42319822,2.3828,-9.6265,1.1890;
33,Sitting,42370822,2.4072,-9.5898,1.1426;
33,Sitting,42421822,2.3950,-9.5996,1.0986;
33,Sitting,42472822,2.3682,-9.5947,1.1572;
33,Sitting,42523822,2.3291,-9.5825,1.1475;
33,Sitting,42574822,2.4365,-9.5093,1.1377;
33,Sitting,42625822,2.3828,-9.6143,1.2012;
33,Sitting,42676822,2.4072,-9.5874,1.1206;
33,Sitting,42727822,2.4292,-9.5703,1.1523;
33,Sitting,42778822,2.4365,-9.5239,1.1475;
33,Sitting,42829822,2.4048,-9.6021,1.1890;
33,Sitting,42880822,2.3364,-9.5776,1.1719;
33,Sitting,42931822,2.3462,-9.6045,1.2085;
33,Sitting,42982822,2.3218,-9.6362,1.1353;
33,Sitting,43033822,2.3218,-9.6484,1.2402;
33,Sitting,43084822,2.3926,-9.6045,1.1914;
33,Sitting,43135822,2.3096,-9.6362,1.1963;
33,Sitting,43186822,2.3999,-9.5776,1.1548;
33,Sitting,43237822,2.4146,-9.5142,1.1304;
33,Sitting,43288822,2.3584,-9.5654,1.1938;
33,Sitting,43339822,2.3730,-9.6387,1.1572;
33,Sitting,43390822,2.3511,-9.5947,1.2134;
33,Sitting,43441822,2.3511,-9.5850,1.1816;
33,Sitting,43492822,2.3926,-9.6387,1.1768;
33,Sitting,43543822,2.4292,-9.6411,1.1597;
33,Sitting,43594822,2.3682,-9.5752,1.1426;
33,Sitting,43645822,2.3511,-9.6094,1.1133;
33,Sitting,43696822,2.3730,-9.5605,1.1646;
33,Sitting,43747822,2.4023,-9.5801,1.1890;
33,Sitting,43798822,2.3291,-9.6167,1.1450;
33,Sitting,43849822,2.4048,-9.5093,1.1548;
33,Sitting,43900822,2.3828,-9.6118,1.1768;
33,Sitting,43951822,2.3828,-9.6118,1.1304;
33,Sitting,44002822,2.3242,-9.6313,1.1206;
33,Sitting,44053822,2.3364,-9.6484,1.2085;
33,Sitting,44104822,2.3535,-9.5435,1.1206;
33,Sitting,44155822,2.4048,-9.5850,1.1694;
33,Sitting,44206822,2.3853,-9.5972,1.1377;
33,Sitting,44257822,2.4048,-9.6191,1.1646;
33,Sitting,44308822,2.3657,-9.5312,1.1646;
33,Sitting,44359822,2.3511,-9.6387,1.0522;
33,Sitting,44410822,2.3682,-9.6606,1.1108;
33,Sitting,44461822,2.3462,-9.6167,1.1353;
33,Sitting,44512822,2.2852,-9.6167,1.2085;
33,Sitting,44563822,2.3877,-9.5044,1.1597;
33,Sitting,44614822,2.4072,-9.5142,1.1084;
33,Sitting,44665822,2.3950,-9.5728,1.0986;
33,Sitting,44716822,2.3633,-9.5459,1.1206;
33,Sitting,44767822,2.3145,-9.5898,1.1743;
33,Sitting,44818822,2.4707,-9.6533,1.1914;
33,Sitting,44869822,2.3462,-9.5288,1.1597;
33,Sitting,44920822,2.3389,-9.6167,1.1401;
33,Sitting,44971822,2.3901,-9.6533,1.2305;
33,Sitting,45022822,2.4097,-9.5581,1.1963;
33,Sitting,45073822,2.3315,-9.5850,1.1865;
33,Sitting,45124822,2.3608,-9.6655,1.2476;
33,Sitting,45175822,2.4146,-9.6606,1.1694;
33,Sitting,45226822,2.3511,-9.4971,1.1841;
33,Sitting,45277822,2.3804,-9.5361,1.2085;
33,Sitting,45328822,2.4146,-9.5850,1.2109;
33,Sitting,45379822,2.3462,-9.5483,1.2500;
33,Sitting,45430822,2.3804,-9.6362,1.1572;
33,Sitting,45481822,2.3657,-9.5508,1.1450;
33,Sitting,45532822,2.3096,-9.5752,1.1987;
33,Sitting,45583822,2.3511,-9.5972,1.1987;
33,Sitting,45634822,2.3096,-9.6509,1.1377;
33,Sitting,45685822,2.3584,-9.6240,1.1401;
33,Sitting,45736822,2.3975,-9.5142,1.0913;
33,Sitting,45787822,2.4316,-9.5312,1.2036;
33,Sitting,45838822,2.3242,-9.6118,1.1792;
33,Sitting,45889822,2.3340,-9.6460,1.0864;
33,Sitting,45940822,2.3267,-9.5923,1.1646;
33,Sitting,45991822,2.3682,-9.6021,1.1670;
33,Sitting,46042822,2.3779,-9.6484,1.1646;
33,Sitting,46093822,2.3560,-9.6069,1.1597;
33,Sitting,46144822,2.3218,-9.6265,1.1499;
33,Sitting,46195822,2.3828,-9.5483,1.0229;
33,Sitting,46246822,2.3804,-9.5508,1.1377;
33,Sitting,46297822,2.3437,-9.6069,1.1841;
33,Sitting,46348822,2.3218,-9.5508,1.1523;
33,Sitting,46399822,2.3315,-9.6411,1.1523;
33,Sitting,46450822,2.3291,-9.5972,1.1230;
33,Sitting,46501822,2.3706,-9.5581,1.1694;
33,Sitting,46552822,2.4097,-9.6069,1.2061;
33,Sitting,46603822,2.3462,-9.5703,1.1060;
33,Sitting,46654822,2.3291,-9.5557,1.1450;
33,Sitting,46705822,2.3389,-9.5776,1.1230;
33,Sitting,46756822,2.3096,-9.5532,1.2549;
33,Sitting,46807822,2.2949,-9.6729,1.2305;
33,Sitting,46858822,2.3218,-9.6460,1.1816;
33,Sitting,46909822,2.2827,-9.6094,1.2061;
33,Sitting,46960822,2.2925,-9.5044,1.2500;
33,Sitting,47011822,2.3828,-9.6460,1.1914;
33,Sitting,47062822,2.3901,-9.5459,1.1670;
33,Sitting,47113822,2.3657,-9.5679,1.2036;
33,Sitting,47164822,2.3804,-9.5996,1.2549;
33,Sitting,47215822,2.3071,-9.6924,1.2134;
33,Sitting,47266822,2.3901,-9.6265,1.1353;
33,Sitting,47317822,2.4268,-9.5093,1.2695;
33,Sitting,47368822,2.4219,-9.6313,1.2012;
33,Sitting,47419822,2.3267,-9.5801,1.1890;
33,Sitting,47470822,2.4316,-9.5776,1.1157;
33,Sitting,47521822,2.3730,-9.5898,1.1768;
33,Sitting,47572822,2.3193,-9.6509,1.1938;
33,Sitting,47623822,2.2876,-9.6631,1.1499;
33,Sitting,47674822,2.3486,-9.5508,1.1523;
33,Sitting,47725822,2.4243,-9.6216,1.2573;
33,Sitting,47776822,2.3218,-9.5410,1.0938;
33,Sitting,47827822,2.3169,-9.6021,1.2573;
33,Sitting,47878822,2.3779,-9.5874,1.2866;
33,Sitting,47929822,2.3364,-9.5239,1.1401;
33,Sitting,47980822,2.3608,-9.5264,1.2061;
33,Sitting,48031822,2.3877,-9.6875,1.1548;
33,Sitting,48082822,2.3779,-9.5630,1.1572;
33,Sitting,48133822,2.3511,-9.6460,1.2207;
33,Sitting,48184822,2.4097,-9.5459,1.1328;
33,Sitting,48235822,2.4219,-9.5483,1.1377;
33,Sitting,48286822,2.4097,-9.5898,1.1279;
33,Sitting,48337822,2.3828,-9.6484,1.0278;
33,Sitting,48388822,2.3267,-9.6289,1.0547;
33,Sitting,48439822,2.4390,-9.6924,1.1353;
33,Sitting,48490822,2.4512,-9.4922,1.1646;
33,Sitting,48541822,2.5098,-9.3726,1.2012;
33,Sitting,48592822,2.4756,-9.5166,1.2695;
33,Sitting,48643822,2.3071,-9.6338,1.1353;
33,Sitting,48694822,2.2632,-9.6973,0.9595;
33,Sitting,48745822,2.2852,-9.6655,1.1133;
33,Sitting,48796822,2.4561,-9.4849,1.1279;
33,Sitting,48847822,2.4316,-9.5898,1.1670;
33,Sitting,48898822,2.5000,-9.5117,1.1475;
33,Sitting,48949822,2.3120,-9.5532,1.1426;
33,Sitting,49000822,2.2485,-9.6069,1.0913;
33,Sitting,49051822,2.3193,-9.6094,1.0400;
33,Sitting,49102822,2.3584,-9.6216,0.9985;
33,Sitting,49153822,2.3730,-9.6338,0.9644;
33,Sitting,49204822,2.3950,-9.5923,1.0425;
33,Sitting,49255822,2.3633,-9.6289,1.0498;
33,Sitting,49306822,2.3535,-9.6021,1.0449;
33,Sitting,49357822,2.3804,-9.6582,0.9619;
33,Sitting,49408822,2.3120,-9.5190,1.0718;
33,Sitting,49459822,2.3413,-9.5532,1.1182;
33,Sitting,49510822,2.3291,-9.5386,1.0034;
33,Sitting,49561822,2.3145,-9.6460,0.9619;
33,Sitting,49612822,2.3145,-9.6143,0.9668;
33,Sitting,49663822,2.3462,-9.5630,1.0156;
33,Sitting,49714822,2.3730,-9.5752,0.9473;
33,Sitting,49765822,2.3462,-9.5898,1.0718;
33,Sitting,49816822,2.3315,-9.5581,1.0547;
33,Sitting,49867822,2.3437,-9.5557,1.1304;
33,Sitting,49918822,2.3437,-9.5728,1.0522;
33,Sitting,49969822,2.3291,-9.5898,1.0645;
33,Sitting,50020822,2.2974,-9.6362,1.0693;
33,Sitting,50071822,2.2754,-9.5801,1.0522;
33,Sitting,50122822,2.3706,-9.5728,1.0596;
33,Sitting,50173822,2.3193,-9.6411,1.0498;
33,Sitting,50224822,2.3853,-9.5508,1.0620;
33,Sitting,50275822,2.3950,-9.5093,1.0181;
33,Sitting,50326822,2.3950,-9.5825,1.0449;
33,Sitting,50377822,2.3828,-9.5117,1.1670;
33,Sitting,50428822,2.3657,-9.5483,1.1011;
33,Sitting,50479822,2.2998,-9.6411,0.9839;
33,Sitting,50530822,2.3779,-9.6631,1.0205;
33,Sitting,50581822,2.3755,-9.5630,1.0327;
33,Sitting,50632822,2.3608,-9.6069,1.0742;
33,Sitting,50683822,2.3315,-9.5923,1.0620;
33,Sitting,50734822,2.3413,-9.6313,1.0522;
33,Sitting,50785822,2.3682,-9.5728,1.1328;
33,Sitting,50836822,2.3633,-9.5972,1.0327;
33,Sitting,50887822,2.3682,-9.5508,1.1060;
33,Sitting,50938822,2.3608,-9.5654,1.0840;
33,Sitting,50989822,2.3608,-9.5630,1.0840;
33,Sitting,51040822,2.3779,-9.5898,1.0571;
33,Sitting,51091822,2.3926,-9.5459,1.0742;
33,Sitting,51142822,2.3730,-9.5752,1.0278;
33,Sitting,51193822,2.3755,-9.5703,1.0181;
33,Sitting,51244822,2.3560,-9.5874,1.0645;
33,Sitting,51295822,2.4512,-9.5386,1.0571;
33,Sitting,51346822,2.4243,-9.5508,1.1108;
33,Sitting,51397822,2.3242,-9.5679,1.0767;
33,Sitting,51448822,2.3999,-9.5972,1.1108;
33,Sitting,51499822,2.3926,-9.5312,1.0864;
33,Sitting,51550822,2.3755,-9.5898,0.9961;
33,Sitting,51601822,2.3364,-9.6216,1.0083;
33,Sitting,51652822,2.3901,-9.5605,1.0352;
33,Sitting,51703822,2.4146,-9.5703,1.1011;
33,Sitting,51754822,2.3511,-9.4971,1.0425;
33,Sitting,51805822,2.3584,-9.5679,1.0669;
33,Sitting,51856822,2.4048,-9.5630,1.0767;
33,Sitting,51907822,2.3657,-9.6289,1.0962;
33,Sitting,51958822,2.3877,-9.6021,0.9912;
33,Sitting,52009822,2.3608,-9.6118,1.0913;
33,Sitting,52060822,2.3950,-9.5898,1.1353;
33,Sitting,52111822,2.4023,-9.6118,1.0767;
33,Sitting,52162822,2.3511,-9.6289,1.0718;
33,Sitting,52213822,2.3145,-9.6777,1.0791;
33,Sitting,52264822,2.4146,-9.5630,1.0352;
33,Sitting,52315822,2.4072,-9.6143,1.0547;
33,Sitting,52366822,2.4170,-9.5703,1.1206;
33,Sitting,52417822,2.4365,-9.5532,1.0474;
33,Sitting,52468822,2.4536,-9.5947,1.0205;
33,Sitting,52519822,2.3901,-9.5898,0.9644;
33,Sitting,52570822,2.3755,-9.6265,1.1255;
33,Sitting,52621822,2.3950,-9.6069,1.1572;
33,Sitting,52672822,2.4463,-9.6362,1.1206;
33,Sitting,52723822,2.3682,-9.5947,1.0669;
33,Sitting,52774822,2.3169,-9.5898,1.0791;
33,Sitting,52825822,2.3242,-9.6387,1.1108;
33,Sitting,52876822,2.4243,-9.5923,1.1353;
33,Sitting,52927822,2.4487,-9.5312,1.0791;
33,Sitting,52978822,2.4072,-9.5874,1.1450;
33,Sitting,53029822,2.4121,-9.6289,1.0352;
33,Sitting,53080822,2.4146,-9.5532,1.0522;
33,Sitting,53131822,2.3120,-9.6362,1.1548;
33,Sitting,53182822,2.3389,-9.5801,0.9766;
33,Sitting,53233822,2.4048,-9.5752,1.0645;
33,Sitting,53284822,2.4927,-9.5728,1.0718;
33,Sitting,53335822,2.3975,-9.5776,1.1084;
33,Sitting,53386822,2.4609,-9.5776,1.0352;
33,Sitting,53437822,2.4316,-9.5850,1.0620;
33,Sitting,53488822,2.4976,-9.6021,1.0132;
33,Sitting,53539822,2.3950,-9.5728,1.0352;
33,Sitting,53590822,2.3999,-9.5679,1.0278;
33,Sitting,53641822,2.3682,-9.5508,1.0132;
33,Sitting,53692822,2.4243,-9.5361,1.0425;
33,Sitting,53743822,2.3950,-9.5483,1.0498;
33,Sitting,53794822,2.3950,-9.4995,1.0205;
33,Sitting,53845822,2.4097,-9.5776,1.1353;
33,Sitting,53896822,2.3950,-9.6167,1.1011;
33,Sitting,53947822,2.4072,-9.4971,1.0669;
33,Sitting,53998822,2.3804,-9.6509,1.0938;
33,Sitting,54049822,2.3682,-9.5557,0.9839;
33,Sitting,54100822,2.4048,-9.5996,1.0254;
33,Sitting,54151822,2.4194,-9.5776,1.0645;
33,Sitting,54202822,2.4072,-9.5435,1.0034;
33,Sitting,54253822,2.3730,-9.5850,0.9766;
33,Sitting,54304822,2.3999,-9.5776,1.0107;
33,Sitting,54355822,2.2778,-9.5923,1.1011;
33,Sitting,54406822,2.4585,-9.5850,1.1694;
33,Sitting,54457822,2.5195,-9.5435,1.1133;
33,Sitting,54508822,2.4121,-9.5166,1.0400;
33,Sitting,54559822,2.4097,-9.6143,1.0742;
33,Sitting,54610822,2.4194,-9.6021,1.0254;
33,Sitting,54661822,2.4023,-9.5850,1.1011;
33,Sitting,54712822,2.4536,-9.5728,1.0620;
33,Sitting,54763822,2.3999,-9.5850,0.9497;
33,Sitting,54814822,2.4414,-9.5776,1.0400;
33,Sitting,54865822,2.3926,-9.6606,1.1548;
33,Sitting,54916822,2.4316,-9.5410,1.1353;
33,Sitting,54967822,2.4585,-9.5166,1.1499;
33,Sitting,55018822,2.3950,-9.6216,1.1279;
33,Sitting,55069822,2.3315,-9.6655,1.0669;
33,Sitting,55120822,2.4561,-9.6655,1.0083;
33,Sitting,55171822,2.4756,-9.4971,1.0303;
33,Sitting,55222822,2.4902,-9.4092,1.1450;
33,Sitting,55273822,2.4438,-9.5947,1.0791;
33,Sitting,55324822,2.3779,-9.5874,1.1646;
33,Sitting,55375822,2.2998,-9.6704,1.2134;
33,Sitting,55426822,2.3096,-9.6313,1.1230;
33,Sitting,55477822,2.3608,-9.5630,1.1743;
33,Sitting,55528822,2.3804,-9.5703,1.1499;
33,Sitting,55579822,2.3437,-9.6021,1.1938;
33,Sitting,55630822,2.3511,-9.6338,1.1523;
33,Sitting,55681822,2.3657,-9.6631,1.1011;
33,Sitting,55732822,2.3779,-9.5947,1.1060;
33,Sitting,55783822,2.4268,-9.6216,1.2036;
33,Sitting,55834822,2.3779,-9.6558,1.2085;
33,Sitting,55885822,2.3486,-9.5630,1.1597;
33,Sitting,55936822,2.4121,-9.6460,1.1621;
33,Sitting,55987822,2.4292,-9.5288,1.1816;
33,Sitting,56038822,2.4023,-9.5386,1.1035;
33,Sitting,56089841,2.4731,-9.5166,1.1255;
33,Sitting,56140822,2.4609,-9.5947,1.1670;
33,Sitting,56191822,2.3926,-9.5264,1.0864;
33,Sitting,56242822,2.3975,-9.5679,1.1572;
33,Sitting,56293822,2.3779,-9.5508,1.1279;
33,Sitting,56344822,2.3877,-9.6265,1.1279;
33,Sitting,56395822,2.3804,-9.6045,1.1792;
33,Sitting,56446822,2.3315,-9.6216,1.2744;
33,Sitting,56497822,2.4048,-9.5947,1.2476;
33,Sitting,56548822,2.3877,-9.5923,1.1475;
33,Sitting,56599822,2.4146,-9.4971,1.1255;
33,Sitting,56650822,2.4487,-9.5361,1.1865;
33,Sitting,56701822,2.4170,-9.6533,1.2280;
33,Sitting,56752822,2.3535,-9.5996,1.1572;
33,Sitting,56803822,2.3950,-9.6045,1.1255;
33,Sitting,56854822,2.4316,-9.5825,1.1377;
33,Sitting,56905822,2.3584,-9.5630,1.1890;
33,Sitting,56956822,2.3682,-9.5728,1.2720;
33,Sitting,57007822,2.3145,-9.6436,1.2549;
33,Sitting,57058822,2.3853,-9.6118,1.1841;
33,Sitting,57109822,2.3730,-9.5728,1.1401;
33,Sitting,57160822,2.3877,-9.5923,1.1743;
33,Sitting,57211822,2.4316,-9.5679,1.1230;
33,Sitting,57262822,2.3730,-9.4800,1.1401;
33,Sitting,57313822,2.4023,-9.6216,1.2061;
33,Sitting,57364822,2.3560,-9.5728,1.2158;
33,Sitting,57415822,2.4292,-9.5874,1.0913;
33,Sitting,57466822,2.3608,-9.5532,1.1279;
33,Sitting,57517822,2.3560,-9.6289,1.1279;
33,Sitting,57568822,2.3779,-9.6045,1.1475;
33,Sitting,57619822,2.4243,-9.5801,1.1768;
33,Sitting,57670822,2.4536,-9.5239,1.1572;
33,Sitting,57721822,2.3901,-9.5776,1.1499;
33,Sitting,57772822,2.3633,-9.6045,1.1792;
33,Sitting,57823822,2.4048,-9.5801,1.1475;
33,Sitting,57874822,2.4268,-9.5605,1.1792;
33,Sitting,57925822,2.3877,-9.5703,1.1621;
33,Sitting,57976822,2.3999,-9.6313,1.1255;
33,Sitting,58027822,2.3608,-9.5874,1.1743;
33,Sitting,58078822,2.3926,-9.6338,1.1353;
33,Sitting,58129822,2.2949,-9.6362,1.2427;
33,Sitting,58180822,2.3096,-9.6338,1.1035;
33,Sitting,58231822,2.3462,-9.6558,1.1963;
33,Sitting,58282822,2.3877,-9.5801,1.1401;
33,Sitting,58333822,2.4316,-9.5117,1.1182;
33,Sitting,58384822,2.3413,-9.5483,1.0962;
33,Sitting,58435822,2.3511,-9.6069,1.1401;
33,Sitting,58486822,2.3657,-9.5801,1.2378;
33,Sitting,58537822,2.3462,-9.5630,1.1816;
33,Sitting,58588822,2.3804,-9.6143,1.1694;
33,Sitting,58639822,2.3828,-9.6240,1.1768;
33,Sitting,58690822,2.4023,-9.5239,1.1523;
33,Sitting,58741822,2.4268,-9.5630,1.1694;
33,Sitting,58792822,2.4097,-9.6021,1.1426;
33,Sitting,58843822,2.3120,-9.6240,1.0913;
33,Sitting,58894822,2.4365,-9.5581,1.1523;
33,Sitting,58945822,2.4463,-9.6655,1.0376;
33,Sitting,58996822,2.2998,-9.5728,1.1743;
33,Sitting,59047822,2.3779,-9.6191,1.0962;
33,Sitting,59098822,2.4170,-9.6167,1.1572;
33,Sitting,59149822,2.4072,-9.5630,1.1304;
33,Sitting,59200822,2.3437,-9.6118,1.1426;
33,Sitting,59251822,2.4023,-9.5923,1.2085;
33,Sitting,59302822,2.3950,-9.6045,1.1694;
33,Sitting,59353822,2.3877,-9.5825,1.1597;
33,Sitting,59404822,2.3755,-9.5728,1.1206;
33,Sitting,59455822,2.4146,-9.6289,1.1426;
33,Sitting,59506822,2.4146,-9.5898,1.0425;
33,Sitting,59557822,2.4756,-9.5361,1.1304;
33,Sitting,59608822,2.3730,-9.5605,1.1890;
33,Sitting,59659822,2.4463,-9.6167,1.1499;
33,Sitting,59710822,2.4097,-9.5801,1.1084;
33,Sitting,59761822,2.3730,-9.5874,1.1353;
33,Sitting,59812822,2.3315,-9.5679,1.1499;
33,Sitting,59863822,2.3926,-9.6362,1.2158;
33,Sitting,59914822,2.3389,-9.5288,1.1011;
33,Sitting,59965822,2.3364,-9.5142,1.1719;
33,Sitting,60016822,2.3608,-9.5752,1.2036;
33,Sitting,60067822,2.3511,-9.5850,1.1328;
33,Sitting,60118822,2.3462,-9.6704,1.2451;
33,Sitting,60169822,2.3755,-9.6191,1.1768;
33,Sitting,60220822,2.3657,-9.5581,1.1841;
33,Sitting,60271822,2.3950,-9.5874,1.2305;
33,Sitting,60322822,2.4072,-9.5898,1.1963;
33,Sitting,60373822,2.3975,-9.6289,1.1401;
33,Sitting,60424822,2.3462,-9.6094,1.2109;
33,Sitting,60475822,2.3975,-9.6387,1.2158;
33,Sitting,60526822,2.4438,-9.5630,1.1255;
33,Sitting,60577822,2.3755,-9.5898,1.1450;
33,Sitting,60628822,2.4121,-9.5630,1.1792;
33,Sitting,60679822,2.4292,-9.6265,1.2427;
33,Sitting,60730822,2.3853,-9.5117,1.1475;
33,Sitting,60781822,2.3608,-9.5679,1.2207;
33,Sitting,60832822,2.3364,-9.6362,1.0815;
33,Sitting,60883822,2.3950,-9.5581,1.1279;
33,Sitting,60934822,2.3584,-9.5874,1.1719;
33,Sitting,60985822,2.4097,-9.5215,1.1548;
33,Sitting,61036822,2.3242,-9.5874,1.1401;
33,Sitting,61087822,2.3828,-9.5630,1.1987;
33,Sitting,61138822,2.3999,-9.5508,1.1670;
33,Sitting,61189822,2.3975,-9.5996,1.1792;
33,Sitting,61240822,2.3779,-9.6338,1.1548;
33,Sitting,61291822,2.3584,-9.5459,1.1719;
33,Sitting,61342822,2.3950,-9.5996,1.1670;
33,Sitting,61393822,2.3853,-9.6338,1.1890;
33,Sitting,61444822,2.3926,-9.5312,1.1255;
33,Sitting,61495822,2.4268,-9.5898,1.1011;
33,Sitting,61546822,2.4097,-9.5752,1.0571;
33,Sitting,61597822,2.3804,-9.6313,1.2549;
33,Sitting,61648822,2.4438,-9.6118,1.2109;
33,Sitting,61699822,2.3706,-9.6387,1.1499;
33,Sitting,61750822,2.3975,-9.5654,1.1328;
33,Sitting,61801822,2.3584,-9.5801,1.1353;
33,Sitting,61852822,2.4292,-9.5752,1.1548;
33,Sitting,61903822,2.3413,-9.5679,1.1206;
33,Sitting,61954822,2.3706,-9.5654,1.1597;
33,Sitting,62005822,2.4121,-9.5776,1.1084;
33,Sitting,62056822,2.3999,-9.5898,1.0767;
33,Sitting,62107822,2.4390,-9.5361,1.1377;
33,Sitting,62158822,2.4365,-9.5239,1.2012;
33,Sitting,62209822,2.4390,-9.5996,1.1450;
33,Sitting,62260822,2.3926,-9.5728,1.2085;
33,Sitting,62311822,2.3877,-9.5972,1.2085;
33,Sitting,62362822,2.4121,-9.6240,1.1304;
33,Sitting,62413822,2.3413,-9.5825,1.2207;
33,Sitting,62464822,2.4170,-9.6069,1.2476;
33,Sitting,62515822,2.4146,-9.5679,1.2354;
33,Sitting,62566822,2.4365,-9.5459,1.2085;
33,Sitting,62617822,2.4023,-9.5605,1.0962;
33,Sitting,62668822,2.3804,-9.6069,1.1157;
33,Sitting,62719822,2.4146,-9.6240,1.1670;
33,Sitting,62770822,2.4487,-9.5410,1.1646;
33,Sitting,62821822,2.4194,-9.5532,1.1938;
33,Sitting,62872822,2.4121,-9.5508,1.1572;
33,Sitting,62923822,2.4048,-9.5410,1.1987;
33,Sitting,62974822,2.3608,-9.6167,1.2183;
33,Sitting,63025822,2.3437,-9.5581,1.1523;
33,Sitting,63076822,2.3828,-9.5776,1.1914;
33,Sitting,63127822,2.3437,-9.5898,1.0840;
33,Sitting,63178822,2.4268,-9.5923,1.1621;
33,Sitting,63229822,2.4170,-9.5581,1.2061;
33,Sitting,63280822,2.3950,-9.5752,1.2158;
33,Sitting,63331822,2.3755,-9.5605,1.1084;
33,Sitting,63382822,2.3853,-9.5703,1.1597;
33,Sitting,63433822,2.3804,-9.5898,1.1743;
33,Sitting,63484822,2.3560,-9.5532,1.1426;
33,Sitting,63535822,2.3853,-9.5435,1.1987;
33,Sitting,63586822,2.4097,-9.5923,1.1523;
33,Sitting,63637822,2.3657,-9.6509,1.1572;
33,Sitting,63688822,2.3584,-9.6509,1.1646;
33,Sitting,63739822,2.3950,-9.5605,1.2012;
33,Sitting,63790822,2.3657,-9.5435,1.2183;
33,Sitting,63841822,2.4341,-9.5361,1.1426;
33,Sitting,63892822,2.3315,-9.5776,1.1206;
33,Sitting,63943822,2.4292,-9.5923,1.1475;
33,Sitting,63994822,2.3511,-9.6289,1.2158;
33,Sitting,64045822,2.3999,-9.5923,1.1646;
33,Sitting,64096822,2.3999,-9.5801,1.1670;
33,Sitting,64147822,2.3999,-9.5776,1.1670;
33,Sitting,64198822,2.4072,-9.5776,1.1182;
33,Sitting,64249822,2.3926,-9.5410,1.0913;
33,Sitting,64300822,2.4023,-9.6143,1.1475;
33,Sitting,64351822,2.4390,-9.6729,1.2207;
33,Sitting,64402822,2.3730,-9.5947,1.1987;
33,Sitting,64453822,2.4146,-9.5654,1.1914;
33,Sitting,64504822,2.4170,-9.6069,1.1694;
33,Sitting,64555822,2.4243,-9.6216,1.1206;
33,Sitting,64606822,2.4048,-9.5557,1.0938;
33,Sitting,64657822,2.4121,-9.5654,1.1743;
33,Sitting,64708822,2.4146,-9.5508,1.1670;
33,Sitting,64759822,2.3950,-9.6289,1.2109;
33,Sitting,64810822,2.4463,-9.6362,1.1768;
33,Sitting,64861822,2.4072,-9.5825,1.2109;
33,Sitting,64912822,2.3999,-9.6118,1.2231;
33,Sitting,64963822,2.3999,-9.5410,1.2061;
33,Sitting,65014822,2.3804,-9.6118,1.1914;
33,Sitting,65065822,2.4219,-9.5825,1.1426;
33,Sitting,65116822,2.3901,-9.6045,1.1572;
33,Sitting,65167822,2.3926,-9.5996,1.1646;
33,Sitting,65218822,2.4463,-9.6680,1.1255;
33,Sitting,65269822,2.4390,-9.5581,1.1328;
33,Sitting,65320822,2.4023,-9.5264,1.1694;
33,Sitting,65371822,2.4146,-9.5264,1.1768;
33,Sitting,65422822,2.3926,-9.6362,1.0962;
33,Sitting,65473822,2.3999,-9.6606,1.1255;
33,Sitting,65524822,2.4292,-9.5532,1.1255;
33,Sitting,65575822,2.4023,-9.6069,1.1523;
33,Sitting,65626822,2.3706,-9.5605,1.1743;
33,Sitting,65677822,2.3950,-9.6118,1.2134;
33,Sitting,65728822,2.4438,-9.6118,1.1816;
33,Sitting,65779822,2.4170,-9.6045,1.1499;
33,Sitting,65830822,2.4536,-9.5776,1.2500;
33,Sitting,65881822,2.4756,-9.5117,1.1743;
33,Sitting,65932822,2.4219,-9.5166,1.1499;
33,Sitting,65983822,2.5171,-9.5435,1.1792;
33,Sitting,66034822,2.4487,-9.5898,1.0962;
33,Sitting,66085822,2.4658,-9.5410,1.1621;
33,Sitting,66136822,2.4414,-9.4995,1.1938;
33,Sitting,66187822,2.4316,-9.6143,1.1353;
33,Sitting,66238822,2.4585,-9.5117,1.1401;
33,Sitting,66289822,2.4536,-9.5557,1.2158;
33,Sitting,66340822,2.3535,-9.6362,1.1987;
33,Sitting,66391822,2.3267,-9.6436,1.1426;
33,Sitting,66442822,2.3364,-9.6436,1.1353;
33,Sitting,66493822,2.3364,-9.5166,1.1572;
33,Sitting,66544822,2.3608,-9.6069,1.1572;
33,Sitting,66595822,2.4316,-9.5679,1.1304;
33,Sitting,66646822,2.4219,-9.5361,1.1694;
33,Sitting,66697822,2.4194,-9.5361,1.2061;
33,Sitting,66748822,2.3730,-9.5386,1.1230;
33,Sitting,66799822,2.3804,-9.5605,1.1768;
33,Sitting,66850822,2.3975,-9.5679,1.1963;
33,Sitting,66901822,2.3657,-9.5630,1.0767;
33,Sitting,66952822,2.3828,-9.6069,1.1914;
33,Sitting,67003822,2.4268,-9.6289,1.2085;
33,Sitting,67054822,2.3755,-9.5581,1.2524;
33,Sitting,67105822,2.3706,-9.5166,1.2207;
33,Sitting,67156822,2.4365,-9.5459,1.1963;
33,Sitting,67207822,2.4146,-9.5996,1.2231;
33,Sitting,67258822,2.4097,-9.5898,1.1890;
33,Sitting,67309822,2.4072,-9.5630,1.1768;
33,Sitting,67360822,2.3389,-9.5581,1.1401;
33,Sitting,67411822,2.4048,-9.5850,1.1035;
33,Sitting,67462822,2.3877,-9.5557,1.1450;
33,Sitting,67513822,2.4194,-9.5825,1.1719;
33,Sitting,67564822,2.3853,-9.5703,1.1523;
33,Sitting,67615822,2.4023,-9.5508,1.1597;
33,Sitting,67666822,2.3804,-9.5581,1.2402;
33,Sitting,67717822,2.3828,-9.5776,1.1865;
33,Sitting,67768822,2.4097,-9.5728,1.0889;
33,Sitting,67819822,2.3999,-9.5923,1.1621;
33,Sitting,67870822,2.4316,-9.6240,1.1646;
33,Sitting,67921822,2.4121,-9.6118,1.1963;
33,Sitting,67972822,2.4731,-9.5703,1.1743;
33,Sitting,68023822,2.4146,-9.6118,1.1548;
33,Sitting,68074822,2.3901,-9.5654,1.1768;
33,Sitting,68125822,2.4414,-9.5898,1.1938;
33,Sitting,68176822,2.4048,-9.5752,1.1670;
33,Sitting,68227822,2.3877,-9.5874,1.1548;
33,Sitting,68278822,2.4170,-9.5044,1.1548;
33,Sitting,68329822,2.4463,-9.5996,1.2256;
33,Sitting,68380822,2.4146,-9.5728,1.1963;
33,Sitting,68431822,2.3145,-9.6411,1.1670;
33,Sitting,68482822,2.4219,-9.6167,1.2231;
33,Sitting,68533822,2.3950,-9.6118,1.1914;
33,Sitting,68584822,2.4683,-9.5532,1.2305;
33,Sitting,68635822,2.4097,-9.5679,1.2842;
33,Sitting,68686822,2.3706,-9.6118,1.1694;
33,Sitting,68737822,2.4170,-9.5923,1.2549;
33,Sitting,68788822,2.3730,-9.5557,1.2354;
33,Sitting,68839822,2.3877,-9.5703,1.2354;
33,Sitting,68890822,2.4414,-9.5898,1.1670;
33,Sitting,68941822,2.2998,-9.6216,1.2134;
33,Sitting,68992822,2.4097,-9.5459,1.1792;
33,Sitting,69043822,2.3999,-9.6240,1.2451;
33,Sitting,69094822,2.3926,-9.6191,1.1255;
33,Sitting,69145822,2.4097,-9.5605,1.1768;
33,Sitting,69196822,2.4097,-9.5972,1.2476;
33,Sitting,69247822,2.3999,-9.5557,1.1401;
33,Sitting,69298822,2.3950,-9.6240,1.1646;
33,Sitting,69349822,2.3950,-9.5557,1.1108;
33,Sitting,69400822,2.4243,-9.6680,1.1621;
33,Sitting,69451822,2.3804,-9.5898,1.1182;
33,Sitting,69502822,2.4023,-9.5874,1.2354;
33,Sitting,69553822,2.3975,-9.5459,1.2207;
33,Sitting,69604822,2.4072,-9.5752,1.1377;
33,Sitting,69655822,2.3853,-9.5947,1.0718;
33,Sitting,69706822,2.3975,-9.5605,1.1475;
33,Sitting,69757822,2.4219,-9.5898,1.1499;
33,Sitting,69808822,2.4170,-9.6045,1.1768;
33,Sitting,69859822,2.4365,-9.5679,1.1621;
33,Sitting,69910822,2.3804,-9.5850,1.1646;
33,Sitting,69961822,2.4487,-9.5947,1.2256;
33,Sitting,70012822,2.3828,-9.6436,1.1743;
33,Sitting,70063822,2.4536,-9.4678,1.1548;
33,Sitting,70114822,2.4951,-9.4702,1.1670;