33,Sitting,15269069,1.6089,-9.7583,1.3354;
33,Sitting,15329835,1.5552,-9.7534,1.2402;
33,Sitting,15380839,1.6309,-9.8169,1.3672;
33,Sitting,15431822,1.6992,-9.7070,1.3647;
33,Sitting,15482821,1.6479,-9.6167,1.3062;
33,Sitting,15533821,1.6064,-9.7217,1.3916;
33,Sitting,15584821,1.6772,-9.8022,1.3062;
33,Sitting,15635821,1.6431,-9.7607,1.3525;
33,Sitting,15686821,1.6895,-9.6729,1.3330;
33,Sitting,15737821,1.6187,-9.6802,1.2622;
33,Sitting,15788821,1.6797,-9.7681,1.3379;
33,Sitting,15839821,1.7090,-9.7437,1.2671;
33,Sitting,15890821,1.6235,-9.6680,1.1694;
33,Sitting,15941821,1.6479,-9.6509,1.2451;
33,Sitting,15992821,1.6309,-9.8193,1.3428;
33,Sitting,16043821,1.6870,-9.7046,1.3232;
33,Sitting,16094821,1.7114,-9.7314,1.3989;
33,Sitting,16145821,1.6357,-9.6826,1.3330;
33,Sitting,16196821,1.6187,-9.8096,1.2769;
33,Sitting,16247821,1.6919,-9.7217,1.3403;
33,Sitting,16298821,1.7041,-9.6460,1.2720;
33,Sitting,16349821,1.6064,-9.6777,1.3281;
33,Sitting,16400821,1.6748,-9.8193,1.2939;
33,Sitting,16451821,1.6553,-9.7241,1.3892;
33,Sitting,16502821,1.6235,-9.6533,1.3208;
33,Sitting,16553821,1.5991,-9.6509,1.2842;
33,Sitting,16604821,1.6211,-9.8633,1.3599;
33,Sitting,16655831,1.6748,-9.7876,1.3159;
33,Sitting,16706821,1.6821,-9.6655,1.3379;
33,Sitting,16757821,1.6162,-9.6484,1.2402;
33,Sitting,16808821,1.6455,-9.7778,1.2524;
33,Sitting,16859821,1.6699,-9.7705,1.3086;
33,Sitting,16910821,1.6333,-9.7021,1.3379;
33,Sitting,16961821,1.6675,-9.6240,1.3330;
33,Sitting,17012821,1.6577,-9.7607,1.2939;
33,Sitting,17063821,1.6333,-9.8535,1.2866;
33,Sitting,17114821,1.6919,-9.6802,1.2427;
33,Sitting,17165821,1.6479,-9.6802,1.2915;
33,Sitting,17216821,1.6333,-9.7803,1.2549;
33,Sitting,17267821,1.6357,-9.8169,1.3330;
33,Sitting,17318821,1.6895,-9.7363,1.3599;
33,Sitting,17369821,1.6455,-9.7095,1.3037;
33,Sitting,17420821,1.6528,-9.7070,1.2524;
33,Sitting,17471821,1.6333,-9.7827,1.2476;
33,Sitting,17522821,1.6431,-9.7583,1.3428;
33,Sitting,17573821,1.6406,-9.7095,1.2915;
33,Sitting,17624821,1.6724,-9.7510,1.2793;
33,Sitting,17675821,1.7041,-9.7705,1.2646;
33,Sitting,17726821,1.6992,-9.7095,1.3867;
33,Sitting,17777821,1.7627,-9.7168,1.3843;
33,Sitting,17828821,1.7310,-9.6802,1.4404;
33,Sitting,17879821,1.6211,-9.7461,1.3794;
33,Sitting,17930821,1.6089,-9.7876,1.3574;
33,Sitting,17981821,1.6528,-9.7046,1.3672;
33,Sitting,18032821,1.7358,-9.7095,1.3550;
33,Sitting,18083821,1.6943,-9.7046,1.4502;
33,Sitting,18134821,1.6211,-9.7510,1.3745;
33,Sitting,18185821,1.6895,-9.7168,1.3379;
33,Sitting,18236821,1.6724,-9.7461,1.3232;
33,Sitting,18287821,1.5845,-9.7925,1.3037;
33,Sitting,18338821,1.5771,-9.9097,1.3599;
33,Sitting,18389821,1.7090,-9.7583,1.3599;
33,Sitting,18440821,1.6309,-9.6606,1.2866;
33,Sitting,18491821,1.6553,-9.7803,1.4526;
33,Sitting,18542821,1.7065,-9.7192,1.4526;
33,Sitting,18593821,1.6113,-9.7729,1.4063;
33,Sitting,18644821,1.6846,-9.7168,1.3843;
33,Sitting,18695821,1.6162,-9.7217,1.3818;
33,Sitting,18746821,1.6309,-9.7290,1.3501;
33,Sitting,18797821,1.6797,-9.7461,1.3867;
33,Sitting,18848821,1.6406,-9.7046,1.3550;
33,Sitting,18899821,1.6553,-9.6777,1.4063;
33,Sitting,18950821,1.6479,-9.7046,1.3403;
33,Sitting,19001821,1.6992,-9.7754,1.3477;
33,Sitting,19052821,1.6748,-9.7241,1.4453;
33,Sitting,19103821,1.6211,-9.7827,1.3818;
33,Sitting,19154821,1.6187,-9.6875,1.4258;
33,Sitting,19205821,1.6602,-9.7632,1.4429;
33,Sitting,19256821,1.6040,-9.7925,1.3599;
33,Sitting,19307821,1.7188,-9.7339,1.3770;
33,Sitting,19358821,1.6382,-9.6899,1.4185;
33,Sitting,19409821,1.6626,-9.7607,1.4526;
33,Sitting,19460821,1.6187,-9.6851,1.3574;
33,Sitting,19511821,1.5747,-9.7070,1.4404;
33,Sitting,19562821,1.6724,-9.8096,1.4063;
33,Sitting,19613821,1.6772,-9.7314,1.3940;
33,Sitting,19664821,1.6187,-9.7949,1.4233;
33,Sitting,19715821,1.5649,-9.7388,1.3696;
33,Sitting,19766821,1.6821,-9.7046,1.4063;
33,Sitting,19817821,1.6553,-9.7021,1.4063;
33,Sitting,19868821,1.6455,-9.6948,1.3672;
33,Sitting,19919821,1.6406,-9.7437,1.3696;
33,Sitting,19970821,1.6528,-9.7900,1.3525;
33,Sitting,20021821,1.5991,-9.7266,1.4111;
33,Sitting,20072821,1.6064,-9.7803,1.4185;
33,Sitting,20123821,1.6553,-9.7705,1.3452;
33,Sitting,20174821,1.6846,-9.7314,1.3770;
33,Sitting,20225821,1.6626,-9.7144,1.4063;
33,Sitting,20276821,1.7188,-9.7192,1.3818;
33,Sitting,20327821,1.6113,-9.7339,1.4307;
33,Sitting,20378821,1.5894,-9.7607,1.4136;
33,Sitting,20429821,1.6260,-9.7144,1.3354;
33,Sitting,20480821,1.6382,-9.7363,1.3672;
33,Sitting,20531821,1.6772,-9.8437,1.3989;
33,Sitting,20582821,1.6016,-9.6484,1.3843;
33,Sitting,20633821,1.6040,-9.7656,1.3403;
33,Sitting,20684821,1.6553,-9.8340,1.4551;
33,Sitting,20735821,1.6772,-9.7437,1.4136;
33,Sitting,20786821,1.6650,-9.7534,1.4136;
33,Sitting,20837821,1.7212,-9.7290,1.3696;
33,Sitting,20888821,1.6479,-9.7705,1.4624;
33,Sitting,20939821,1.6553,-9.7534,1.4160;
33,Sitting,20990821,1.6968,-9.7314,1.3892;
33,Sitting,21041821,1.6870,-9.7412,1.3867;
33,Sitting,21092821,1.6577,-9.7021,1.4209;
33,Sitting,21143821,1.5991,-9.6484,1.4893;
33,Sitting,21194821,1.6089,-9.7192,1.4819;
33,Sitting,21245821,1.5601,-9.7974,1.3672;
33,Sitting,21296821,1.5918,-9.7925,1.3843;
33,Sitting,21347821,1.5967,-9.7339,1.3916;
33,Sitting,21398821,1.6675,-9.7754,1.4478;
33,Sitting,21449821,1.6577,-9.6826,1.3599;
33,Sitting,21500821,1.6455,-9.7119,1.3770;
33,Sitting,21551821,1.6992,-9.7339,1.4429;
33,Sitting,21602821,1.7212,-9.7729,1.4819;
33,Sitting,21653821,1.5820,-9.7656,1.3794;
33,Sitting,21704821,1.5479,-9.8486,1.2598;
33,Sitting,21755821,1.5967,-9.8584,1.3721;
33,Sitting,21806821,1.6821,-9.7314,1.4453;
33,Sitting,21857821,1.7505,-9.6851,1.4063;
33,Sitting,21908821,1.6577,-9.6216,1.3330;
33,Sitting,21959821,1.6821,-9.7827,1.4966;
33,Sitting,22010821,1.7065,-9.7900,1.4575;
33,Sitting,22061821,1.6528,-9.7266,1.4648;
33,Sitting,22112821,1.7041,-9.7119,1.3477;
33,Sitting,22163821,1.6846,-9.5972,1.3525;
33,Sitting,22214821,1.7065,-9.7656,1.4331;
33,Sitting,22265821,1.6772,-9.8437,1.3379;
33,Sitting,22316821,1.6626,-9.7632,1.3916;
33,Sitting,22367821,1.6992,-9.7461,1.4331;
33,Sitting,22418821,1.7285,-9.7217,1.3428;
33,Sitting,22469821,1.7358,-9.6875,1.4038;
33,Sitting,22520821,1.6968,-9.7437,1.3306;
33,Sitting,22571821,1.7456,-9.7583,1.2280;
33,Sitting,22622821,1.6895,-9.7412,1.2915;
33,Sitting,22673821,1.6504,-9.7046,1.2744;
33,Sitting,22724821,1.7554,-9.7412,1.4795;
33,Sitting,22775821,1.7969,-9.6484,1.4209;
33,Sitting,22826821,1.8872,-9.6240,1.3672;
33,Sitting,22877821,1.7822,-9.6997,1.3428;
33,Sitting,22928821,1.6895,-9.7778,1.4233;
33,Sitting,22979821,1.6455,-9.7925,1.3818;
33,Sitting,23030821,1.7017,-9.7607,1.4258;
33,Sitting,23081821,1.7017,-9.7339,1.4648;
33,Sitting,23132827,1.7920,-9.6973,1.4624;
33,Sitting,23183821,1.7407,-9.7168,1.3940;
33,Sitting,23234821,1.7676,-9.6509,1.4136;
33,Sitting,23285821,1.7383,-9.7217,1.3623;
33,Sitting,23336821,1.7749,-9.7021,1.3818;
33,Sitting,23387821,1.6675,-9.7217,1.3818;
33,Sitting,23438821,1.6748,-9.6899,1.4014;
33,Sitting,23489821,1.6528,-9.7559,1.4502;
33,Sitting,23540821,1.7090,-9.7290,1.3037;
33,Sitting,23591821,1.7505,-9.8120,1.4917;
33,Sitting,23642821,1.7334,-9.7388,1.4331;
33,Sitting,23693821,1.7627,-9.6436,1.3672;
33,Sitting,23744821,1.6821,-9.7021,1.3623;
33,Sitting,23795821,1.7065,-9.7266,1.3696;
33,Sitting,23846821,1.7041,-9.7412,1.3721;
33,Sitting,23897821,1.7212,-9.7046,1.3574;
33,Sitting,23948821,1.7480,-9.7241,1.3843;
33,Sitting,23999821,1.7798,-9.6899,1.3281;
33,Sitting,24050821,1.7017,-9.7388,1.4063;
33,Sitting,24101821,1.7285,-9.7314,1.3623;
33,Sitting,24152821,1.7407,-9.7388,1.3306;
33,Sitting,24203821,1.7847,-9.7192,1.3916;
33,Sitting,24254821,1.7529,-9.6973,1.3623;
33,Sitting,24305821,1.7065,-9.7046,1.3623;
33,Sitting,24356821,1.7383,-9.7363,1.3501;
33,Sitting,24407821,1.7261,-9.6899,1.3257;
33,Sitting,24458821,1.8188,-9.7754,1.3550;
33,Sitting,24509821,1.7871,-9.7363,1.3770;
33,Sitting,24560821,1.7017,-9.7363,1.3696;
33,Sitting,24611821,1.7261,-9.7070,1.3159;
33,Sitting,24662821,1.7676,-9.7314,1.3306;
33,Sitting,24713821,1.7871,-9.6924,1.4282;
33,Sitting,24764821,1.8042,-9.5850,1.3135;
33,Sitting,24815821,1.7822,-9.6753,1.4282;
33,Sitting,24866821,1.7627,-9.7290,1.3916;
33,Sitting,24917821,1.7554,-9.6289,1.4087;
33,Sitting,24968821,1.7896,-9.7974,1.4355;
33,Sitting,25019821,1.7822,-9.7192,1.3208;
33,Sitting,25070821,1.7627,-9.6558,1.3477;
33,Sitting,25121821,1.7676,-9.7339,1.4624;
33,Sitting,25172821,1.7212,-9.7070,1.3965;
33,Sitting,25223821,1.7578,-9.8096,1.4551;
33,Sitting,25274821,1.8335,-9.7559,1.3428;
33,Sitting,25325821,1.8237,-9.6680,1.2891;
33,Sitting,25376821,1.8555,-9.6729,1.3989;
33,Sitting,25427821,1.8823,-9.6265,1.3916;
33,Sitting,25478821,1.7505,-9.6875,1.3892;
33,Sitting,25529821,1.8042,-9.7607,1.4429;
33,Sitting,25580821,1.8262,-9.7070,1.4111;
33,Sitting,25631821,1.7822,-9.6680,1.3867;
33,Sitting,25682821,1.7407,-9.7046,1.3599;
33,Sitting,25733821,1.7798,-9.8535,1.2891;
33,Sitting,25784821,1.7627,-9.7656,1.4331;
33,Sitting,25835821,1.7871,-9.6533,1.3745;
33,Sitting,25886821,1.7847,-9.7339,1.3989;
33,Sitting,25937821,1.7383,-9.6729,1.3550;
33,Sitting,25988821,1.7944,-9.6997,1.3550;
33,Sitting,26039821,1.7407,-9.6948,1.3843;
33,Sitting,26090821,1.7603,-9.6899,1.4551;
33,Sitting,26141821,1.7310,-9.8145,1.3379;
33,Sitting,26192821,1.8115,-9.7314,1.4038;
33,Sitting,26243821,1.8677,-9.6973,1.3696;
33,Sitting,26294821,1.7480,-9.7827,1.3330;
33,Sitting,26345821,1.7700,-9.6704,1.3403;
33,Sitting,26396821,1.8555,-9.7241,1.2964;
33,Sitting,26447821,1.8018,-9.6753,1.3110;
33,Sitting,26498821,1.8726,-9.6826,1.3428;
33,Sitting,26549821,1.7261,-9.8071,1.4014;
33,Sitting,26600821,1.7456,-9.7852,1.4014;
33,Sitting,26651821,1.7676,-9.6973,1.3623;
33,Sitting,26702821,1.8164,-9.6655,1.4160;
33,Sitting,26753821,1.7505,-9.7388,1.3843;
33,Sitting,26804821,1.8115,-9.6973,1.3550;
33,Sitting,26855821,1.8750,-9.6899,1.4746;
33,Sitting,26906821,1.7505,-9.7217,1.3354;
33,Sitting,26957821,1.8359,-9.6533,1.4209;
33,Sitting,27008821,1.7798,-9.6851,1.5356;
33,Sitting,27059821,1.8042,-9.6948,1.4307;
33,Sitting,27110821,1.6919,-9.7241,1.3574;
33,Sitting,27161821,1.6724,-9.7363,1.4380;
33,Sitting,27212821,1.8701,-9.7705,1.3550;
33,Sitting,27263821,1.8335,-9.6875,1.3525;
33,Sitting,27314821,1.8188,-9.5825,1.5015;
33,Sitting,27365821,1.7798,-9.7827,1.4600;
33,Sitting,27416821,1.8530,-9.6948,1.3354;
33,Sitting,27467821,1.7944,-9.8096,1.4429;
33,Sitting,27518821,1.7480,-9.7876,1.3672;
33,Sitting,27569821,1.8481,-9.6924,1.3110;
33,Sitting,27620821,1.8335,-9.8120,1.4795;
33,Sitting,27671821,1.7749,-9.6973,1.3623;
33,Sitting,27722821,1.8262,-9.7510,1.3989;
33,Sitting,27773821,1.8896,-9.7437,1.4282;
33,Sitting,27824821,1.7700,-9.7534,1.3818;
33,Sitting,27875821,1.8311,-9.7339,1.4209;
33,Sitting,27926821,1.7529,-9.7119,1.4038;
33,Sitting,27977821,1.8677,-9.6313,1.4111;
33,Sitting,28028821,1.8066,-9.7363,1.4307;
33,Sitting,28079821,1.8628,-9.7168,1.3696;
33,Sitting,28130821,1.8530,-9.6729,1.3428;
33,Sitting,28181821,1.8628,-9.7461,1.4917;
33,Sitting,28232821,1.8579,-9.7388,1.4307;
33,Sitting,28283821,1.8823,-9.7559,1.4063;
33,Sitting,28334821,1.8799,-9.6460,1.4551;
33,Sitting,28385821,1.7920,-9.5264,1.3184;
33,Sitting,28436821,1.7139,-9.7632,1.4331;
33,Sitting,28487821,1.6772,-9.8437,1.3525;
33,Sitting,28538821,1.8604,-9.7363,1.3892;
33,Sitting,28589821,1.7603,-9.7632,1.2549;
33,Sitting,28640821,1.8335,-9.5801,1.1865;
33,Sitting,28691821,1.8604,-9.6606,1.5161;
33,Sitting,28742821,1.8042,-9.6387,1.4966;
33,Sitting,28793821,1.8384,-9.7314,1.4429;
33,Sitting,28844821,1.9141,-9.7559,1.3916;
33,Sitting,28895821,1.7603,-9.5679,1.4404;
33,Sitting,28946821,1.5430,-9.4922,1.3452;
33,Sitting,28997821,1.7114,-10.0781,1.3354;
33,Sitting,29048821,1.7969,-9.7217,1.3477;
33,Sitting,29099821,1.9458,-9.5044,1.3818;
33,Sitting,29150821,1.9775,-9.5679,1.5527;
33,Sitting,29201821,1.8433,-9.7778,1.4258;
33,Sitting,29252821,1.8237,-9.6851,1.4185;
33,Sitting,29303821,1.7773,-9.7607,1.4209;
33,Sitting,29354821,1.7993,-9.8022,1.3818;
33,Sitting,29405821,1.7725,-9.7949,1.3330;
33,Sitting,29456821,1.8359,-9.6704,1.3940;
33,Sitting,29507821,1.8311,-9.6436,1.4233;
33,Sitting,29558821,1.8311,-9.7974,1.3623;
33,Sitting,29609821,1.8262,-9.6289,1.3989;
33,Sitting,29660821,1.8604,-9.7607,1.3696;
33,Sitting,29711821,1.8506,-9.6875,1.3818;
33,Sitting,29762821,1.7920,-9.7437,1.4136;
33,Sitting,29813821,1.8530,-9.6582,1.2915;
33,Sitting,29864821,1.8408,-9.7485,1.4087;
33,Sitting,29915821,1.8408,-9.7339,1.3330;
33,Sitting,29966821,1.8335,-9.6631,1.3477;
33,Sitting,30017821,1.8042,-9.7437,1.4526;
33,Sitting,30068821,1.8335,-9.6729,1.3965;
33,Sitting,30119821,1.8799,-9.7241,1.3403;
33,Sitting,30170821,1.8335,-9.7510,1.3550;
33,Sitting,30221821,1.8188,-9.6606,1.3159;
33,Sitting,30272821,1.8530,-9.6655,1.3916;
33,Sitting,30323821,1.9385,-9.6338,1.4819;
33,Sitting,30374821,1.8066,-9.6997,1.3599;
33,Sitting,30425821,1.8042,-9.6753,1.4111;
33,Sitting,30476821,1.8164,-9.7656,1.4209;
33,Sitting,30527821,1.7798,-9.7534,1.3354;
33,Sitting,30578821,1.8213,-9.7900,1.2939;
33,Sitting,30629821,1.8506,-9.6533,1.3330;
33,Sitting,30680821,1.8433,-9.6997,1.4478;
33,Sitting,30731821,1.8311,-9.7021,1.3647;
33,Sitting,30782821,1.9067,-9.6997,1.4697;
33,Sitting,30833821,1.8237,-9.7021,1.3257;
33,Sitting,30884821,1.8042,-9.7046,1.4673;
33,Sitting,30935821,1.8530,-9.6606,1.4404;
33,Sitting,30986821,1.8823,-9.7534,1.3794;
33,Sitting,31037821,1.8359,-9.7339,1.3354;
33,Sitting,31088821,1.8286,-9.7656,1.4282;
33,Sitting,31139821,1.7993,-9.7583,1.4697;
33,Sitting,31190821,1.8774,-9.7046,1.5112;
33,Sitting,31241821,1.8481,-9.7217,1.3037;
33,Sitting,31292821,1.7773,-9.6802,1.4966;
33,Sitting,31343821,1.8457,-9.7510,1.3672;
33,Sitting,31394821,1.8335,-9.6704,1.4185;
33,Sitting,31445821,1.8408,-9.7095,1.4185;
33,Sitting,31496821,1.7847,-9.7876,1.2866;
33,Sitting,31547821,1.8481,-9.7412,1.4185;
33,Sitting,31598821,1.8384,-9.7485,1.4404;
33,Sitting,31649821,1.8408,-9.7095,1.4478;
33,Sitting,31700821,1.8726,-9.6973,1.4819;
33,Sitting,31751821,1.8628,-9.6948,1.4307;
33,Sitting,31802821,1.8091,-9.7314,1.3550;
33,Sitting,31853821,1.8115,-9.6460,1.3477;
33,Sitting,31904821,1.8701,-9.7095,1.4258;
33,Sitting,31955821,1.7725,-9.6436,1.3770;
33,Sitting,32006821,1.7969,-9.7388,1.3623;
33,Sitting,32057821,1.8286,-9.6973,1.3110;
33,Sitting,32108821,1.8408,-9.6680,1.3672;
33,Sitting,32159821,1.8457,-9.6729,1.3818;
33,Sitting,32210821,1.8262,-9.7168,1.3452;
33,Sitting,32261821,1.8530,-9.6777,1.3843;
33,Sitting,32312821,1.8726,-9.6558,1.4185;
33,Sitting,32363821,1.8188,-9.7266,1.3159;
33,Sitting,32414821,1.8237,-9.7388,1.3647;
33,Sitting,32465821,1.8408,-9.6948,1.3477;
33,Sitting,32516821,1.8140,-9.7290,1.4600;
33,Sitting,32567821,1.7627,-9.7144,1.4746;
33,Sitting,32618821,1.8140,-9.6997,1.4233;
33,Sitting,32669821,1.8457,-9.6729,1.4380;
33,Sitting,32720821,1.8066,-9.7168,1.5308;
33,Sitting,32771821,1.8359,-9.7583,1.4404;
33,Sitting,32822827,1.7969,-9.7168,1.3062;
33,Sitting,32873821,1.7993,-9.7485,1.4111;
33,Sitting,32924821,1.8408,-9.6582,1.3257;
33,Sitting,32975821,1.8555,-9.6997,1.4502;
33,Sitting,33026821,1.8823,-9.6851,1.4063;
33,Sitting,33077821,1.8335,-9.7266,1.3818;
33,Sitting,33128821,1.8335,-9.7607,1.3965;
33,Sitting,33179821,1.7822,-9.7290,1.2793;
33,Sitting,33230821,1.8384,-9.7388,1.4966;
33,Sitting,33281821,1.8262,-9.6948,1.3843;
33,Sitting,33332821,1.8335,-9.6997,1.3135;
33,Sitting,33383821,1.8335,-9.7778,1.4258;
33,Sitting,33434821,1.8311,-9.7217,1.3965;
33,Sitting,33485821,1.8262,-9.7144,1.3428;
33,Sitting,33536821,1.8188,-9.6655,1.4331;
33,Sitting,33587821,1.8408,-9.7290,1.5015;
33,Sitting,33638821,1.8262,-9.7461,1.4111;
33,Sitting,33689821,1.8213,-9.6973,1.3989;
33,Sitting,33740821,1.8628,-9.6118,1.3794;
33,Sitting,33791821,1.8311,-9.6997,1.3354;
33,Sitting,33842821,1.8506,-9.7070,1.4771;
33,Sitting,33893821,1.7871,-9.7217,1.3525;
33,Sitting,33944821,1.8188,-9.7290,1.3330;
33,Sitting,33995821,1.8433,-9.6973,1.4282;
33,Sitting,34046821,1.8091,-9.7339,1.4795;
33,Sitting,34097821,1.8188,-9.7949,1.4453;
33,Sitting,34148821,1.8481,-9.6558,1.3745;
33,Sitting,34199821,1.8384,-9.7510,1.4038;
33,Sitting,34250821,1.8042,-9.6777,1.4063;
33,Sitting,34301821,1.8506,-9.7754,1.4185;
33,Sitting,34352821,1.8091,-9.6704,1.3696;
33,Sitting,34403821,1.8481,-9.5386,1.3208;
33,Sitting,34454821,1.7700,-9.8853,1.5137;
33,Sitting,34505821,1.9116,-9.6289,1.3062;
33,Sitting,34556821,1.8262,-9.7192,1.3794;
33,Sitting,34607821,1.9019,-9.6899,1.4624;
33,Sitting,34658821,1.8604,-9.6729,1.4258;
33,Sitting,34709821,1.8286,-9.7485,1.3379;
33,Sitting,34760821,1.8262,-9.6680,1.4453;
33,Sitting,34811821,1.9092,-9.6582,1.3867;
33,Sitting,34862821,1.8457,-9.6729,1.4648;
33,Sitting,34913821,1.8457,-9.6704,1.4404;
33,Sitting,34964821,1.7847,-9.7778,1.4111;
33,Sitting,35015821,1.7749,-9.7192,1.3818;
33,Sitting,35066821,1.8384,-9.6851,1.3306;
33,Sitting,35117821,1.8750,-9.7754,1.4087;
33,Sitting,35168821,1.8872,-9.6606,1.3574;
33,Sitting,35219821,1.9312,-9.6973,1.3599;
33,Sitting,35270821,1.9531,-9.6362,1.3770;
33,Sitting,35321821,1.8481,-9.6484,1.2329;
33,Sitting,35372821,1.8262,-9.6802,1.3086;
33,Sitting,35423821,1.8140,-9.7070,1.4160;
33,Sitting,35474821,1.8457,-9.7852,1.4136;
33,Sitting,35525821,1.8701,-9.6045,1.3770;
33,Sitting,35576821,1.9604,-9.7363,1.4746;
33,Sitting,35627821,1.9409,-9.8169,1.4331;
33,Sitting,35678821,1.9165,-9.5068,1.4111;
33,Sitting,35729821,1.9165,-9.7485,1.4722;
33,Sitting,35780821,1.8188,-9.7437,1.3916;
33,Sitting,35831821,1.7798,-9.8584,1.3965;
33,Sitting,35882821,1.7676,-9.7461,1.3696;
33,Sitting,35933821,1.8140,-9.6606,1.3940;
33,Sitting,35984821,1.8750,-9.8047,1.4453;
33,Sitting,36035821,1.9067,-9.6240,1.4404;
33,Sitting,36086821,1.8945,-9.7266,1.4136;
33,Sitting,36137821,1.8188,-9.7070,1.3574;
33,Sitting,36188821,1.8823,-9.6802,1.3257;
33,Sitting,36239821,1.8530,-9.6753,1.4087;
33,Sitting,36290821,1.7944,-9.7119,1.4038;
33,Sitting,36341821,1.8262,-9.7632,1.4014;
33,Sitting,36392821,1.9336,-9.5996,1.4233;
33,Sitting,36443821,1.8091,-9.7485,1.3892;
33,Sitting,36494821,1.8823,-9.7827,1.2891;
33,Sitting,36545821,1.9043,-9.6875,1.3843;
33,Sitting,36596821,1.8579,-9.6704,1.4404;
33,Sitting,36647821,1.8677,-9.6802,1.3501;
33,Sitting,36698821,1.8481,-9.8193,1.3550;
33,Sitting,36749821,1.8188,-9.7339,1.3159;
33,Sitting,36800821,1.8115,-9.7095,1.3940;
33,Sitting,36851821,1.8823,-9.6484,1.2988;
33,Sitting,36902821,1.9263,-9.5923,1.4233;
33,Sitting,36953821,1.8018,-9.7192,1.4111;
33,Sitting,37004821,1.8335,-9.7217,1.3110;
33,Sitting,37055821,1.8579,-9.7266,1.3574;
33,Sitting,37106821,1.8628,-9.6924,1.4429;
33,Sitting,37157821,1.8628,-9.6411,1.4087;
33,Sitting,37208821,1.7700,-9.7461,1.3843;
33,Sitting,37259821,1.7798,-9.7607,1.3550;
33,Sitting,37310821,1.8018,-9.7119,1.3745;
33,Sitting,37361821,1.8481,-9.7192,1.4941;
33,Sitting,37412821,1.8262,-9.7314,1.3672;
33,Sitting,37463821,1.8018,-9.6509,1.4038;
33,Sitting,37514821,1.8042,-9.6558,1.2354;
33,Sitting,37565821,1.8262,-9.8218,1.5112;
33,Sitting,37616821,1.9214,-9.6826,1.3794;
33,Sitting,37667821,1.9409,-9.5630,1.4380;
33,Sitting,37718821,1.8555,-9.7876,1.3989;
33,Sitting,37769821,1.9116,-9.7241,1.4258;
33,Sitting,37820821,1.9067,-9.6997,1.2646;
33,Sitting,37871821,1.8872,-9.6558,1.3574;
33,Sitting,37922821,1.9067,-9.6997,1.3672;
33,Sitting,37973821,1.8848,-9.6777,1.3843;
33,Sitting,38024821,1.8799,-9.7534,1.4478;
33,Sitting,38075821,1.8311,-9.7021,1.3647;
33,Sitting,38126821,1.8164,-9.8120,1.4063;
33,Sitting,38177821,1.8213,-9.6826,1.3379;
33,Sitting,38228821,1.8701,-9.7559,1.3965;
33,Sitting,38279821,1.8188,-9.7339,1.3647;
33,Sitting,38330821,1.8799,-9.6216,1.3208;
33,Sitting,38381821,1.7676,-9.8291,1.4233;
33,Sitting,38432821,1.7676,-9.6826,1.3989;
33,Sitting,38483821,1.8799,-9.6875,1.4966;
33,Sitting,38534821,1.8335,-9.7485,1.4746;
33,Sitting,38585821,1.8677,-9.6899,1.4307;
33,Sitting,38636821,1.9189,-9.7046,1.3574;
33,Sitting,38687821,1.8408,-9.6899,1.4282;
33,Sitting,38738821,1.8457,-9.7192,1.3818;
33,Sitting,38789821,1.8213,-9.7852,1.3428;
33,Sitting,38840821,1.8091,-9.6875,1.4355;
33,Sitting,38891821,1.8237,-9.6948,1.3159;
33,Sitting,38942821,1.7993,-9.7388,1.3794;
33,Sitting,38993821,1.8530,-9.6338,1.2720;
33,Sitting,39044821,1.7554,-9.7998,1.4380;
33,Sitting,39095821,1.8604,-9.7656,1.4014;
33,Sitting,39146821,1.8140,-9.6606,1.2793;
33,Sitting,39197821,1.8237,-9.7681,1.4038;
33,Sitting,39248821,1.8921,-9.7095,1.3037;
33,Sitting,39299821,1.8262,-9.6387,1.3159;
33,Sitting,39350821,1.7847,-9.7095,1.3892;
33,Sitting,39401821,1.8604,-9.7388,1.3818;
33,Sitting,39452821,1.8237,-9.6899,1.4355;
33,Sitting,39503821,1.9214,-9.7534,1.3354;
33,Sitting,39554821,1.8408,-9.6338,1.4111;
33,Sitting,39605821,1.8481,-9.7046,1.4404;
33,Sitting,39656821,1.7871,-9.7339,1.3672;
33,Sitting,39707821,1.8701,-9.7339,1.3696;
33,Sitting,39758821,1.8555,-9.6948,1.4209;
33,Sitting,39809821,1.8335,-9.7046,1.3403;
33,Sitting,39860821,1.8848,-9.6899,1.3550;
33,Sitting,39911821,1.9067,-9.6777,1.4453;
33,Sitting,39962821,1.9116,-9.6851,1.3843;
33,Sitting,40013821,1.8750,-9.6973,1.3623;
33,Sitting,40064821,1.8799,-9.6240,1.4404;
33,Sitting,40115821,1.8799,-9.7046,1.3550;
33,Sitting,40166821,1.9141,-9.7607,1.2915;
33,Sitting,40217821,1.8970,-9.5850,1.3428;
33,Sitting,40268821,1.8237,-9.6875,1.4331;
33,Sitting,40319821,1.8481,-9.7900,1.3428;
33,Sitting,40370821,1.8555,-9.7095,1.3452;
33,Sitting,40421821,1.8750,-9.7632,1.2915;
33,Sitting,40472821,1.8921,-9.6460,1.3843;
33,Sitting,40523821,1.9019,-9.6729,1.4038;
33,Sitting,40574840,1.7700,-9.7144,1.3403;
33,Sitting,40625821,1.8433,-9.7192,1.3770;
33,Sitting,40676821,1.8652,-9.7681,1.3843;
33,Sitting,40727821,1.9019,-9.6948,1.4355;
33,Sitting,40778821,1.8384,-9.6655,1.3501;
33,Sitting,40829821,1.8750,-9.7168,1.3940;
33,Sitting,40880821,1.8481,-9.6875,1.4136;
33,Sitting,40931821,1.8237,-9.8340,1.3281;
33,Sitting,40982821,1.8799,-9.6436,1.4331;
33,Sitting,41033821,1.8164,-9.7314,1.2891;
33,Sitting,41084821,1.9141,-9.6167,1.3940;
33,Sitting,41135821,1.8213,-9.7461,1.3916;
33,Sitting,41186821,1.8848,-9.7339,1.3452;
33,Sitting,41237821,1.8872,-9.6387,1.3794;
33,Sitting,41288821,1.8555,-9.6997,1.3745;
33,Sitting,41339821,1.8677,-9.6997,1.2720;
33,Sitting,41390821,1.8652,-9.7388,1.3940;
33,Sitting,41441821,1.8481,-9.7070,1.4185;
33,Sitting,41492821,1.9531,-9.6484,1.4233;
33,Sitting,41543821,1.8359,-9.7363,1.4429;
33,Sitting,41594821,1.7822,-9.6729,1.3843;
33,Sitting,41645821,1.7944,-9.7852,1.3599;
33,Sitting,41696821,1.9092,-9.6436,1.2939;
33,Sitting,41747821,1.9019,-9.7974,1.3916;
33,Sitting,41798821,1.8481,-9.6655,1.4917;
33,Sitting,41849821,1.8579,-9.6387,1.3892;
33,Sitting,41900821,1.8945,-9.7095,1.4063;
33,Sitting,41951821,1.8384,-9.6875,1.4478;
33,Sitting,42002821,1.8799,-9.7168,1.4258;
33,Sitting,42053821,1.8848,-9.7876,1.4502;
33,Sitting,42104821,1.7407,-9.7900,1.3599;
33,Sitting,42155821,1.8628,-9.6851,1.2695;
33,Sitting,42206821,1.9458,-9.5996,1.4136;
33,Sitting,42257821,1.8799,-9.7632,1.4380;
33,Sitting,42308821,1.8164,-9.7266,1.2622;
33,Sitting,42359821,1.8091,-9.7070,1.5015;
33,Sitting,42410821,1.8701,-9.6436,1.4453;
33,Sitting,42461821,1.8945,-9.6802,1.3672;
33,Sitting,42512821,1.8213,-9.7241,1.3892;
33,Sitting,42563821,1.8311,-9.7803,1.3770;
33,Sitting,42614821,1.8213,-9.7168,1.3037;
33,Sitting,42665821,1.8408,-9.6436,1.3916;
33,Sitting,42716821,1.9165,-9.7168,1.3672;
33,Sitting,42767821,1.8970,-9.6411,1.3208;
33,Sitting,42818821,1.9092,-9.6729,1.4160;
33,Sitting,42869821,1.8652,-9.7583,1.3721;
33,Sitting,42920821,1.7993,-9.7729,1.3989;
33,Sitting,42971821,1.8311,-9.7437,1.4063;
33,Sitting,43022821,1.8237,-9.7339,1.3965;
33,Sitting,43073821,1.8872,-9.7656,1.3428;
33,Sitting,43124821,1.8750,-9.6948,1.4746;
33,Sitting,43175821,1.9019,-9.7046,1.3574;
33,Sitting,43226821,1.7676,-9.6973,1.2915;
33,Sitting,43277821,1.8018,-9.6729,1.3306;
33,Sitting,43328821,1.8481,-9.7754,1.3916;
33,Sitting,43379821,1.8970,-9.7754,1.5088;
33,Sitting,43430821,1.8750,-9.6240,1.3403;
33,Sitting,43481821,1.8799,-9.6240,1.4282;
33,Sitting,43532821,1.9092,-9.6924,1.4014;
33,Sitting,43583821,1.8530,-9.6924,1.3574;
33,Sitting,43634821,1.7749,-9.6826,1.3794;
33,Sitting,43685821,1.8701,-9.6729,1.4063;
33,Sitting,43736821,1.8530,-9.6802,1.4697;
33,Sitting,43787821,1.8872,-9.7314,1.4063;
33,Sitting,43838821,1.8799,-9.6899,1.3818;
33,Sitting,43889821,1.9214,-9.6704,1.3892;
33,Sitting,43940821,1.9165,-9.6899,1.4111;
33,Sitting,43991821,1.8604,-9.6997,1.3452;
33,Sitting,44042821,1.8896,-9.7168,1.3232;
33,Sitting,44093821,1.8237,-9.7095,1.3672;
33,Sitting,44144821,1.9336,-9.6631,1.3135;
33,Sitting,44195821,1.9019,-9.6387,1.4111;
33,Sitting,44246821,1.8311,-9.6655,1.3647;
33,Sitting,44297821,1.8481,-9.6606,1.3623;
33,Sitting,44348821,1.8188,-9.7559,1.4087;
33,Sitting,44399821,1.8042,-9.6484,1.3477;
33,Sitting,44450821,1.8896,-9.7437,1.3550;
33,Sitting,44501821,1.8896,-9.6069,1.3818;
33,Sitting,44552821,1.8872,-9.7314,1.4746;
33,Sitting,44603821,1.8335,-9.7046,1.2549;
33,Sitting,44654821,1.8555,-9.7168,1.3672;
33,Sitting,44705821,1.8359,-9.7485,1.4331;
33,Sitting,44756821,1.8311,-9.5923,1.3306;
33,Sitting,44807821,1.8896,-9.6899,1.4355;
33,Sitting,44858821,1.8652,-9.6826,1.4063;
33,Sitting,44909821,1.8945,-9.7705,1.3794;
33,Sitting,44960821,1.7993,-9.7119,1.3428;
33,Sitting,45011821,1.9092,-9.7070,1.3818;
33,Sitting,45062821,1.9019,-9.6777,1.3281;
33,Sitting,45113821,1.8506,-9.7266,1.4453;
33,Sitting,45164821,1.8799,-9.6655,1.3330;
33,Sitting,45215821,1.9531,-9.7388,1.3550;
33,Sitting,45266821,1.8604,-9.6265,1.2964;
33,Sitting,45317821,1.8945,-9.7388,1.3696;
33,Sitting,45368821,1.8408,-9.7021,1.5088;
33,Sitting,45419821,1.8970,-9.6631,1.3696;
33,Sitting,45470821,1.9141,-9.6729,1.3330;
33,Sitting,45521821,1.9409,-9.7266,1.3818;
33,Sitting,45572821,1.7651,-9.7388,1.4014;
33,Sitting,45623821,1.8677,-9.6899,1.4502;
33,Sitting,45674821,1.8774,-9.7388,1.3989;
33,Sitting,45725821,1.8433,-9.6802,1.4429;
33,Sitting,45776821,1.8384,-9.6680,1.4038;
33,Sitting,45827821,1.7944,-9.8315,1.3916;
33,Sitting,45878821,1.8555,-9.6265,1.3013;
33,Sitting,45929821,1.9263,-9.6777,1.3696;
33,Sitting,45980821,1.9019,-9.6875,1.3989;
33,Sitting,46031821,1.8164,-9.7437,1.3623;
33,Sitting,46082821,1.8628,-9.7778,1.3330;
33,Sitting,46133821,1.7969,-9.6533,1.2524;
33,Sitting,46184821,1.8994,-9.6606,1.3232;
33,Sitting,46235821,1.8848,-9.7559,1.4697;
33,Sitting,46286821,1.8433,-9.6606,1.4209;
33,Sitting,46337821,1.8408,-9.8022,1.2036;
33,Sitting,46388821,1.8286,-9.7217,1.4014;
33,Sitting,46439821,1.9116,-9.6387,1.3892;
33,Sitting,46490821,1.9458,-9.6460,1.3574;
33,Sitting,46541821,1.9141,-9.6362,1.3989;
33,Sitting,46592821,1.8237,-9.6899,1.3354;
33,Sitting,46643821,1.8018,-9.7778,1.2988;
33,Sitting,46694821,1.8091,-9.7559,1.3501;
33,Sitting,46745821,1.8823,-9.6558,1.4575;
33,Sitting,46796821,1.8652,-9.6484,1.4575;
33,Sitting,46847821,1.8799,-9.6240,1.3892;
33,Sitting,46898821,1.8872,-9.5850,1.3135;
33,Sitting,46949821,1.8311,-9.7632,1.3745;
33,Sitting,47000821,1.8433,-9.7705,1.4429;
33,Sitting,47051821,1.7456,-9.7217,1.4600;
33,Sitting,47102821,1.7773,-9.8096,1.4111;
33,Sitting,47153821,1.8750,-9.7412,1.4648;
33,Sitting,47204821,1.8530,-9.6582,1.3477;
33,Sitting,47255821,1.9238,-9.7217,1.4014;
33,Sitting,47306821,1.8994,-9.6777,1.3916;
33,Sitting,47357821,1.8652,-9.7388,1.2964;
33,Sitting,47408821,1.9092,-9.5898,1.4087;
33,Sitting,47459821,1.9409,-9.7900,1.4160;
33,Sitting,47510821,1.8921,-9.5679,1.3403;
33,Sitting,47561821,1.8530,-9.6802,1.3574;
33,Sitting,47612821,1.8115,-9.6680,1.3477;
33,Sitting,47663821,1.8018,-9.6924,1.3037;
33,Sitting,47714821,1.7969,-9.7070,1.3306;
33,Sitting,47765821,1.8115,-9.6655,1.3940;
33,Sitting,47816821,1.8530,-9.7168,1.3501;
33,Sitting,47867821,1.8433,-9.6509,1.3306;
33,Sitting,47918821,1.8213,-9.7363,1.3745;
33,Sitting,47969821,1.7896,-9.7461,1.3647;
33,Sitting,48020821,1.7773,-9.6851,1.3721;
33,Sitting,48071821,1.8726,-9.6045,1.3037;
33,Sitting,48122821,1.9116,-9.7046,1.3647;
33,Sitting,48173821,1.8799,-9.6729,1.3501;
33,Sitting,48224821,1.8359,-9.6851,1.3428;
33,Sitting,48275821,1.7407,-9.6753,1.3989;
33,Sitting,48326821,1.8066,-9.7583,1.4429;
33,Sitting,48377821,1.8628,-9.7095,1.3892;
33,Sitting,48428821,1.8872,-9.7119,1.3110;
33,Sitting,48479821,1.8384,-9.7241,1.2769;
33,Sitting,48530821,1.8945,-9.6655,1.3794;
33,Sitting,48581821,1.8872,-9.6753,1.3184;
33,Sitting,48632821,1.8311,-9.7021,1.3892;
33,Sitting,48683821,1.8384,-9.6362,1.3013;
33,Sitting,48734821,1.8677,-9.7314,1.3330;
33,Sitting,48785821,1.8750,-9.7388,1.4551;
33,Sitting,48836821,1.8408,-9.7388,1.3379;
33,Sitting,48887821,1.8384,-9.6777,1.3623;
33,Sitting,48938821,1.8628,-9.6875,1.3647;
33,Sitting,48989821,1.8604,-9.6875,1.4673;
33,Sitting,49040821,1.8604,-9.7363,1.3892;
33,Sitting,49091821,1.8530,-9.6899,1.3770;
33,Sitting,49142821,1.7993,-9.6997,1.3525;
33,Sitting,49193821,1.9165,-9.6924,1.3354;
33,Sitting,49244821,1.8579,-9.7437,1.2891;
33,Sitting,49295821,1.8433,-9.7729,1.3818;
33,Sitting,49346821,1.8018,-9.6948,1.3159;
33,Sitting,49397821,1.8774,-9.7705,1.3330;
33,Sitting,49448821,1.8506,-9.6387,1.2939;
33,Sitting,49499821,1.8628,-9.6851,1.4038;
33,Sitting,49550821,1.8237,-9.7876,1.3770;
33,Sitting,49601821,1.8335,-9.7217,1.3574;
33,Sitting,49652821,1.8262,-9.7363,1.3696;
33,Sitting,49703821,1.8823,-9.6362,1.3599;
33,Sitting,49754821,1.9263,-9.6411,1.3525;
33,Sitting,49805821,1.8311,-9.6753,1.2549;
33,Sitting,49856821,1.8750,-9.7217,1.2988;
33,Sitting,49907821,1.8994,-9.7046,1.3184;
33,Sitting,49958821,1.8262,-9.6777,1.3574;
33,Sitting,50009821,1.9067,-9.6509,1.3086;
33,Sitting,50060821,1.8530,-9.6973,1.4160;
33,Sitting,50111821,1.8628,-9.6997,1.3745;
33,Sitting,50162821,1.8091,-9.6509,1.3013;
33,Sitting,50213821,1.8408,-9.6899,1.3574;
33,Sitting,50264821,1.8579,-9.7217,1.2671;
33,Sitting,50315821,1.9116,-9.5898,1.4551;
33,Sitting,50366821,1.7969,-9.7461,1.3428;
33,Sitting,50417821,1.8579,-9.6362,1.2939;
33,Sitting,50468821,1.8970,-9.7778,1.3892;
33,Sitting,50519821,1.6870,-9.5703,1.3525;
33,Sitting,50570821,1.8042,-9.7827,1.2598;
33,Sitting,50621821,1.9263,-9.9194,1.2842;
33,Sitting,50672821,1.7969,-9.6436,1.3110;
33,Sitting,50723821,1.8481,-9.6729,1.3843;
33,Sitting,50774821,1.9116,-9.5972,1.3843;
33,Sitting,50825821,1.8555,-9.6948,1.3184;
33,Sitting,50876821,1.8750,-9.5679,1.4380;
33,Sitting,50927821,1.8115,-9.7314,1.3306;
33,Sitting,50978821,1.8115,-9.7656,1.2720;
33,Sitting,51029821,1.8872,-9.7534,1.3184;
33,Sitting,51080821,1.8481,-9.6948,1.3501;
33,Sitting,51131821,1.8970,-9.6899,1.3086;
33,Sitting,51182821,1.8286,-9.7607,1.4136;
33,Sitting,51233821,1.8799,-9.7363,1.2671;
33,Sitting,51284821,1.8896,-9.7192,1.3867;
33,Sitting,51335821,1.8262,-9.7095,1.4355;
33,Sitting,51386821,1.8164,-9.6582,1.2671;
33,Sitting,51437821,1.8335,-9.7388,1.3916;
33,Sitting,51488821,1.8701,-9.6851,1.4038;
33,Sitting,51539821,1.8481,-9.7534,1.3159;
33,Sitting,51590821,1.9751,-9.6851,1.4185;
33,Sitting,51641821,1.8799,-9.6753,1.4087;
33,Sitting,51692821,1.8286,-9.7095,1.4038;
33,Sitting,51743821,1.7749,-9.7681,1.2988;
33,Sitting,51794821,1.8408,-9.7119,1.4111;
33,Sitting,51845821,1.9336,-9.5923,1.3550;
33,Sitting,51896821,1.8848,-9.7363,1.4063;
33,Sitting,51947821,1.8433,-9.6802,1.3428;
33,Sitting,51998821,1.8994,-9.6899,1.3013;
33,Sitting,52049821,1.8726,-9.6851,1.3550;
33,Sitting,52100821,1.7847,-9.7803,1.3867;
33,Sitting,52151821,1.9263,-9.6973,1.3623;
33,Sitting,52202821,1.9385,-9.6167,1.4038;
33,Sitting,52253821,1.8726,-9.8096,1.3086;
33,Sitting,52304821,1.8042,-9.7339,1.3672;
33,Sitting,52355821,1.9092,-9.6753,1.4258;
33,Sitting,52406821,1.8115,-9.6704,1.3843;
33,Sitting,52457821,1.8896,-9.7168,1.2988;
33,Sitting,52508821,1.8384,-9.6899,1.2524;
33,Sitting,52559821,1.7798,-9.7876,1.4429;
33,Sitting,52610821,1.8262,-9.7144,1.3037;
33,Sitting,52661821,1.9019,-9.7168,1.2842;
33,Sitting,52712821,1.8579,-9.7192,1.2915;
33,Sitting,52763821,1.8359,-9.7095,1.3135;
33,Sitting,52814821,1.8579,-9.6533,1.2622;
33,Sitting,52865821,1.9263,-9.7583,1.2988;
33,Sitting,52916821,1.9678,-9.6802,1.3208;
33,Sitting,52967821,1.8970,-9.6729,1.2500;
33,Sitting,53018821,1.8994,-9.7412,1.2817;
33,Sitting,53069821,1.8872,-9.6997,1.2793;
33,Sitting,53120821,1.9214,-9.6582,1.2427;
33,Sitting,53171821,1.9043,-9.6655,1.2793;
33,Sitting,53222821,1.9873,-9.6753,1.2842;
33,Sitting,53273821,2.0117,-9.5947,1.2622;
33,Sitting,53324821,1.9946,-9.6899,1.3184;
33,Sitting,53375821,1.9238,-9.7046,1.2695;
33,Sitting,53426821,1.9995,-9.6484,1.2354;
33,Sitting,53477821,1.9678,-9.6631,1.2842;
33,Sitting,53528821,1.9458,-9.7046,1.2622;
33,Sitting,53579821,1.9434,-9.6973,1.2573;
33,Sitting,53630821,1.9629,-9.7046,1.2476;
33,Sitting,53681821,1.9214,-9.6387,1.3257;
33,Sitting,53732821,1.8579,-9.7021,1.3257;
33,Sitting,53783821,1.8188,-9.6094,1.3184;
33,Sitting,53834821,1.8823,-9.7388,1.3037;
33,Sitting,53885821,1.8262,-9.7705,1.2695;
33,Sitting,53936821,1.9189,-9.7314,1.2988;
33,Sitting,53987821,1.9824,-9.6606,1.3086;
33,Sitting,54038821,1.8896,-9.6924,1.2988;
33,Sitting,54089821,1.9043,-9.7095,1.2378;
33,Sitting,54140821,1.8823,-9.7583,1.3721;
33,Sitting,54191821,1.9238,-9.6899,1.2793;
33,Sitting,54242821,1.9727,-9.8242,1.3940;
33,Sitting,54293821,1.9653,-9.6460,1.2842;
33,Sitting,54344821,1.9629,-9.6509,1.3086;
33,Sitting,54395821,1.9897,-9.5508,1.3184;
33,Sitting,54446821,1.9604,-9.7266,1.3135;
33,Sitting,54497821,1.9507,-9.6582,1.1890;
33,Sitting,54548821,1.9263,-9.7192,1.3037;
33,Sitting,54599821,1.9458,-9.6777,1.2769;
33,Sitting,54650821,1.9019,-9.6338,1.2598;
33,Sitting,54701821,1.9263,-9.6826,1.3159;
33,Sitting,54752821,1.9482,-9.6509,1.3354;
33,Sitting,54803821,1.9067,-9.7339,1.2891;
33,Sitting,54854821,1.9092,-9.6460,1.3672;
33,Sitting,54905821,1.8970,-9.7778,1.3379;
33,Sitting,54956821,1.9409,-9.6924,1.2671;
33,Sitting,55007821,1.9800,-9.7314,1.2158;
33,Sitting,55058821,1.9189,-9.6362,1.3501;
33,Sitting,55109821,1.9312,-9.6802,1.2988;
33,Sitting,55160821,1.9458,-9.5898,1.3208;
33,Sitting,55211821,1.8945,-9.6362,1.1792;
33,Sitting,55262821,1.8506,-9.7852,1.2451;
33,Sitting,55313821,1.8921,-9.6216,1.3037;
33,Sitting,55364821,1.9263,-9.6899,1.3550;
33,Sitting,55415821,1.9922,-9.6899,1.3257;
33,Sitting,55466821,1.9116,-9.7070,1.3501;
33,Sitting,55517821,1.9604,-9.5654,1.2036;
33,Sitting,55568821,1.9287,-9.6973,1.2939;
33,Sitting,55619821,1.9385,-9.7388,1.3892;
33,Sitting,55670821,1.8945,-9.6753,1.2720;
33,Sitting,55721821,1.9141,-9.7266,1.3062;
33,Sitting,55772821,1.9531,-9.7485,1.4575;
33,Sitting,55823821,1.8823,-9.6826,1.3208;
33,Sitting,55874821,1.8677,-9.7681,1.2695;
33,Sitting,55925821,1.9189,-9.7510,1.3257;
33,Sitting,55976821,1.9727,-9.5947,1.3403;
33,Sitting,56027821,2.0020,-9.6338,1.3452;
33,Sitting,56078821,1.9873,-9.6753,1.3330;
33,Sitting,56129821,1.9922,-9.6143,1.3281;
33,Sitting,56180821,1.8945,-9.7095,1.3550;
33,Sitting,56231821,1.9360,-9.6118,1.2817;
33,Sitting,56282821,1.9727,-9.6362,1.3428;
33,Sitting,56333821,1.9409,-9.6777,1.3818;
33,Sitting,56384821,1.9336,-9.6143,1.3086;
33,Sitting,56435821,1.9507,-9.7681,1.2549;
33,Sitting,56486821,1.9385,-9.6582,1.3818;
33,Sitting,56537821,1.9849,-9.6680,1.3159;
33,Sitting,56588821,1.9165,-9.7461,1.3843;
33,Sitting,56639821,1.9824,-9.6680,1.3574;
33,Sitting,56690821,1.9629,-9.7266,1.3379;
33,Sitting,56741821,1.8872,-9.7729,1.2280;
33,Sitting,56792821,1.9531,-9.6069,1.2988;
33,Sitting,56843821,1.8872,-9.7168,1.3379;
33,Sitting,56894821,1.9556,-9.7949,1.3770;
33,Sitting,56945821,1.8970,-9.7241,1.2915;
33,Sitting,56996821,1.9336,-9.6948,1.3330;
33,Sitting,57047821,1.9482,-9.6289,1.3550;
33,Sitting,57098821,1.9360,-9.6826,1.3843;
33,Sitting,57149821,1.8872,-9.7485,1.4258;
33,Sitting,57200821,1.9775,-9.6387,1.3403;
33,Sitting,57251821,1.9019,-9.7510,1.3965;
33,Sitting,57302821,1.8726,-9.7388,1.3477;
33,Sitting,57353821,1.8848,-9.7339,1.2695;
33,Sitting,57404821,1.9287,-9.6875,1.4258;
33,Sitting,57455821,2.0068,-9.7339,1.3037;
33,Sitting,57506821,2.0508,-9.6582,1.3867;
33,Sitting,57557821,2.0630,-9.5850,1.2915;
33,Sitting,57608821,1.9653,-9.6045,1.2866;
33,Sitting,57659821,1.9800,-9.6631,1.2231;
33,Sitting,57710821,2.0020,-9.7900,1.4111;
33,Sitting,57761821,1.9775,-9.7266,1.3428;
33,Sitting,57812821,1.9849,-9.5679,1.3110;
33,Sitting,57863821,1.8701,-9.6973,1.2744;
33,Sitting,57914821,1.8799,-9.8218,1.3257;
33,Sitting,57965821,1.9849,-9.7534,1.4038;
33,Sitting,58016821,2.0044,-9.4800,1.3281;
33,Sitting,58067821,1.9556,-9.7607,1.3110;
33,Sitting,58118821,1.9629,-9.6313,1.2915;
33,Sitting,58169821,1.9312,-9.6484,1.3623;
33,Sitting,58220821,1.8701,-9.7314,1.4136;
33,Sitting,58271821,1.8896,-9.6655,1.2720;
33,Sitting,58322821,1.8921,-9.6924,1.2720;
33,Sitting,58373821,1.9312,-9.6851,1.3159;
33,Sitting,58424821,1.9019,-9.7485,1.4063;
33,Sitting,58475821,1.8262,-9.6777,1.3501;
33,Sitting,58526821,1.9238,-9.7949,1.4307;
33,Sitting,58577821,1.9556,-9.6362,1.2720;
33,Sitting,58628821,2.0508,-9.6631,1.3354;
33,Sitting,58679821,1.9287,-9.6167,1.3257;
33,Sitting,58730821,1.8994,-9.7290,1.2598;
33,Sitting,58781821,1.8945,-9.7437,1.3110;
33,Sitting,58832821,1.9409,-9.6729,1.2988;
33,Sitting,58883821,1.9653,-9.6606,1.2378;
33,Sitting,58934821,1.9775,-9.6338,1.4795;
33,Sitting,58985821,1.9263,-9.7876,1.2842;
33,Sitting,59036821,1.8237,-9.7437,1.2280;
33,Sitting,59087821,1.8945,-9.7217,1.3013;
33,Sitting,59138821,1.9263,-9.6948,1.4233;
33,Sitting,59189821,2.0068,-9.6509,1.4355;
33,Sitting,59240821,1.9897,-9.5776,1.3184;
33,Sitting,59291821,1.9775,-9.6094,1.3110;
33,Sitting,59342821,1.9165,-9.7754,1.2817;
33,Sitting,59393821,1.8604,-9.7534,1.1890;
33,Sitting,59444821,1.9165,-9.7656,1.3086;
33,Sitting,59495821,1.9824,-9.6509,1.3745;
33,Sitting,59546821,2.0337,-9.6460,1.4087;
33,Sitting,59597821,2.0020,-9.5996,1.3623;
33,Sitting,59648821,1.9458,-9.7290,1.2744;
33,Sitting,59699821,1.8921,-9.6436,1.2915;
33,Sitting,59750821,1.9238,-9.7168,1.2524;
33,Sitting,59801821,1.9482,-9.6777,1.3208;
33,Sitting,59852821,1.9385,-9.6362,1.3818;
33,Sitting,59903821,1.9727,-9.6338,1.3403;
33,Sitting,59954821,1.8774,-9.6704,1.3013;
33,Sitting,60005821,1.9189,-9.7314,1.2891;
33,Sitting,60056821,1.8457,-9.7217,1.4038;
33,Sitting,60107821,1.9629,-9.6021,1.2646;
33,Sitting,60158821,1.9922,-9.6875,1.2988;
33,Sitting,60209821,1.9092,-9.7339,1.3745;
33,Sitting,60260821,1.9092,-9.6606,1.3281;
33,Sitting,60311821,1.8677,-9.7974,1.3086;
33,Sitting,60362821,1.8994,-9.7729,1.3281;
33,Sitting,60413821,2.0508,-9.6289,1.4160;
33,Sitting,60464821,2.0190,-9.6240,1.3110;
33,Sitting,60515821,1.9678,-9.6387,1.2646;
33,Sitting,60566821,1.9678,-9.7217,1.2036;
33,Sitting,60617821,1.9531,-9.7559,1.2793;
33,Sitting,60668821,1.9458,-9.6436,1.2305;
33,Sitting,60719821,2.0117,-9.7534,1.3501;
33,Sitting,60770821,2.1094,-9.5630,1.2646;
33,Sitting,60821821,1.9702,-9.6118,1.2793;
33,Sitting,60872821,1.8774,-9.7339,1.2769;
33,Sitting,60923821,1.9385,-9.7559,1.2646;
33,Sitting,60974821,1.9507,-9.7827,1.4526;
33,Sitting,61025821,2.0459,-9.5703,1.2402;
33,Sitting,61076821,1.9800,-9.6729,1.4380;
33,Sitting,61127821,1.9751,-9.6338,1.2695;
33,Sitting,61178821,1.9116,-9.7241,1.4087;
33,Sitting,61229821,1.8896,-9.7827,1.3232;
33,Sitting,61280821,2.0044,-9.6460,1.3062;
33,Sitting,61331821,2.0654,-9.5386,1.4038;
33,Sitting,61382821,2.0361,-9.5728,1.2817;
33,Sitting,61433821,1.9580,-9.7046,1.1792;
33,Sitting,61484821,1.9971,-9.7974,1.2793;
33,Sitting,61535821,1.9873,-9.7144,1.2891;
33,Sitting,61586821,2.0825,-9.5947,1.3135;
33,Sitting,61637821,2.0679,-9.7144,1.3696;
33,Sitting,61688821,1.9653,-9.7095,1.3062;
33,Sitting,61739821,1.9580,-9.6899,1.3184;
33,Sitting,61790821,1.9336,-9.6460,1.1768;
33,Sitting,61841821,1.9604,-9.7339,1.3623;
33,Sitting,61892832,2.0508,-9.5947,1.3208;
33,Sitting,61943821,1.9800,-9.6631,1.3843;
33,Sitting,61994821,1.8628,-9.6948,1.3940;
33,Sitting,62045821,1.9458,-9.7778,1.2183;
33,Sitting,62096821,1.9800,-9.6680,1.3550;
33,Sitting,62147821,2.0337,-9.5825,1.3159;
33,Sitting,62198821,2.0117,-9.6313,1.3062;
33,Sitting,62249821,1.9116,-9.6655,1.2476;
33,Sitting,62300821,1.8945,-9.8120,1.2646;
33,Sitting,62351821,1.8774,-9.7632,1.2695;
33,Sitting,62402821,1.9946,-9.6533,1.3257;
33,Sitting,62453821,2.0337,-9.5898,1.2695;
33,Sitting,62504821,1.9775,-9.5996,1.3330;
33,Sitting,62555821,1.8823,-9.6558,1.2817;
33,Sitting,62606821,1.8848,-9.8560,1.1938;
33,Sitting,62657821,1.9214,-9.6509,1.2695;
33,Sitting,62708821,1.9043,-9.6338,1.3184;
33,Sitting,62759821,1.8311,-9.7046,1.3867;
33,Sitting,62810821,1.8555,-9.7681,1.3696;
33,Sitting,62861821,1.8970,-9.6582,1.3159;
33,Sitting,62912821,1.9092,-9.7656,1.3574;
33,Sitting,62963821,1.9824,-9.5947,1.2866;
33,Sitting,63014821,1.9604,-9.6973,1.3135;
33,Sitting,63065821,2.0142,-9.7144,1.2061;
33,Sitting,63116821,2.0312,-9.6631,1.2280;
33,Sitting,63167821,2.0142,-9.6240,1.2720;
33,Sitting,63218821,2.0605,-9.6436,1.3086;
33,Sitting,63269821,2.1021,-9.6216,1.3281;
33,Sitting,63320821,2.0581,-9.6094,1.2744;
33,Sitting,63371821,2.0117,-9.6240,1.2427;
33,Sitting,63422821,1.9727,-9.7461,1.2915;
33,Sitting,63473821,1.9604,-9.5874,1.2109;
33,Sitting,63524821,1.9873,-9.6631,1.3257;
33,Sitting,63575821,1.9971,-9.7485,1.4380;
33,Sitting,63626821,1.9434,-9.6655,1.2720;
33,Sitting,63677821,2.0850,-9.6118,1.2573;
33,Sitting,63728821,2.0874,-9.6338,1.3354;
33,Sitting,63779821,2.0508,-9.4678,1.2817;
33,Sitting,63830821,1.9824,-9.7046,1.2402;
33,Sitting,63881821,1.9482,-9.7583,1.2598;
33,Sitting,63932821,1.9971,-9.7339,1.2695;
33,Sitting,63983821,2.0898,-9.6680,1.2744;
33,Sitting,64034821,2.0361,-9.6826,1.3159;
33,Sitting,64085821,2.0239,-9.5459,1.3037;
33,Sitting,64136821,1.9580,-9.7510,1.2793;
33,Sitting,64187821,1.9385,-9.6924,1.2402;
33,Sitting,64238821,1.9824,-9.7095,1.2329;
33,Sitting,64289821,1.9727,-9.6631,1.2280;
33,Sitting,64340821,2.0215,-9.6899,1.3354;
33,Sitting,64391821,1.9482,-9.6704,1.2891;
33,Sitting,64442821,1.9556,-9.8267,1.1499;
33,Sitting,64493821,2.0166,-9.6704,1.2402;
33,Sitting,64544821,1.9946,-9.7168,1.3574;
33,Sitting,64595821,2.0020,-9.6362,1.1914;
33,Sitting,64646821,1.9556,-9.7583,1.1865;
33,Sitting,64697821,2.0288,-9.5947,1.2695;
33,Sitting,64748821,2.0386,-9.6118,1.2476;
33,Sitting,64799821,2.0630,-9.7168,1.2744;
33,Sitting,64850821,1.9995,-9.6484,1.2427;
33,Sitting,64901821,2.0264,-9.6680,1.2500;
33,Sitting,64952821,1.9653,-9.5825,1.2476;
33,Sitting,65003821,2.0142,-9.6753,1.2231;
33,Sitting,65054821,2.0264,-9.7412,1.1914;
33,Sitting,65105821,2.0044,-9.7461,1.2500;
33,Sitting,65156821,1.9751,-9.7144,1.1182;
33,Sitting,65207821,2.1387,-9.4922,1.2451;
33,Sitting,65258821,2.0117,-9.8022,1.3721;
33,Sitting,65309821,1.9165,-9.6753,1.2036;
33,Sitting,65360821,2.0142,-9.6021,1.2915;
33,Sitting,65411821,2.0264,-9.7046,1.2549;
33,Sitting,65462821,2.0020,-9.6045,1.2891;
33,Sitting,65513821,2.0825,-9.6313,1.3013;
33,Sitting,65564821,2.0801,-9.6045,1.2891;
33,Sitting,65615821,2.0581,-9.6558,1.3086;
33,Sitting,65666821,2.0215,-9.6558,1.3281;
33,Sitting,65717821,2.0117,-9.7632,1.3208;
33,Sitting,65768821,1.9946,-9.5361,1.1963;
33,Sitting,65819821,1.9946,-9.7192,1.1963;
33,Sitting,65870821,1.9922,-9.7876,1.3403;
33,Sitting,65921821,2.1436,-9.7266,1.3306;
33,Sitting,65972821,2.0190,-9.3579,1.2817;
33,Sitting,66023821,1.9824,-9.7070,1.4331;
33,Sitting,66074821,1.9775,-9.7388,1.3013;
33,Sitting,66125821,2.0361,-9.7559,1.3770;
33,Sitting,66176821,2.1265,-9.5679,1.3184;
33,Sitting,66227821,2.0874,-9.5776,1.2427;
33,Sitting,66278821,1.9995,-9.6997,1.3013;
33,Sitting,66329821,2.0532,-9.6606,1.2988;
33,Sitting,66380821,1.9897,-9.6460,1.3281;
33,Sitting,66431821,2.0996,-9.6387,1.2939;
33,Sitting,66482821,2.0264,-9.5605,1.2695;
33,Sitting,66533821,1.9800,-9.8340,1.3989;
33,Sitting,66584821,2.0117,-9.6899,1.2793;
33,Sitting,66635821,2.0752,-9.6777,1.3428;
33,Sitting,66686821,1.9653,-9.6875,1.2964;
33,Sitting,66737821,2.0288,-9.6802,1.3428;
33,Sitting,66788821,2.0386,-9.6143,1.3208;
33,Sitting,66839821,2.0361,-9.7290,1.2769;
33,Sitting,66890821,2.0239,-9.6851,1.3110;
33,Sitting,66941821,2.0361,-9.6558,1.2744;
33,Sitting,66992821,1.9897,-9.6777,1.2769;
33,Sitting,67043821,1.9604,-9.6362,1.3062;
33,Sitting,67094821,2.0996,-9.6558,1.2573;
33,Sitting,67145821,2.0020,-9.6631,1.3159;
33,Sitting,67196821,2.0068,-9.6997,1.3281;
33,Sitting,67247821,1.9360,-9.6826,1.2109;
33,Sitting,67298821,1.9189,-9.6680,1.2744;
33,Sitting,67349821,1.9336,-9.7412,1.2939;
33,Sitting,67400821,1.9946,-9.5923,1.1719;
33,Sitting,67451821,2.0068,-9.6875,1.3403;
33,Sitting,67502821,1.9263,-9.6753,1.2573;
33,Sitting,67553821,2.0508,-9.7437,1.2939;
33,Sitting,67604821,1.9800,-9.6729,1.3525;
33,Sitting,67655821,1.9653,-9.7192,1.3330;
33,Sitting,67706821,2.0508,-9.6436,1.3867;
33,Sitting,67757821,2.0483,-9.6191,1.3281;
33,Sitting,67808821,1.9946,-9.7070,1.2817;
33,Sitting,67859821,2.0312,-9.6509,1.3403;
33,Sitting,67910821,2.0020,-9.6753,1.2939;
33,Sitting,67961821,1.9873,-9.6924,1.3452;
33,Sitting,68012821,2.0605,-9.6460,1.3428;
33,Sitting,68063821,1.9604,-9.7241,1.3428;
33,Sitting,68114821,2.0459,-9.5898,1.2891;
33,Sitting,68165821,2.0068,-9.6802,1.2866;
33,Sitting,68216821,1.9824,-9.6582,1.3208;
33,Sitting,68267821,1.9409,-9.7705,1.3501;
33,Sitting,68318821,2.0508,-9.6948,1.3306;
33,Sitting,68369821,2.0288,-9.6338,1.2256;
33,Sitting,68420821,1.9897,-9.6924,1.3330;
33,Sitting,68471821,2.0117,-9.6606,1.2964;
33,Sitting,68522821,1.9775,-9.8413,1.3696;
33,Sitting,68573821,1.9727,-9.6118,1.3501;
33,Sitting,68624821,2.0190,-9.6655,1.3428;
33,Sitting,68675821,2.0947,-9.6729,1.3159;
33,Sitting,68726821,2.0044,-9.6777,1.3135;
33,Sitting,68777821,1.9727,-9.6753,1.2671;
33,Sitting,68828821,1.9702,-9.7290,1.3501;
33,Sitting,68879821,1.9800,-9.7266,1.3013;
33,Sitting,68930821,2.0312,-9.6631,1.2842;
33,Sitting,68981821,2.0605,-9.6997,1.2769;
33,Sitting,69032821,2.0435,-9.6338,1.2402;
33,Sitting,69083821,2.0288,-9.6851,1.3403;
33,Sitting,69134821,2.0508,-9.7217,1.3550;
33,Sitting,69185821,1.9214,-9.6191,1.2231;
33,Sitting,69236821,2.0581,-9.7437,1.2451;
33,Sitting,69287821,2.0630,-9.6411,1.2549;
33,Sitting,69338821,2.0605,-9.7119,1.4014;
33,Sitting,69389821,2.1118,-9.6021,1.3208;
33,Sitting,69440821,2.0532,-9.6289,1.3989;
33,Sitting,69491821,2.0020,-9.7241,1.3354;
33,Sitting,69542821,2.0728,-9.6411,1.2964;
33,Sitting,69593821,2.0288,-9.6362,1.3940;
33,Sitting,69644821,2.0557,-9.6313,1.3232;
33,Sitting,69695821,2.0825,-9.6899,1.3257;
33,Sitting,69746821,1.9897,-9.6387,1.3379;
33,Sitting,69797821,2.0068,-9.6509,1.3354;
33,Sitting,69848821,2.0117,-9.6094,1.3965;
33,Sitting,69899821,2.0703,-9.6802,1.3208;
33,Sitting,69950821,2.0728,-9.6387,1.3550;
33,Sitting,70001821,1.9556,-9.7827,1.3892;
33,Sitting,70052821,2.0093,-9.6118,1.2646;
33,Sitting,70103821,1.9946,-9.6802,1.2378;
33,Sitting,70154821,1.9897,-9.7559,1.2988;
33,Sitting,70205821,2.0337,-9.6240,1.3330;
33,Sitting,70256821,2.0166,-9.6191,1.3306;
33,Sitting,70307821,2.0703,-9.6875,1.3086;
33,Sitting,70358821,2.0435,-9.6460,1.3818;
33,Sitting,70409821,1.9629,-9.6753,1.2524;
33,Sitting,70460821,2.0386,-9.7095,1.4136;
33,Sitting,70511821,2.0264,-9.7144,1.3428;
33,Sitting,70562821,2.0288,-9.7070,1.3062;
33,Sitting,70613821,2.0630,-9.6606,1.3159;
33,Sitting,70664821,2.0239,-9.5923,1.3403;
33,Sitting,70715821,1.9580,-9.6802,1.3232;
33,Sitting,70766821,1.9678,-9.6826,1.3794;
33,Sitting,70817821,1.9702,-9.7461,1.3354;
33,Sitting,70868821,1.9482,-9.6460,1.2964;
33,Sitting,70919821,2.1021,-9.5898,1.3745;
33,Sitting,70970821,1.9604,-9.6973,1.3550;
33,Sitting,71021821,2.0361,-9.6094,1.2817;
33,Sitting,71072821,1.9189,-9.7485,1.3208;
33,Sitting,71123821,1.9678,-9.6338,1.2915;
33,Sitting,71174821,1.9849,-9.7583,1.3477;
33,Sitting,71225821,2.0874,-9.5752,1.3062;
33,Sitting,71276821,1.9775,-9.6802,1.3794;
33,Sitting,71327821,2.0386,-9.6460,1.2720;
33,Sitting,71378821,1.9409,-9.7266,1.3208;
33,Sitting,71429821,2.0239,-9.6753,1.2769;
33,Sitting,71480821,2.0459,-9.6460,1.3257;
33,Sitting,71531821,2.0142,-9.6484,1.3501;
33,Sitting,71582821,2.0459,-9.7290,1.2939;
33,Sitting,71633821,2.0386,-9.6313,1.3159;
33,Sitting,71684821,2.0654,-9.5728,1.3184;
33,Sitting,71735821,2.0581,-9.6387,1.3208;
33,Sitting,71786821,2.0532,-9.6533,1.2769;
33,Sitting,71837821,1.9897,-9.8145,1.2402;
33,Sitting,71888821,2.0312,-9.6338,1.3281;
33,Sitting,71939821,2.0288,-9.6313,1.3306;
33,Sitting,71990821,2.0386,-9.6729,1.2866;
33,Sitting,72041821,2.0044,-9.7363,1.4063;
33,Sitting,72092821,1.9824,-9.6558,1.2646;
33,Sitting,72143821,1.9800,-9.6387,1.3110;
33,Sitting,72194821,1.9580,-9.7559,1.2524;
33,Sitting,72245821,1.9580,-9.7607,1.3477;
33,Sitting,72296821,2.0215,-9.6069,1.3086;
33,Sitting,72347821,1.9653,-9.6777,1.2988;
33,Sitting,72398821,1.8896,-9.6680,1.2280;
33,Sitting,72449821,1.8750,-9.7998,1.2817;
33,Sitting,72500821,1.9482,-9.6411,1.2378;
33,Sitting,72551821,1.9873,-9.6118,1.4063;
33,Sitting,72602821,1.9556,-9.7046,1.3623;
33,Sitting,72653821,1.9263,-9.7095,1.2622;
33,Sitting,72704821,1.9238,-9.6558,1.2891;
33,Sitting,72755821,1.9043,-9.7778,1.3403;
33,Sitting,72806821,1.9189,-9.7241,1.3208;
33,Sitting,72857821,1.9653,-9.7266,1.3599;
33,Sitting,72908821,2.0630,-9.5947,1.3403;
33,Sitting,72959821,2.0142,-9.7314,1.2427;
33,Sitting,73010821,1.9922,-9.6777,1.3135;
33,Sitting,73061821,1.9580,-9.7119,1.2695;
33,Sitting,73112821,1.9800,-9.6313,1.3257;
33,Sitting,73163821,1.9531,-9.6997,1.2622;
33,Sitting,73214821,1.9531,-9.7095,1.2646;
33,Sitting,73265821,1.9482,-9.6265,1.3257;
33,Sitting,73316821,2.0386,-9.5557,1.3696;
33,Sitting,73367821,1.9873,-9.7363,1.3403;
33,Sitting,73418821,2.0239,-9.7144,1.2573;
33,Sitting,73469821,2.0215,-9.6387,1.3672;
33,Sitting,73520821,2.0215,-9.6313,1.3403;
33,Sitting,73571821,1.9409,-9.6558,1.3745;
33,Sitting,73622821,2.0020,-9.6460,1.2622;
33,Sitting,73673821,1.9653,-9.6802,1.4111;
33,Sitting,73724821,1.9995,-9.6753,1.3232;
33,Sitting,73775821,2.0215,-9.6045,1.3696;
33,Sitting,73826821,1.8921,-9.8022,1.3330;
33,Sitting,73877821,1.9434,-9.7046,1.3330;
33,Sitting,73928821,2.0459,-9.5215,1.3892;
33,Sitting,73979821,2.0117,-9.6509,1.4136;
33,Sitting,74030821,1.8799,-9.8267,1.3013;
33,Sitting,74081821,1.9507,-9.7144,1.2207;
33,Sitting,74132821,2.0215,-9.5166,1.3354;
33,Sitting,74183821,1.9189,-9.7144,1.3208;
33,Sitting,74234821,2.0093,-9.7217,1.2769;
33,Sitting,74285821,1.9263,-9.7119,1.4111;
33,Sitting,74336821,2.0605,-9.5361,1.3330;
33,Sitting,74387821,1.9678,-9.7046,1.3110;
33,Sitting,74438821,1.9263,-9.6997,1.2769;
33,Sitting,74489821,1.8994,-9.6948,1.2622;
33,Sitting,74540821,2.0044,-9.5850,1.3208;
33,Sitting,74591821,2.0337,-9.6387,1.3281;
33,Sitting,74642821,1.9458,-9.7388,1.3428;
33,Sitting,74693821,1.9385,-9.7095,1.2695;
33,Sitting,74744821,1.9653,-9.5459,1.2476;
33,Sitting,74795821,1.9775,-9.6729,1.2402;
33,Sitting,74846821,2.0239,-9.7803,1.3452;
33,Sitting,74897821,2.0215,-9.6997,1.2622;
33,Sitting,74948821,2.0801,-9.6729,1.3037;
33,Sitting,74999821,1.9019,-9.7021,1.3062;
33,Sitting,75050821,1.9727,-9.7485,1.3672;
33,Sitting,75101821,1.9873,-9.6729,1.3086;
33,Sitting,75152821,1.9946,-9.6606,1.3086;
33,Sitting,75203821,2.0044,-9.6729,1.2598;
33,Sitting,75254821,1.9653,-9.6826,1.2622;
33,Sitting,75305821,1.9946,-9.7046,1.3379;
33,Sitting,75356821,2.0581,-9.5605,1.2891;
33,Sitting,75407821,1.9629,-9.6753,1.3452;
33,Sitting,75458821,1.9971,-9.7241,1.3574;
33,Sitting,75509821,2.0142,-9.6826,1.3794;