33,Sitting,10178739,3.3594,-9.2822,1.2695;
33,Sitting,10239839,3.4180,-9.2603,1.3550;
33,Sitting,10290843,3.3765,-9.2480,1.2671;
33,Sitting,10341826,3.4351,-9.2822,1.2695;
33,Sitting,10392825,3.3569,-9.3555,1.3354;
33,Sitting,10443825,3.4009,-9.3213,1.3062;
33,Sitting,10494825,3.3984,-9.2920,1.2842;
33,Sitting,10545825,3.3813,-9.2749,1.2939;
33,Sitting,10596825,3.4131,-9.2725,1.2549;
33,Sitting,10647825,3.4644,-9.2944,1.2573;
33,Sitting,10698825,3.4619,-9.2285,1.1523;
33,Sitting,10749825,3.4619,-9.3164,1.2720;
33,Sitting,10800825,3.4888,-9.2578,1.2695;
33,Sitting,10851825,3.4009,-9.2993,1.1768;
33,Sitting,10902825,3.4570,-9.3335,1.2476;
33,Sitting,10953825,3.3789,-9.3066,1.2402;
33,Sitting,11004825,3.3813,-9.3018,1.2451;
33,Sitting,11055825,3.4082,-9.2334,1.2305;
33,Sitting,11106825,3.4033,-9.3628,1.3428;
33,Sitting,11157825,3.4375,-9.3237,1.2109;
33,Sitting,11208825,3.3862,-9.2090,1.2134;
33,Sitting,11259825,3.4497,-9.2603,1.1865;
33,Sitting,11310825,3.4448,-9.2969,1.2817;
33,Sitting,11361825,3.4277,-9.2871,1.3477;
33,Sitting,11412825,3.3203,-9.2578,1.2402;
33,Sitting,11463825,3.3105,-9.2651,1.1646;
33,Sitting,11514825,3.4131,-9.2651,1.2280;
33,Sitting,11565825,3.3862,-9.3262,1.2720;
33,Sitting,11616825,3.4692,-9.2529,1.2646;
33,Sitting,11667825,3.3960,-9.2529,1.1597;
33,Sitting,11718825,3.3789,-9.3604,1.1963;
33,Sitting,11769825,3.3423,-9.3237,1.2329;
33,Sitting,11820825,3.3569,-9.3726,1.2427;
33,Sitting,11871825,3.4399,-9.2285,1.2622;
33,Sitting,11922825,3.4839,-9.2529,1.2280;
33,Sitting,11973825,3.5645,-9.2285,1.3257;
33,Sitting,12024825,3.4790,-9.3384,1.2695;
33,Sitting,12075825,3.4790,-9.2432,1.1841;
33,Sitting,12126825,3.4277,-9.2480,1.2231;
33,Sitting,12177825,3.4082,-9.3823,1.2598;
33,Sitting,12228825,3.4326,-9.2920,1.2769;
33,Sitting,12279825,3.4229,-9.2773,1.2378;
33,Sitting,12330825,3.5083,-9.2627,1.2354;
33,Sitting,12381825,3.4448,-9.2432,1.1963;
33,Sitting,12432825,3.4814,-9.2432,1.1255;
33,Sitting,12483825,3.4277,-9.3384,1.1450;
33,Sitting,12534825,3.3423,-9.3286,1.1987;
33,Sitting,12585825,3.4131,-9.3115,1.1963;
33,Sitting,12636825,3.4277,-9.3066,1.1670;
33,Sitting,12687825,3.4448,-9.2212,1.2451;
33,Sitting,12738825,3.4155,-9.2725,1.1938;
33,Sitting,12789825,3.4521,-9.3091,1.2866;
33,Sitting,12840825,3.3960,-9.2969,1.3306;
33,Sitting,12891825,3.4229,-9.2944,1.3550;
33,Sitting,12942825,3.4033,-9.2041,1.3672;
33,Sitting,12993825,3.3154,-9.2920,1.2915;
33,Sitting,13044825,3.3374,-9.4043,1.3110;
33,Sitting,13095825,3.2861,-9.3408,1.2256;
33,Sitting,13146825,3.3154,-9.3628,1.3989;
33,Sitting,13197825,3.6084,-9.1504,1.6504;
33,Sitting,13248825,3.7305,-9.5630,1.1548;
33,Sitting,13299825,3.5474,-9.0723,1.2305;
33,Sitting,13350825,3.4692,-9.1553,1.2939;
33,Sitting,13401825,3.3765,-9.4458,1.3306;
33,Sitting,13452825,3.2300,-9.3066,1.3159;
33,Sitting,13503825,3.2544,-9.2383,1.2524;
33,Sitting,13554825,3.2202,-9.6460,1.3574;
33,Sitting,13605825,3.2080,-9.2187,1.3086;
33,Sitting,13656825,3.1787,-9.2383,1.2720;
33,Sitting,13707825,3.1836,-9.5020,1.3672;
33,Sitting,13758825,3.1152,-9.4092,1.4282;
33,Sitting,13809825,3.1323,-9.4238,1.2915;
33,Sitting,13860825,3.0933,-9.2920,1.2695;
33,Sitting,13911825,3.2568,-9.4092,1.4648;
33,Sitting,13962825,3.1055,-9.3604,1.3696;
33,Sitting,14013825,3.1372,-9.4458,1.3550;
33,Sitting,14064825,3.0688,-9.4336,1.4136;
33,Sitting,14115825,3.0322,-9.2505,1.1621;
33,Sitting,14166825,3.0884,-9.3286,1.1719;
33,Sitting,14217825,3.0298,-9.4092,1.3501;
33,Sitting,14268825,3.0908,-9.4312,1.3818;
33,Sitting,14319825,3.0762,-9.3506,1.3672;
33,Sitting,14370825,3.0518,-9.4434,1.3916;
33,Sitting,14421825,3.1128,-9.3921,1.3623;
33,Sitting,14472825,3.0396,-9.3774,1.2500;
33,Sitting,14523825,3.0444,-9.3823,1.2500;
33,Sitting,14574825,3.0347,-9.4482,1.3721;
33,Sitting,14625825,2.9687,-9.5020,1.3525;
33,Sitting,14676825,3.0640,-9.4629,1.4355;
33,Sitting,14727842,3.0200,-9.4360,1.3525;
33,Sitting,14778825,2.9614,-9.4702,1.3306;
33,Sitting,14829825,2.9810,-9.4360,1.2988;
33,Sitting,14880825,3.0566,-9.4019,1.3159;
33,Sitting,14931825,2.9956,-9.4751,1.4282;
33,Sitting,14982825,3.0322,-9.4116,1.3037;
33,Sitting,15033825,3.0298,-9.3970,1.3647;
33,Sitting,15084825,2.9810,-9.4189,1.3745;
33,Sitting,15135825,2.9565,-9.5020,1.4258;
33,Sitting,15186825,3.0249,-9.4946,1.4502;
33,Sitting,15237825,3.0811,-9.3506,1.3086;
33,Sitting,15288825,3.1616,-9.2822,1.3501;
33,Sitting,15339825,3.1299,-9.3140,1.4160;
33,Sitting,15390825,3.0396,-9.4678,1.4404;
33,Sitting,15441825,2.9932,-9.5166,1.3452;
33,Sitting,15492825,3.0640,-9.4531,1.4014;
33,Sitting,15543825,3.0640,-9.4385,1.3599;
33,Sitting,15594825,3.0713,-9.4727,1.3501;
33,Sitting,15645825,3.0151,-9.3384,1.4185;
33,Sitting,15696825,3.0835,-9.4214,1.4331;
33,Sitting,15747825,3.0200,-9.4409,1.2720;
33,Sitting,15798825,3.0078,-9.4116,1.3745;
33,Sitting,15849825,3.0688,-9.3799,1.3770;
33,Sitting,15900825,3.0469,-9.4312,1.4014;
33,Sitting,15951825,3.0273,-9.4360,1.4063;
33,Sitting,16002825,3.0371,-9.5312,1.4111;
33,Sitting,16053825,2.9761,-9.4507,1.4063;
33,Sitting,16104825,3.0518,-9.4531,1.2866;
33,Sitting,16155825,3.0078,-9.4556,1.3989;
33,Sitting,16206825,2.9980,-9.3921,1.3110;
33,Sitting,16257825,3.0518,-9.3750,1.3892;
33,Sitting,16308825,3.0664,-9.4019,1.4600;
33,Sitting,16359825,3.0444,-9.4263,1.4453;
33,Sitting,16410825,3.0493,-9.4873,1.3501;
33,Sitting,16461825,2.9980,-9.4629,1.2622;
33,Sitting,16512825,3.0225,-9.3750,1.3623;
33,Sitting,16563825,3.0396,-9.3384,1.3647;
33,Sitting,16614825,3.0322,-9.3750,1.4966;
33,Sitting,16665825,3.0835,-9.3896,1.4502;
33,Sitting,16716825,3.0688,-9.4360,1.4209;
33,Sitting,16767825,3.1055,-9.3848,1.4551;
33,Sitting,16818825,2.9736,-9.4141,1.3696;
33,Sitting,16869825,3.0566,-9.4043,1.4526;
33,Sitting,16920825,2.9687,-9.4849,1.3550;
33,Sitting,16971825,3.0371,-9.3945,1.4185;
33,Sitting,17022825,3.0273,-9.4287,1.4160;
33,Sitting,17073825,3.0322,-9.3848,1.4429;
33,Sitting,17124825,3.0005,-9.3970,1.4087;
33,Sitting,17175825,3.1079,-9.4189,1.3916;
33,Sitting,17226825,3.0273,-9.4360,1.4380;
33,Sitting,17277825,3.0298,-9.4458,1.4209;
33,Sitting,17328825,3.0542,-9.4019,1.3745;
33,Sitting,17379825,2.9980,-9.4043,1.4209;
33,Sitting,17430825,2.9980,-9.4238,1.3281;
33,Sitting,17481825,2.9687,-9.4897,1.4038;
33,Sitting,17532825,3.0200,-9.4727,1.3892;
33,Sitting,17583825,2.9956,-9.4580,1.2939;
33,Sitting,17634825,3.0054,-9.4360,1.3818;
33,Sitting,17685825,3.0566,-9.4434,1.3623;
33,Sitting,17736825,3.0078,-9.4019,1.3428;
33,Sitting,17787825,3.0933,-9.3896,1.4404;
33,Sitting,17838825,3.0493,-9.3970,1.3818;
33,Sitting,17889825,3.0493,-9.4189,1.4063;
33,Sitting,17940825,3.0688,-9.4482,1.4429;
33,Sitting,17991825,3.0444,-9.4165,1.3794;
33,Sitting,18042825,2.9956,-9.3848,1.3257;
33,Sitting,18093825,3.0444,-9.3823,1.3452;
33,Sitting,18144825,3.0200,-9.4482,1.4453;
33,Sitting,18195825,3.0444,-9.4165,1.4893;
33,Sitting,18246825,3.0396,-9.3799,1.4038;
33,Sitting,18297825,3.0249,-9.4312,1.3916;
33,Sitting,18348825,2.9932,-9.4116,1.3721;
33,Sitting,18399825,3.0469,-9.4263,1.4404;
33,Sitting,18450825,3.1274,-9.4141,1.4209;
33,Sitting,18501825,2.9565,-9.3848,1.4063;
33,Sitting,18552825,3.0322,-9.4067,1.3574;
33,Sitting,18603825,3.0786,-9.4287,1.3330;
33,Sitting,18654825,3.0029,-9.4971,1.4258;
33,Sitting,18705825,2.9932,-9.4458,1.3989;
33,Sitting,18756825,2.9687,-9.4238,1.3623;
33,Sitting,18807825,3.0103,-9.4751,1.2939;
33,Sitting,18858825,3.0688,-9.3970,1.3550;
33,Sitting,18909825,3.1128,-9.4092,1.4014;
33,Sitting,18960825,3.0859,-9.3799,1.3354;
33,Sitting,19011825,3.0444,-9.4531,1.3379;
33,Sitting,19062825,3.0151,-9.4531,1.4233;
33,Sitting,19113825,3.0469,-9.3896,1.3623;
33,Sitting,19164825,3.0371,-9.4263,1.3623;
33,Sitting,19215825,3.0469,-9.4019,1.4844;
33,Sitting,19266825,3.0249,-9.4800,1.3940;
33,Sitting,19317825,3.0029,-9.3872,1.4136;
33,Sitting,19368825,3.0444,-9.4263,1.3965;
33,Sitting,19419825,3.0005,-9.3799,1.3892;
33,Sitting,19470825,3.0493,-9.4043,1.4136;
33,Sitting,19521825,3.0298,-9.4531,1.3623;
33,Sitting,19572825,3.1152,-9.5215,1.4209;
33,Sitting,19623825,3.0469,-9.3872,1.3696;
33,Sitting,19674825,3.0493,-9.3921,1.4502;
33,Sitting,19725825,3.1201,-9.4067,1.3452;
33,Sitting,19776825,3.0762,-9.3921,1.3208;
33,Sitting,19827825,3.0518,-9.4678,1.4233;
33,Sitting,19878825,3.0640,-9.4141,1.3965;
33,Sitting,19929825,3.0103,-9.4385,1.4014;
33,Sitting,19980825,3.0566,-9.3628,1.3403;
33,Sitting,20031825,3.0151,-9.4116,1.3037;
33,Sitting,20082825,2.9346,-9.3970,1.4575;
33,Sitting,20133825,3.0078,-9.4946,1.4014;
33,Sitting,20184825,3.0200,-9.4604,1.3818;
33,Sitting,20235825,3.0200,-9.4019,1.2842;
33,Sitting,20286825,3.0688,-9.3311,1.3965;
33,Sitting,20337825,3.0615,-9.4238,1.4258;
33,Sitting,20388825,3.0859,-9.3433,1.4551;
33,Sitting,20439825,3.0493,-9.4165,1.3892;
33,Sitting,20490825,3.0371,-9.4141,1.3062;
33,Sitting,20541825,3.0444,-9.3945,1.3965;
33,Sitting,20592825,3.0786,-9.3970,1.3477;
33,Sitting,20643825,3.0688,-9.3994,1.4233;
33,Sitting,20694825,3.0225,-9.4556,1.3965;
33,Sitting,20745825,3.0688,-9.4458,1.5601;
33,Sitting,20796825,3.0591,-9.4971,1.4185;
33,Sitting,20847825,3.1274,-9.4165,1.4331;
33,Sitting,20898825,3.0786,-9.3579,1.4038;
33,Sitting,20949825,2.9980,-9.3823,1.3550;
33,Sitting,21000825,3.1006,-9.4092,1.4258;
33,Sitting,21051825,3.0615,-9.3701,1.3916;
33,Sitting,21102825,3.0347,-9.3579,1.4722;
33,Sitting,21153825,3.0420,-9.4629,1.4307;
33,Sitting,21204825,3.0664,-9.4287,1.4185;
33,Sitting,21255825,3.0444,-9.3970,1.3330;
33,Sitting,21306825,2.9590,-9.4214,1.4746;
33,Sitting,21357825,3.0127,-9.3506,1.3892;
33,Sitting,21408825,3.0127,-9.4775,1.4014;
33,Sitting,21459825,3.0542,-9.3896,1.3843;
33,Sitting,21510825,2.9883,-9.4189,1.4453;
33,Sitting,21561825,3.0835,-9.4458,1.4355;
33,Sitting,21612825,2.9932,-9.4995,1.3770;
33,Sitting,21663825,3.1201,-9.4019,1.4844;
33,Sitting,21714825,3.0176,-9.4043,1.3843;
33,Sitting,21765825,3.0908,-9.3945,1.4526;
33,Sitting,21816825,3.0591,-9.3896,1.3916;
33,Sitting,21867825,3.0225,-9.3848,1.4038;
33,Sitting,21918825,3.0005,-9.3799,1.3037;
33,Sitting,21969825,3.0518,-9.4409,1.4136;
33,Sitting,22020825,3.0444,-9.4434,1.3574;
33,Sitting,22071825,3.0493,-9.4019,1.3867;
33,Sitting,22122825,3.0420,-9.4067,1.4478;
33,Sitting,22173825,3.0493,-9.4263,1.3281;
33,Sitting,22224825,3.0005,-9.3970,1.3794;
33,Sitting,22275825,3.0444,-9.4434,1.4795;
33,Sitting,22326825,3.1226,-9.4092,1.4136;
33,Sitting,22377825,3.0444,-9.3604,1.3550;
33,Sitting,22428825,3.0518,-9.4312,1.4697;
33,Sitting,22479825,2.9810,-9.4409,1.4209;
33,Sitting,22530825,3.0591,-9.4116,1.4624;
33,Sitting,22581825,3.0615,-9.3750,1.4429;
33,Sitting,22632825,3.1006,-9.3774,1.4063;
33,Sitting,22683825,3.0176,-9.3237,1.4722;
33,Sitting,22734825,3.0786,-9.3872,1.3794;
33,Sitting,22785825,3.0322,-9.3774,1.4185;
33,Sitting,22836825,3.0786,-9.3848,1.3379;
33,Sitting,22887825,3.0054,-9.3774,1.4697;
33,Sitting,22938825,3.0029,-9.4751,1.4307;
33,Sitting,22989825,3.1030,-9.4092,1.4038;
33,Sitting,23040825,3.0103,-9.4116,1.3672;
33,Sitting,23091825,3.0200,-9.3848,1.3599;
33,Sitting,23142825,3.1079,-9.3921,1.4038;
33,Sitting,23193825,3.0127,-9.4531,1.4111;
33,Sitting,23244825,3.0664,-9.3726,1.3843;
33,Sitting,23295825,3.0444,-9.3481,1.5039;
33,Sitting,23346825,3.0347,-9.4556,1.4160;
33,Sitting,23397825,3.0542,-9.3677,1.4136;
33,Sitting,23448825,3.0249,-9.4385,1.4331;
33,Sitting,23499825,3.0298,-9.4312,1.3916;
33,Sitting,23550825,3.0493,-9.4019,1.4185;
33,Sitting,23601825,3.0371,-9.3579,1.3623;
33,Sitting,23652825,3.0225,-9.3921,1.4038;
33,Sitting,23703825,3.0469,-9.4043,1.3135;
33,Sitting,23754825,3.0591,-9.3970,1.4063;
33,Sitting,23805825,3.0249,-9.4092,1.3818;
33,Sitting,23856825,3.0811,-9.4067,1.4331;
33,Sitting,23907825,3.0078,-9.4458,1.4185;
33,Sitting,23958825,3.0444,-9.4434,1.3257;
33,Sitting,24009825,3.0762,-9.4238,1.3843;
33,Sitting,24060825,3.0347,-9.3921,1.4111;
33,Sitting,24111825,3.0859,-9.4336,1.3525;
33,Sitting,24162825,3.0933,-9.4409,1.3306;
33,Sitting,24213825,3.0908,-9.4043,1.3989;
33,Sitting,24264825,3.0664,-9.3701,1.3867;
33,Sitting,24315825,3.0713,-9.4092,1.4111;
33,Sitting,24366825,3.0933,-9.4092,1.3745;
33,Sitting,24417825,3.0640,-9.4336,1.3599;
33,Sitting,24468825,3.0347,-9.3799,1.3892;
33,Sitting,24519825,3.0566,-9.3652,1.4209;
33,Sitting,24570825,3.0640,-9.4165,1.3745;
33,Sitting,24621825,3.0566,-9.4409,1.3989;
33,Sitting,24672825,3.0933,-9.4043,1.4136;
33,Sitting,24723825,3.0884,-9.3994,1.4063;
33,Sitting,24774825,3.0566,-9.4116,1.3770;
33,Sitting,24825825,3.0933,-9.4409,1.4453;
33,Sitting,24876825,3.0664,-9.4043,1.4331;
33,Sitting,24927825,3.0371,-9.4214,1.4746;
33,Sitting,24978825,3.1104,-9.3872,1.3501;
33,Sitting,25029825,3.0762,-9.4580,1.4380;
33,Sitting,25080825,3.1152,-9.4043,1.4551;
33,Sitting,25131825,3.0469,-9.3604,1.4209;
33,Sitting,25182825,3.0518,-9.4507,1.3843;
33,Sitting,25233825,3.0811,-9.4189,1.4844;
33,Sitting,25284825,3.0835,-9.4360,1.4673;
33,Sitting,25335825,3.0615,-9.3994,1.3916;
33,Sitting,25386825,3.0908,-9.4238,1.4453;
33,Sitting,25437825,3.0811,-9.3433,1.3525;
33,Sitting,25488825,3.0835,-9.4189,1.4087;
33,Sitting,25539825,3.0469,-9.4189,1.4209;
33,Sitting,25590825,3.0811,-9.3701,1.4331;
33,Sitting,25641825,3.0713,-9.3848,1.4209;
33,Sitting,25692825,3.0298,-9.4019,1.4233;
33,Sitting,25743825,3.0737,-9.4165,1.4233;
33,Sitting,25794825,3.0664,-9.4019,1.3892;
33,Sitting,25845825,3.1030,-9.4092,1.2915;
33,Sitting,25896825,3.0762,-9.3237,1.4502;
33,Sitting,25947825,3.0859,-9.4238,1.4990;
33,Sitting,25998825,3.0054,-9.3750,1.4209;
33,Sitting,26049825,3.0371,-9.4653,1.3550;
33,Sitting,26100825,3.0200,-9.3970,1.2329;
33,Sitting,26151825,3.1177,-9.3213,1.3208;
33,Sitting,26202825,3.1250,-9.3750,1.5381;
33,Sitting,26253825,3.1226,-9.3848,1.5186;
33,Sitting,26304825,3.1128,-9.4922,1.5454;
33,Sitting,26355825,3.0933,-9.3970,1.4331;
33,Sitting,26406825,3.0444,-9.3652,1.2671;
33,Sitting,26457825,3.0688,-9.4067,1.2671;
33,Sitting,26508825,3.0542,-9.3481,1.2695;
33,Sitting,26559825,3.0347,-9.4165,1.3916;
33,Sitting,26610825,3.0615,-9.4629,1.4111;
33,Sitting,26661825,2.9565,-9.3774,1.3794;
33,Sitting,26712825,3.1006,-9.4067,1.3794;
33,Sitting,26763825,3.1909,-9.4067,1.4233;
33,Sitting,26814825,3.1519,-9.3408,1.3257;
33,Sitting,26865825,3.0518,-9.3677,1.3501;
33,Sitting,26916825,3.0151,-9.3457,1.3159;
33,Sitting,26967825,3.1006,-9.3970,1.3867;
33,Sitting,27018825,3.0981,-9.2725,1.4014;
33,Sitting,27069825,3.1421,-9.4434,1.4087;
33,Sitting,27120825,3.0981,-9.3335,1.3599;
33,Sitting,27171825,3.0493,-9.4434,1.5210;
33,Sitting,27222825,3.1104,-9.4019,1.5820;
33,Sitting,27273825,3.0884,-9.4409,1.3599;
33,Sitting,27324825,3.1079,-9.2969,1.4087;
33,Sitting,27375825,3.0396,-9.3701,1.3062;
33,Sitting,27426825,3.0127,-9.3555,1.3403;
33,Sitting,27477825,3.0078,-9.5190,1.4966;
33,Sitting,27528825,3.0469,-9.4434,1.3428;
33,Sitting,27579825,3.0005,-9.3262,1.3770;
33,Sitting,27630825,3.0688,-9.3848,1.4722;
33,Sitting,27681826,3.0615,-9.5557,1.4209;
33,Sitting,27732825,3.0298,-9.3823,1.3330;
33,Sitting,27783825,3.0396,-9.4727,1.3965;
33,Sitting,27834825,3.0786,-9.3774,1.2744;
33,Sitting,27885825,3.0835,-9.4629,1.4648;
33,Sitting,27936825,3.0518,-9.4043,1.4038;
33,Sitting,27987825,3.0908,-9.3579,1.4233;
33,Sitting,28038825,3.0518,-9.3970,1.3867;
33,Sitting,28089825,3.0811,-9.4458,1.3599;
33,Sitting,28140825,3.0347,-9.4702,1.4136;
33,Sitting,28191825,3.0786,-9.3677,1.3989;
33,Sitting,28242825,3.1201,-9.4067,1.3745;
33,Sitting,28293825,3.1665,-9.4800,1.5137;
33,Sitting,28344825,3.0835,-9.3579,1.2939;
33,Sitting,28395825,3.0371,-9.4141,1.3818;
33,Sitting,28446825,3.0518,-9.3750,1.3232;
33,Sitting,28497825,3.0664,-9.4360,1.4258;
33,Sitting,28548825,3.2373,-9.5459,1.2427;
33,Sitting,28599825,3.1665,-9.3677,1.3989;
33,Sitting,28650825,3.1055,-9.4751,1.3086;
33,Sitting,28701825,3.1494,-9.3164,1.3525;
33,Sitting,28752825,3.0640,-9.3823,1.3110;
33,Sitting,28803825,3.0688,-9.4067,1.3330;
33,Sitting,28854825,3.0591,-9.4043,1.3599;
33,Sitting,28905825,3.0933,-9.3970,1.4185;
33,Sitting,28956825,3.1274,-9.4385,1.3037;
33,Sitting,29007825,3.0078,-9.3530,1.2744;
33,Sitting,29058825,3.0835,-9.5093,1.4648;
33,Sitting,29109825,3.0591,-9.4653,1.4209;
33,Sitting,29160825,3.0249,-9.3652,1.5210;
33,Sitting,29211825,3.0737,-9.3896,1.4014;
33,Sitting,29262825,3.0444,-9.3213,1.3867;
33,Sitting,29313825,3.1226,-9.2334,1.4526;
33,Sitting,29364825,3.0835,-9.5166,1.4185;
33,Sitting,29415825,3.0615,-9.4238,1.3745;
33,Sitting,29466825,3.0005,-9.3750,1.2842;
33,Sitting,29517825,3.0200,-9.4678,1.3306;
33,Sitting,29568825,3.0518,-9.4287,1.3843;
33,Sitting,29619825,3.1055,-9.3945,1.4136;
33,Sitting,29670825,3.1030,-9.3774,1.3672;
33,Sitting,29721825,3.1079,-9.4043,1.4429;
33,Sitting,29772825,3.0347,-9.4507,1.3916;
33,Sitting,29823825,3.0933,-9.3091,1.2866;
33,Sitting,29874825,3.0981,-9.3433,1.3574;
33,Sitting,29925825,3.1567,-9.3701,1.4087;
33,Sitting,29976825,3.1226,-9.3970,1.4233;
33,Sitting,30027825,3.0273,-9.4116,1.3428;
33,Sitting,30078825,3.0151,-9.3530,1.2720;
33,Sitting,30129825,3.0908,-9.4312,1.2793;
33,Sitting,30180825,3.1494,-9.3652,1.3550;
33,Sitting,30231825,3.1445,-9.3701,1.3379;
33,Sitting,30282825,3.0420,-9.3262,1.3892;
33,Sitting,30333825,3.0005,-9.3823,1.2427;
33,Sitting,30384825,3.0713,-9.5557,1.3428;
33,Sitting,30435825,2.9907,-9.3970,1.4746;
33,Sitting,30486825,3.0811,-9.5142,1.4429;
33,Sitting,30537825,3.0493,-9.3872,1.3330;
33,Sitting,30588825,3.1665,-9.3945,1.2720;
33,Sitting,30639825,3.0859,-9.4629,1.5039;
33,Sitting,30690825,3.1372,-9.4653,1.3403;
33,Sitting,30741825,3.0933,-9.4189,1.4111;
33,Sitting,30792825,3.1177,-9.2822,1.3452;
33,Sitting,30843825,3.1030,-9.4019,1.3184;
33,Sitting,30894825,3.1079,-9.3579,1.3086;
33,Sitting,30945825,3.1006,-9.3115,1.3403;
33,Sitting,30996825,3.1006,-9.4678,1.3574;
33,Sitting,31047825,3.0078,-9.3970,1.3184;
33,Sitting,31098825,3.1714,-9.3530,1.3965;
33,Sitting,31149825,3.1348,-9.4531,1.3940;
33,Sitting,31200825,3.1226,-9.4165,1.3354;
33,Sitting,31251825,3.0957,-9.3774,1.3892;
33,Sitting,31302825,3.0688,-9.3750,1.3867;
33,Sitting,31353825,3.1079,-9.3970,1.3794;
33,Sitting,31404825,3.1201,-9.3921,1.4282;
33,Sitting,31455825,3.1323,-9.3945,1.3257;
33,Sitting,31506825,3.1226,-9.3726,1.3159;
33,Sitting,31557825,3.1421,-9.3750,1.3867;
33,Sitting,31608825,3.0493,-9.4409,1.3379;
33,Sitting,31659825,3.1152,-9.4043,1.3794;
33,Sitting,31710825,3.1128,-9.4067,1.3623;
33,Sitting,31761825,3.1055,-9.3384,1.2793;
33,Sitting,31812825,3.0933,-9.3823,1.3623;
33,Sitting,31863825,3.1177,-9.3701,1.4307;
33,Sitting,31914825,3.1494,-9.4214,1.2842;
33,Sitting,31965825,3.1079,-9.3408,1.3745;
33,Sitting,32016825,3.0933,-9.3628,1.3672;
33,Sitting,32067825,3.1738,-9.3872,1.3257;
33,Sitting,32118825,3.1006,-9.3750,1.3037;
33,Sitting,32169825,3.1348,-9.3799,1.3232;
33,Sitting,32220825,3.0762,-9.4141,1.3257;
33,Sitting,32271825,3.1006,-9.3823,1.3574;
33,Sitting,32322825,3.1152,-9.3848,1.3916;
33,Sitting,32373825,3.1421,-9.3555,1.2866;
33,Sitting,32424825,3.1274,-9.3970,1.3208;
33,Sitting,32475825,3.1201,-9.3408,1.3110;
33,Sitting,32526825,3.0908,-9.3823,1.4282;
33,Sitting,32577825,3.1494,-9.4849,1.3354;
33,Sitting,32628825,3.1079,-9.4531,1.3745;
33,Sitting,32679825,3.0688,-9.4604,1.3696;
33,Sitting,32730825,3.0664,-9.3970,1.3721;
33,Sitting,32781825,3.1030,-9.3945,1.3403;
33,Sitting,32832825,3.1201,-9.3921,1.3550;
33,Sitting,32883825,3.0908,-9.4019,1.3892;
33,Sitting,32934825,3.1299,-9.4312,1.3062;
33,Sitting,32985825,3.0762,-9.4165,1.3696;
33,Sitting,33036825,3.0737,-9.4214,1.3159;
33,Sitting,33087825,3.1299,-9.3701,1.3696;
33,Sitting,33138825,3.0908,-9.3457,1.3184;
33,Sitting,33189825,3.0591,-9.4727,1.3574;
33,Sitting,33240825,3.0957,-9.4141,1.4282;
33,Sitting,33291825,3.0981,-9.3677,1.5186;
33,Sitting,33342825,3.0493,-9.4458,1.2988;
33,Sitting,33393825,3.1763,-9.3701,1.3306;
33,Sitting,33444825,3.1128,-9.4141,1.4136;
33,Sitting,33495825,3.0688,-9.3896,1.3525;
33,Sitting,33546825,3.0713,-9.4043,1.4063;
33,Sitting,33597825,3.0859,-9.4507,1.4111;
33,Sitting,33648825,3.1567,-9.3848,1.3818;
33,Sitting,33699825,3.1006,-9.4092,1.4844;
33,Sitting,33750825,3.1055,-9.4067,1.3525;
33,Sitting,33801825,3.1055,-9.3164,1.3257;
33,Sitting,33852825,3.1104,-9.3945,1.4307;
33,Sitting,33903825,3.0737,-9.4238,1.3696;
33,Sitting,33954825,3.1250,-9.3115,1.3892;
33,Sitting,34005825,3.1128,-9.3896,1.3159;
33,Sitting,34056825,3.0542,-9.3799,1.2891;
33,Sitting,34107825,3.1616,-9.3213,1.3428;
33,Sitting,34158825,3.0957,-9.4800,1.3696;
33,Sitting,34209825,3.0957,-9.3286,1.3867;
33,Sitting,34260825,3.1177,-9.4189,1.4404;
33,Sitting,34311825,3.1079,-9.4312,1.3721;
33,Sitting,34362825,3.1177,-9.4043,1.3965;
33,Sitting,34413825,3.1006,-9.4019,1.3086;
33,Sitting,34464825,3.0493,-9.4385,1.3550;
33,Sitting,34515825,3.0811,-9.4287,1.4063;
33,Sitting,34566825,3.1104,-9.4360,1.3550;
33,Sitting,34617825,3.1348,-9.3823,1.4038;
33,Sitting,34668825,3.0640,-9.4336,1.3379;
33,Sitting,34719825,3.1201,-9.4482,1.4160;
33,Sitting,34770825,3.0762,-9.3896,1.3550;
33,Sitting,34821825,3.0298,-9.3457,1.3477;
33,Sitting,34872825,3.1250,-9.3433,1.3940;
33,Sitting,34923825,3.1055,-9.3872,1.4380;
33,Sitting,34974825,3.1226,-9.3359,1.3403;
33,Sitting,35025825,3.0591,-9.3872,1.3599;
33,Sitting,35076825,3.0493,-9.3872,1.3379;
33,Sitting,35127825,3.0981,-9.4141,1.3306;
33,Sitting,35178825,3.1152,-9.3994,1.3965;
33,Sitting,35229825,3.0591,-9.4385,1.3989;
33,Sitting,35280825,3.0762,-9.4165,1.3647;
33,Sitting,35331825,3.0591,-9.4092,1.3525;
33,Sitting,35382825,3.1079,-9.4214,1.3867;
33,Sitting,35433825,3.1421,-9.4214,1.3623;
33,Sitting,35484825,3.0908,-9.4800,1.3794;
33,Sitting,35535825,3.0713,-9.3994,1.4404;
33,Sitting,35586825,3.0884,-9.4092,1.4087;
33,Sitting,35637825,3.1055,-9.3701,1.2939;
33,Sitting,35688825,3.1152,-9.3213,1.3623;
33,Sitting,35739825,3.1323,-9.4092,1.3403;
33,Sitting,35790825,3.0786,-9.3994,1.3989;
33,Sitting,35841825,3.0347,-9.4409,1.3916;
33,Sitting,35892825,3.1567,-9.4043,1.2915;
33,Sitting,35943825,3.0981,-9.4482,1.3232;
33,Sitting,35994825,3.1299,-9.3872,1.3550;
33,Sitting,36045845,3.1152,-9.4092,1.3281;
33,Sitting,36096825,3.0615,-9.4019,1.3623;
33,Sitting,36147825,3.1104,-9.4019,1.4087;
33,Sitting,36198825,3.1421,-9.3359,1.3403;
33,Sitting,36249825,3.1128,-9.4019,1.2842;
33,Sitting,36300825,3.0664,-9.3896,1.3452;
33,Sitting,36351825,3.0933,-9.3848,1.3330;
33,Sitting,36402825,3.0835,-9.4067,1.3208;
33,Sitting,36453825,3.0566,-9.3970,1.3477;
33,Sitting,36504825,3.0859,-9.3823,1.3550;
33,Sitting,36555825,3.0908,-9.3677,1.4185;
33,Sitting,36606825,3.1543,-9.3384,1.4282;
33,Sitting,36657825,3.1030,-9.4043,1.3037;
33,Sitting,36708825,3.0762,-9.4287,1.3892;
33,Sitting,36759825,3.1348,-9.4092,1.3770;
33,Sitting,36810825,3.0908,-9.3701,1.3599;
33,Sitting,36861825,3.1519,-9.4214,1.3623;
33,Sitting,36912825,3.1396,-9.3457,1.2622;
33,Sitting,36963825,3.0518,-9.4849,1.3818;
33,Sitting,37014825,3.0444,-9.4360,1.3208;
33,Sitting,37065825,3.0835,-9.4067,1.3208;
33,Sitting,37116825,3.1226,-9.4141,1.3696;
33,Sitting,37167825,3.1104,-9.4019,1.2988;
33,Sitting,37218825,3.0396,-9.4067,1.4063;
33,Sitting,37269825,3.1348,-9.3579,1.4502;
33,Sitting,37320825,3.1348,-9.4360,1.4233;
33,Sitting,37371825,3.1396,-9.4165,1.4136;
33,Sitting,37422825,3.0566,-9.3726,1.4478;
33,Sitting,37473825,3.1470,-9.3872,1.2988;
33,Sitting,37524825,3.1177,-9.3457,1.3110;
33,Sitting,37575825,3.1128,-9.3774,1.3696;
33,Sitting,37626825,3.1006,-9.3555,1.4258;
33,Sitting,37677825,3.1860,-9.3823,1.4478;
33,Sitting,37728825,3.1323,-9.4214,1.3989;
33,Sitting,37779825,3.1494,-9.4067,1.3843;
33,Sitting,37830825,3.0908,-9.3579,1.4331;
33,Sitting,37881825,3.1592,-9.4434,1.4038;
33,Sitting,37932825,3.1543,-9.3896,1.3428;
33,Sitting,37983825,3.0591,-9.3970,1.3403;
33,Sitting,38034825,3.1567,-9.3652,1.3086;
33,Sitting,38085825,3.1372,-9.4067,1.3647;
33,Sitting,38136825,3.1006,-9.4165,1.3647;
33,Sitting,38187825,3.1079,-9.4263,1.3867;
33,Sitting,38238825,3.1128,-9.4312,1.4014;
33,Sitting,38289825,3.1006,-9.3774,1.3623;
33,Sitting,38340825,3.0591,-9.3579,1.3550;
33,Sitting,38391825,3.0786,-9.3945,1.3281;
33,Sitting,38442825,3.1006,-9.3921,1.3257;
33,Sitting,38493825,3.1250,-9.3750,1.2988;
33,Sitting,38544825,3.1226,-9.4189,1.3525;
33,Sitting,38595825,3.1226,-9.3555,1.3086;
33,Sitting,38646825,3.1177,-9.3848,1.3647;
33,Sitting,38697825,3.0664,-9.3530,1.3110;
33,Sitting,38748825,3.1079,-9.3750,1.3574;
33,Sitting,38799825,3.0981,-9.4189,1.4429;
33,Sitting,38850825,3.1079,-9.3628,1.3354;
33,Sitting,38901825,3.1348,-9.3457,1.3574;
33,Sitting,38952825,3.1006,-9.3799,1.3989;
33,Sitting,39003825,3.1372,-9.3579,1.4014;
33,Sitting,39054825,3.1201,-9.3774,1.3135;
33,Sitting,39105825,3.1226,-9.4116,1.3379;
33,Sitting,39156825,3.1201,-9.4409,1.3867;
33,Sitting,39207825,3.1494,-9.3628,1.3770;
33,Sitting,39258825,3.1274,-9.3481,1.3281;
33,Sitting,39309825,3.1323,-9.4019,1.3354;
33,Sitting,39360825,3.1348,-9.3823,1.4526;
33,Sitting,39411825,3.1177,-9.3848,1.4111;
33,Sitting,39462825,3.1616,-9.3604,1.3818;
33,Sitting,39513825,3.1226,-9.4019,1.3452;
33,Sitting,39564825,3.1372,-9.3774,1.2891;
33,Sitting,39615825,3.1348,-9.3506,1.4160;
33,Sitting,39666825,3.1104,-9.4092,1.3135;
33,Sitting,39717825,3.1006,-9.4214,1.3940;
33,Sitting,39768825,3.0933,-9.3970,1.3965;
33,Sitting,39819825,3.0591,-9.4263,1.4014;
33,Sitting,39870825,3.0664,-9.3433,1.4111;
33,Sitting,39921825,3.0859,-9.3896,1.3159;
33,Sitting,39972825,3.1274,-9.3408,1.3623;
33,Sitting,40023825,3.0591,-9.3311,1.3965;
33,Sitting,40074825,3.0981,-9.3896,1.4160;
33,Sitting,40125825,3.1494,-9.4360,1.3306;
33,Sitting,40176825,3.1104,-9.3872,1.3867;
33,Sitting,40227825,3.0786,-9.3945,1.3721;
33,Sitting,40278825,3.0786,-9.3799,1.3135;
33,Sitting,40329825,3.1152,-9.3140,1.4502;
33,Sitting,40380825,3.0859,-9.3896,1.3428;
33,Sitting,40431825,3.1079,-9.4409,1.3110;
33,Sitting,40482825,3.0615,-9.3384,1.4209;
33,Sitting,40533825,3.0835,-9.3970,1.4429;
33,Sitting,40584825,3.1201,-9.3579,1.4185;
33,Sitting,40635825,3.1201,-9.3750,1.3403;
33,Sitting,40686825,3.1641,-9.4019,1.2793;
33,Sitting,40737825,3.1348,-9.3994,1.3257;
33,Sitting,40788825,3.1250,-9.3945,1.3257;
33,Sitting,40839825,3.1592,-9.3970,1.3647;
33,Sitting,40890825,3.0981,-9.4312,1.3110;
33,Sitting,40941825,3.0664,-9.3774,1.3135;
33,Sitting,40992825,3.1201,-9.3530,1.2891;
33,Sitting,41043825,3.0835,-9.3311,1.2988;
33,Sitting,41094825,3.1055,-9.3848,1.4111;
33,Sitting,41145825,3.1494,-9.3555,1.3379;
33,Sitting,41196825,3.1787,-9.4263,1.2671;
33,Sitting,41247825,3.1812,-9.4141,1.3989;
33,Sitting,41298825,3.1372,-9.3652,1.4038;
33,Sitting,41349825,3.0933,-9.3750,1.3037;
33,Sitting,41400825,3.1226,-9.3506,1.3745;
33,Sitting,41451825,3.1616,-9.3530,1.3672;
33,Sitting,41502825,3.1250,-9.3384,1.3452;
33,Sitting,41553825,3.1372,-9.4189,1.4551;
33,Sitting,41604825,3.0957,-9.3164,1.3843;
33,Sitting,41655825,3.0542,-9.3823,1.3794;
33,Sitting,41706825,3.5547,-9.7070,1.3477;
33,Sitting,41757825,3.1592,-9.3262,1.2109;
33,Sitting,41808825,3.0298,-9.2212,1.3696;
33,Sitting,41859825,3.0029,-9.4312,1.3672;
33,Sitting,41910825,3.1763,-9.3579,1.3916;
33,Sitting,41961825,3.0957,-9.4092,1.4307;
33,Sitting,42012825,3.0469,-9.3872,1.3257;
33,Sitting,42063825,3.0908,-9.4775,1.3330;
33,Sitting,42114825,3.1177,-9.3579,1.3550;
33,Sitting,42165825,3.1421,-9.4312,1.3818;
33,Sitting,42216825,3.1299,-9.3896,1.4502;
33,Sitting,42267825,3.1616,-9.3774,1.3452;
33,Sitting,42318825,3.0664,-9.3823,1.3428;
33,Sitting,42369825,3.1250,-9.4019,1.3354;
33,Sitting,42420825,3.0957,-9.4263,1.3403;
33,Sitting,42471825,3.1226,-9.3945,1.3184;
33,Sitting,42522825,3.1494,-9.3823,1.3696;
33,Sitting,42573825,3.1348,-9.4238,1.3794;
33,Sitting,42624825,3.0908,-9.4092,1.4600;
33,Sitting,42675825,3.1616,-9.3823,1.3501;
33,Sitting,42726825,3.1177,-9.4165,1.3843;
33,Sitting,42777825,3.1030,-9.3970,1.2769;
33,Sitting,42828825,3.1079,-9.4238,1.4185;
33,Sitting,42879825,3.1543,-9.4507,1.3940;
33,Sitting,42930825,3.1616,-9.3384,1.3232;
33,Sitting,42981825,3.1177,-9.4385,1.3989;
33,Sitting,43032825,3.1006,-9.3555,1.3159;
33,Sitting,43083825,3.1470,-9.4043,1.3501;
33,Sitting,43134825,3.0933,-9.3970,1.3208;
33,Sitting,43185825,3.1079,-9.4116,1.3135;
33,Sitting,43236825,3.1299,-9.3970,1.3623;
33,Sitting,43287825,3.0444,-9.3652,1.4331;
33,Sitting,43338825,3.1299,-9.3872,1.3330;
33,Sitting,43389825,3.1836,-9.3530,1.3794;
33,Sitting,43440825,3.1787,-9.3604,1.2500;
33,Sitting,43491825,3.1543,-9.3359,1.2549;
33,Sitting,43542825,3.1006,-9.3896,1.2598;
33,Sitting,43593825,3.0908,-9.3799,1.3428;
33,Sitting,43644825,3.1421,-9.4189,1.3770;
33,Sitting,43695825,3.1299,-9.3701,1.3086;
33,Sitting,43746825,3.1543,-9.3628,1.3232;
33,Sitting,43797825,3.1592,-9.3848,1.3208;
33,Sitting,43848825,3.1445,-9.4360,1.4551;
33,Sitting,43899825,3.0933,-9.3604,1.3501;
33,Sitting,43950825,3.1470,-9.3555,1.3745;
33,Sitting,44001825,3.1567,-9.3994,1.3989;
33,Sitting,44052825,3.1616,-9.4043,1.3037;
33,Sitting,44103825,3.1226,-9.4019,1.3477;
33,Sitting,44154825,3.0835,-9.4189,1.3940;
33,Sitting,44205825,3.0737,-9.4092,1.4282;
33,Sitting,44256825,3.1104,-9.4214,1.2866;
33,Sitting,44307825,3.1006,-9.4434,1.3501;
33,Sitting,44358825,3.1152,-9.3896,1.4063;
33,Sitting,44409825,3.1567,-9.3286,1.2817;
33,Sitting,44460825,3.0908,-9.3726,1.3037;
33,Sitting,44511825,3.0933,-9.3872,1.3037;
33,Sitting,44562825,3.1250,-9.4434,1.3574;
33,Sitting,44613825,3.1519,-9.4189,1.3892;
33,Sitting,44664825,3.0933,-9.3384,1.3232;
33,Sitting,44715825,3.0762,-9.3945,1.2891;
33,Sitting,44766825,3.0640,-9.4092,1.3696;
33,Sitting,44817825,3.1152,-9.4116,1.3452;
33,Sitting,44868825,3.0933,-9.3774,1.4185;
33,Sitting,44919825,3.1445,-9.4189,1.3892;
33,Sitting,44970825,3.1567,-9.3774,1.2744;
33,Sitting,45021825,3.0542,-9.3677,1.2695;
33,Sitting,45072825,3.0615,-9.3384,1.3037;
33,Sitting,45123825,3.1372,-9.3457,1.3501;
33,Sitting,45174825,3.1396,-9.3262,1.3257;
33,Sitting,45225825,3.0981,-9.3799,1.3818;
33,Sitting,45276825,3.1201,-9.3530,1.4355;
33,Sitting,45327825,3.1567,-9.3921,1.4307;
33,Sitting,45378825,3.0957,-9.3555,1.3062;
33,Sitting,45429825,3.0737,-9.3579,1.3354;
33,Sitting,45480825,3.0908,-9.4092,1.2549;
33,Sitting,45531825,3.0859,-9.3799,1.2695;
33,Sitting,45582825,3.1348,-9.3774,1.2427;
33,Sitting,45633825,3.1348,-9.3604,1.3354;
33,Sitting,45684825,3.1445,-9.4067,1.3843;
33,Sitting,45735825,3.1030,-9.4189,1.3452;
33,Sitting,45786825,3.0884,-9.3872,1.3501;
33,Sitting,45837825,3.1274,-9.4019,1.3770;
33,Sitting,45888825,3.1128,-9.3823,1.4429;
33,Sitting,45939825,3.0884,-9.4507,1.3037;
33,Sitting,45990825,3.1958,-9.3335,1.2964;
33,Sitting,46041825,3.0908,-9.4189,1.4063;
33,Sitting,46092825,3.1104,-9.3921,1.3672;
33,Sitting,46143825,3.1299,-9.3774,1.3110;
33,Sitting,46194825,3.0811,-9.4238,1.3916;
33,Sitting,46245825,3.1104,-9.3848,1.2964;
33,Sitting,46296825,3.1104,-9.3164,1.3696;
33,Sitting,46347825,3.1152,-9.4507,1.3159;
33,Sitting,46398825,3.1982,-9.4067,1.3770;
33,Sitting,46449825,3.1372,-9.4141,1.3159;
33,Sitting,46500825,3.1592,-9.4238,1.3867;
33,Sitting,46551825,3.1128,-9.3652,1.3037;
33,Sitting,46602825,3.1226,-9.3677,1.3696;
33,Sitting,46653825,3.1152,-9.4141,1.3159;
33,Sitting,46704825,3.1372,-9.3750,1.3306;
33,Sitting,46755825,3.1055,-9.4263,1.3257;
33,Sitting,46806825,3.1421,-9.3823,1.3721;
33,Sitting,46857825,3.1250,-9.3701,1.3989;
33,Sitting,46908825,3.1494,-9.3896,1.3696;
33,Sitting,46959825,3.1226,-9.4189,1.3379;
33,Sitting,47010825,3.1689,-9.4019,1.3086;
33,Sitting,47061825,3.1128,-9.2432,1.4136;
33,Sitting,47112825,3.0762,-9.4092,1.3525;
33,Sitting,47163825,3.1055,-9.3970,1.3135;
33,Sitting,47214825,3.0933,-9.3726,1.3354;
33,Sitting,47265825,3.1494,-9.3311,1.3062;
33,Sitting,47316825,3.1104,-9.4141,1.4282;
33,Sitting,47367825,3.1226,-9.4287,1.3208;
33,Sitting,47418825,3.1421,-9.3555,1.3550;
33,Sitting,47469825,3.1128,-9.4312,1.3184;
33,Sitting,47520825,3.1226,-9.3652,1.3770;
33,Sitting,47571825,3.1665,-9.3652,1.3330;
33,Sitting,47622825,3.1567,-9.4019,1.3672;
33,Sitting,47673825,3.1543,-9.3604,1.3037;
33,Sitting,47724825,3.1348,-9.4263,1.2329;
33,Sitting,47775825,3.1372,-9.3140,1.3818;
33,Sitting,47826825,3.1299,-9.4238,1.3354;
33,Sitting,47877825,3.1055,-9.3774,1.3477;
33,Sitting,47928825,3.1616,-9.3530,1.3550;
33,Sitting,47979825,3.1836,-9.3213,1.3770;
33,Sitting,48030825,3.1396,-9.3750,1.3989;
33,Sitting,48081825,3.1079,-9.3579,1.3208;
33,Sitting,48132825,3.1519,-9.3701,1.4502;
33,Sitting,48183825,3.1226,-9.4043,1.3184;
33,Sitting,48234825,3.1543,-9.3848,1.3281;
33,Sitting,48285825,3.1909,-9.3799,1.4331;
33,Sitting,48336825,3.1348,-9.4214,1.3257;
33,Sitting,48387825,3.1519,-9.3115,1.3135;
33,Sitting,48438825,3.0981,-9.4067,1.3379;
33,Sitting,48489825,3.1567,-9.3433,1.3257;
33,Sitting,48540825,3.0811,-9.3652,1.3672;
33,Sitting,48591825,3.1323,-9.3481,1.3281;
33,Sitting,48642825,3.1665,-9.3457,1.3550;
33,Sitting,48693825,3.1567,-9.3848,1.2744;
33,Sitting,48744825,3.1396,-9.3481,1.2671;
33,Sitting,48795825,3.1616,-9.3628,1.3965;
33,Sitting,48846825,3.1030,-9.4458,1.4331;
33,Sitting,48897825,3.1299,-9.4092,1.3672;
33,Sitting,48948825,3.1396,-9.4067,1.3672;
33,Sitting,48999825,3.1714,-9.4263,1.4355;
33,Sitting,49050825,3.1445,-9.3921,1.3477;
33,Sitting,49101825,3.1812,-9.3335,1.3867;
33,Sitting,49152825,3.1250,-9.4165,1.2842;
33,Sitting,49203825,3.1226,-9.3433,1.3428;
33,Sitting,49254825,3.1396,-9.3652,1.3135;
33,Sitting,49305825,3.1763,-9.4019,1.3306;
33,Sitting,49356825,3.1519,-9.3945,1.3086;
33,Sitting,49407825,3.1665,-9.3579,1.3452;
33,Sitting,49458825,3.1055,-9.4116,1.3159;
33,Sitting,49509825,3.1152,-9.3799,1.4063;
33,Sitting,49560825,3.1982,-9.4092,1.3208;
33,Sitting,49611825,3.0957,-9.3701,1.2720;
33,Sitting,49662825,3.1372,-9.3750,1.3110;
33,Sitting,49713825,3.1348,-9.3726,1.2817;
33,Sitting,49764825,3.0981,-9.3311,1.3110;
33,Sitting,49815825,3.1909,-9.4238,1.3208;
33,Sitting,49866825,3.1177,-9.3262,1.3696;
33,Sitting,49917825,3.1006,-9.4092,1.3232;
33,Sitting,49968825,3.1226,-9.4092,1.3232;
33,Sitting,50019825,3.1787,-9.4141,1.3501;
33,Sitting,50070825,3.1250,-9.4043,1.4258;
33,Sitting,50121825,3.0835,-9.4507,1.3257;
33,Sitting,50172825,3.1787,-9.3701,1.3770;
33,Sitting,50223825,3.0981,-9.3579,1.3330;
33,Sitting,50274825,3.2227,-9.4238,1.3989;
33,Sitting,50325825,3.1836,-9.3457,1.3208;
33,Sitting,50376825,3.1372,-9.3359,1.3013;
33,Sitting,50427825,3.1519,-9.4287,1.3843;
33,Sitting,50478825,3.1445,-9.3555,1.3501;
33,Sitting,50529825,3.1250,-9.3555,1.3306;
33,Sitting,50580825,3.1030,-9.3579,1.3770;
33,Sitting,50631825,3.1323,-9.4287,1.3965;
33,Sitting,50682825,3.1714,-9.3701,1.3647;
33,Sitting,50733825,3.1274,-9.3970,1.3965;
33,Sitting,50784825,3.1152,-9.3970,1.3647;
33,Sitting,50835825,3.2202,-9.3188,1.2354;
33,Sitting,50886825,3.1519,-9.4019,1.3550;
33,Sitting,50937825,3.1689,-9.3433,1.2158;
33,Sitting,50988825,3.1543,-9.3799,1.3867;
33,Sitting,51039825,3.1543,-9.4116,1.3501;
33,Sitting,51090825,3.1787,-9.3970,1.3354;
33,Sitting,51141825,3.1787,-9.3896,1.3525;
33,Sitting,51192825,3.1860,-9.4019,1.3062;
33,Sitting,51243825,3.0933,-9.3945,1.3721;
33,Sitting,51294825,3.1226,-9.3652,1.3062;
33,Sitting,51345825,3.1421,-9.3628,1.3428;
33,Sitting,51396825,3.1250,-9.3994,1.3062;
33,Sitting,51447825,3.1152,-9.3823,1.3525;
33,Sitting,51498825,3.1128,-9.3774,1.3232;
33,Sitting,51549825,3.1567,-9.3652,1.3501;
33,Sitting,51600825,3.1274,-9.4360,1.4111;
33,Sitting,51651825,3.1689,-9.4043,1.3477;
33,Sitting,51702825,3.1128,-9.3579,1.3989;
33,Sitting,51753825,3.1421,-9.3604,1.3745;
33,Sitting,51804825,3.1104,-9.3896,1.3770;
33,Sitting,51855825,3.1519,-9.3262,1.4087;
33,Sitting,51906825,3.2202,-9.3359,1.3843;
33,Sitting,51957825,3.1055,-9.4092,1.2891;
33,Sitting,52008825,3.1421,-9.4287,1.3501;
33,Sitting,52059825,3.1885,-9.4019,1.3745;
33,Sitting,52110825,3.1763,-9.3677,1.3379;
33,Sitting,52161825,3.1738,-9.3408,1.3403;
33,Sitting,52212825,3.0664,-9.4336,1.2988;
33,Sitting,52263825,3.1079,-9.3726,1.3867;
33,Sitting,52314825,3.1836,-9.4019,1.2158;
33,Sitting,52365825,3.1348,-9.3579,1.4136;
33,Sitting,52416825,3.0908,-9.3921,1.3184;
33,Sitting,52467825,3.1372,-9.3652,1.3062;
33,Sitting,52518825,3.1714,-9.3042,1.3574;
33,Sitting,52569825,3.1616,-9.4434,1.3843;
33,Sitting,52620825,3.1592,-9.3066,1.3184;
33,Sitting,52671825,3.1421,-9.3433,1.3574;
33,Sitting,52722825,3.1616,-9.4409,1.4331;
33,Sitting,52773825,3.1689,-9.4678,1.4136;
33,Sitting,52824825,3.1860,-9.3555,1.3916;
33,Sitting,52875825,3.1738,-9.3970,1.4014;
33,Sitting,52926825,3.1079,-9.3481,1.3159;
33,Sitting,52977825,3.1104,-9.3872,1.2939;
33,Sitting,53028825,3.1226,-9.3652,1.3208;
33,Sitting,53079825,3.1372,-9.3750,1.3281;
33,Sitting,53130825,3.1616,-9.3652,1.3745;
33,Sitting,53181825,3.2202,-9.3408,1.3818;
33,Sitting,53232825,3.1372,-9.3652,1.3208;
33,Sitting,53283825,3.1592,-9.3530,1.3818;
33,Sitting,53334825,3.1567,-9.3823,1.3940;
33,Sitting,53385825,3.1519,-9.4043,1.3403;
33,Sitting,53436825,3.1494,-9.3579,1.3330;
33,Sitting,53487825,3.1763,-9.3408,1.4014;
33,Sitting,53538825,3.1592,-9.3823,1.4380;
33,Sitting,53589825,3.1641,-9.2822,1.2817;
33,Sitting,53640825,3.1616,-9.4092,1.2817;
33,Sitting,53691825,3.1567,-9.3237,1.3867;
33,Sitting,53742825,3.1445,-9.3872,1.3672;
33,Sitting,53793825,3.1152,-9.3799,1.3745;
33,Sitting,53844825,3.1494,-9.2920,1.2891;
33,Sitting,53895825,3.1567,-9.3921,1.3403;
33,Sitting,53946825,3.0933,-9.3823,1.4063;
33,Sitting,53997825,3.1592,-9.4189,1.3696;
33,Sitting,54048825,3.1445,-9.3604,1.3770;
33,Sitting,54099825,3.1787,-9.3848,1.3794;
33,Sitting,54150825,3.1445,-9.2896,1.3770;
33,Sitting,54201825,3.1616,-9.3799,1.4355;
33,Sitting,54252825,3.1592,-9.3579,1.3306;
33,Sitting,54303825,3.1445,-9.3823,1.2866;
33,Sitting,54354825,3.1177,-9.3750,1.3452;
33,Sitting,54405825,3.1372,-9.3921,1.3916;
33,Sitting,54456825,3.1567,-9.4043,1.4185;
33,Sitting,54507825,3.1055,-9.3335,1.3330;
33,Sitting,54558825,3.1982,-9.3359,1.3525;
33,Sitting,54609825,3.1030,-9.4043,1.3770;
33,Sitting,54660825,3.0981,-9.2920,1.2939;
33,Sitting,54711825,3.2007,-9.4409,1.2842;
33,Sitting,54762825,3.1421,-9.4214,1.3257;
33,Sitting,54813825,3.1689,-9.4141,1.3379;
33,Sitting,54864825,3.1714,-9.3628,1.4233;
33,Sitting,54915825,3.1519,-9.3677,1.3599;
33,Sitting,54966825,3.1836,-9.3188,1.3672;
33,Sitting,55017825,3.1299,-9.3970,1.3428;
33,Sitting,55068825,3.1836,-9.4067,1.2964;
33,Sitting,55119825,3.1567,-9.3726,1.3110;
33,Sitting,55170825,3.1885,-9.3970,1.4136;
33,Sitting,55221825,3.1470,-9.4189,1.3867;
33,Sitting,55272825,3.1494,-9.3799,1.4307;
33,Sitting,55323825,3.1860,-9.3213,1.3818;
33,Sitting,55374825,3.1104,-9.3652,1.2207;
33,Sitting,55425825,3.1763,-9.4312,1.3892;
33,Sitting,55476825,3.2056,-9.4067,1.3843;
33,Sitting,55527825,3.1201,-9.3823,1.3477;
33,Sitting,55578825,3.1958,-9.4043,1.3306;
33,Sitting,55629825,3.1226,-9.3848,1.3672;
33,Sitting,55680825,3.1519,-9.3652,1.4185;
33,Sitting,55731825,3.0762,-9.2822,1.3525;
33,Sitting,55782825,3.1592,-9.3848,1.3159;
33,Sitting,55833825,3.1274,-9.3311,1.3647;
33,Sitting,55884825,3.1567,-9.3140,1.3037;
33,Sitting,55935825,3.1250,-9.3750,1.3550;
33,Sitting,55986825,3.1470,-9.3799,1.4087;
33,Sitting,56037825,3.1494,-9.3799,1.3574;
33,Sitting,56089825,3.0957,-9.3335,1.3501;
33,Sitting,56140825,3.1006,-9.4043,1.3135;
33,Sitting,56191825,3.1470,-9.4971,1.3135;
33,Sitting,56242825,3.1299,-9.3311,1.3770;
33,Sitting,56293825,3.0908,-9.3799,1.3745;
33,Sitting,56344825,3.2056,-9.3823,1.4063;
33,Sitting,56395825,3.1372,-9.3994,1.3062;
33,Sitting,56446825,3.2227,-9.3726,1.3867;
33,Sitting,56497825,3.1250,-9.4214,1.2891;
33,Sitting,56548825,3.1421,-9.3506,1.3623;
33,Sitting,56599825,3.1006,-9.3994,1.3647;
33,Sitting,56650825,3.1470,-9.3579,1.3696;
33,Sitting,56701825,3.1201,-9.3701,1.3452;
33,Sitting,56752825,3.1567,-9.3652,1.3428;
33,Sitting,56803825,3.1250,-9.4116,1.3403;
33,Sitting,56854825,3.0884,-9.3579,1.3306;
33,Sitting,56905825,3.1348,-9.4263,1.3403;
33,Sitting,56956825,3.1494,-9.3701,1.4233;
33,Sitting,57007825,3.1299,-9.3457,1.3550;
33,Sitting,57058825,3.1226,-9.3359,1.4355;
33,Sitting,57109825,3.1323,-9.4263,1.3550;
33,Sitting,57160825,3.1519,-9.4019,1.3477;
33,Sitting,57211825,3.1250,-9.4189,1.3550;
33,Sitting,57262825,3.1104,-9.3677,1.3721;
33,Sitting,57313825,3.1616,-9.3921,1.3794;
33,Sitting,57364825,3.1592,-9.3311,1.4209;
33,Sitting,57415825,3.1348,-9.3604,1.3794;
33,Sitting,57466825,3.1982,-9.3359,1.3330;
33,Sitting,57517825,3.1519,-9.4775,1.3281;
33,Sitting,57568825,3.1519,-9.4092,1.2646;
33,Sitting,57619825,3.1616,-9.3994,1.3037;
33,Sitting,57670825,3.1201,-9.3384,1.3428;
33,Sitting,57721825,3.2080,-9.3066,1.3696;
33,Sitting,57772825,3.1055,-9.4141,1.3770;
33,Sitting,57823825,3.1763,-9.3066,1.3208;
33,Sitting,57874825,3.1421,-9.3604,1.2915;
33,Sitting,57925825,3.1885,-9.3921,1.3428;
33,Sitting,57976825,3.1177,-9.3823,1.4429;
33,Sitting,58027825,3.1689,-9.3530,1.3550;
33,Sitting,58078825,3.1250,-9.3652,1.3647;
33,Sitting,58129825,3.1885,-9.3701,1.3672;
33,Sitting,58180825,3.1592,-9.4263,1.4063;
33,Sitting,58231825,3.2080,-9.3604,1.3818;
33,Sitting,58282825,3.1519,-9.3604,1.3306;
33,Sitting,58333825,3.1348,-9.3433,1.3770;
33,Sitting,58384825,3.1665,-9.3652,1.4063;
33,Sitting,58435825,3.0835,-9.3799,1.3354;
33,Sitting,58486825,3.1641,-9.3311,1.3550;
33,Sitting,58537825,3.0518,-9.3604,1.3672;
33,Sitting,58588825,3.0835,-9.4238,1.2988;
33,Sitting,58639825,3.1299,-9.4067,1.3550;
33,Sitting,58690825,3.1055,-9.3555,1.3721;
33,Sitting,58741825,3.1787,-9.3286,1.3281;
33,Sitting,58792825,3.1641,-9.3799,1.3159;
33,Sitting,58843825,3.1421,-9.3408,1.3403;
33,Sitting,58894825,3.1445,-9.3872,1.3428;
33,Sitting,58945825,3.2080,-9.3286,1.3892;
33,Sitting,58996825,3.1934,-9.4336,1.3965;
33,Sitting,59047825,3.1348,-9.4287,1.3867;
33,Sitting,59098825,3.1543,-9.3555,1.3306;
33,Sitting,59149825,3.1567,-9.3848,1.3892;
33,Sitting,59200825,3.1738,-9.3408,1.3770;
33,Sitting,59251825,3.1177,-9.3506,1.3721;
33,Sitting,59302825,3.1348,-9.3750,1.3477;
33,Sitting,59353825,3.1616,-9.3457,1.4404;
33,Sitting,59404825,3.1348,-9.4116,1.3379;
33,Sitting,59455825,3.0786,-9.3286,1.3623;
33,Sitting,59506825,3.1030,-9.3896,1.3770;
33,Sitting,59557825,3.1543,-9.3750,1.3965;
33,Sitting,59608825,3.0981,-9.3677,1.3867;
33,Sitting,59659825,3.1372,-9.3481,1.3501;
33,Sitting,59710825,3.1714,-9.3799,1.3623;
33,Sitting,59761825,3.1201,-9.3652,1.4014;
33,Sitting,59812825,3.1885,-9.3579,1.3550;
33,Sitting,59863825,3.1592,-9.3481,1.3940;
33,Sitting,59914825,3.1299,-9.4092,1.3916;
33,Sitting,59965843,3.1372,-9.3799,1.3281;
33,Sitting,60016825,3.1519,-9.4141,1.3550;
33,Sitting,60067825,3.1079,-9.4727,1.3477;
33,Sitting,60118825,3.1812,-9.4287,1.3013;
33,Sitting,60169825,3.2080,-9.4043,1.3232;
33,Sitting,60220825,3.1421,-9.3774,1.3989;
33,Sitting,60271825,3.1128,-9.3237,1.3403;
33,Sitting,60322825,3.0933,-9.3774,1.2842;
33,Sitting,60373825,3.1543,-9.3872,1.2988;
33,Sitting,60424825,3.1982,-9.3823,1.3281;
33,Sitting,60475825,3.1934,-9.4116,1.3062;
33,Sitting,60526825,3.1323,-9.3359,1.3477;
33,Sitting,60577825,3.1812,-9.3823,1.2988;
33,Sitting,60628825,3.1201,-9.3726,1.3452;
33,Sitting,60679825,3.1152,-9.3311,1.3623;
33,Sitting,60730825,3.1372,-9.3433,1.4063;
33,Sitting,60781825,3.1372,-9.3628,1.3745;
33,Sitting,60832825,3.1445,-9.3799,1.4160;
33,Sitting,60883825,3.1494,-9.3921,1.3477;
33,Sitting,60934825,3.1006,-9.3652,1.4185;
33,Sitting,60985825,3.1494,-9.3872,1.4087;
33,Sitting,61036825,3.1445,-9.4165,1.2939;
33,Sitting,61087825,3.1519,-9.3433,1.3159;
33,Sitting,61138825,3.1348,-9.3823,1.3501;
33,Sitting,61189825,3.1152,-9.4067,1.3818;
33,Sitting,61240825,3.1226,-9.3262,1.3428;
33,Sitting,61291825,3.1812,-9.3506,1.3770;
33,Sitting,61342825,3.1909,-9.4043,1.3892;
33,Sitting,61393825,3.1470,-9.4263,1.3770;
33,Sitting,61444825,3.1812,-9.3579,1.3330;
33,Sitting,61495825,3.1836,-9.3262,1.3843;
33,Sitting,61546825,3.1079,-9.4556,1.3892;
33,Sitting,61597825,3.1250,-9.3726,1.3696;
33,Sitting,61648825,3.0981,-9.4263,1.3452;
33,Sitting,61699825,3.1860,-9.3823,1.4063;
33,Sitting,61750825,3.1836,-9.4141,1.3599;
33,Sitting,61801825,3.0884,-9.4263,1.3867;
33,Sitting,61852825,3.1323,-9.3701,1.3940;
33,Sitting,61903825,3.1543,-9.3604,1.3794;
33,Sitting,61954825,3.1909,-9.3652,1.2915;
33,Sitting,62005825,3.1470,-9.4043,1.3403;
33,Sitting,62056825,3.1494,-9.3408,1.3403;
33,Sitting,62107825,3.1812,-9.3848,1.3696;
33,Sitting,62158825,3.2056,-9.3677,1.3818;
33,Sitting,62209825,3.1616,-9.3433,1.2720;
33,Sitting,62260825,3.1714,-9.4287,1.3574;
33,Sitting,62311825,3.1055,-9.3311,1.4160;
33,Sitting,62362825,3.1665,-9.4214,1.3647;
33,Sitting,62413825,3.1055,-9.3823,1.3013;
33,Sitting,62464825,3.1445,-9.3848,1.3257;
33,Sitting,62515825,3.1909,-9.3677,1.3281;
33,Sitting,62566830,3.1274,-9.3848,1.3672;
33,Sitting,62617825,3.1030,-9.3848,1.3696;
33,Sitting,62668825,3.1421,-9.3945,1.4014;
33,Sitting,62719825,3.1055,-9.3359,1.3892;
33,Sitting,62770825,3.2080,-9.3604,1.4038;
33,Sitting,62821825,3.1274,-9.3750,1.3770;
33,Sitting,62872825,3.2129,-9.3384,1.3623;
33,Sitting,62923825,3.1201,-9.3555,1.3062;
33,Sitting,62974825,3.1128,-9.3652,1.2964;
33,Sitting,63025825,3.1567,-9.4556,1.4087;
33,Sitting,63076825,3.1323,-9.3750,1.4063;
33,Sitting,63127825,3.0908,-9.4263,1.4331;
33,Sitting,63178825,3.0908,-9.3628,1.3623;
33,Sitting,63229825,3.1421,-9.3457,1.3086;
33,Sitting,63280825,3.1421,-9.3530,1.3403;
33,Sitting,63331825,3.1714,-9.3872,1.3892;
33,Sitting,63382825,3.2007,-9.4189,1.3403;
33,Sitting,63433825,3.1470,-9.4019,1.3477;
33,Sitting,63484825,3.1909,-9.3677,1.4136;
33,Sitting,63535825,3.1763,-9.3652,1.3306;
33,Sitting,63586825,3.1250,-9.3896,1.3525;
33,Sitting,63637825,3.1641,-9.4092,1.4404;
33,Sitting,63688825,3.2275,-9.3262,1.3550;
33,Sitting,63739825,3.1079,-9.4263,1.3989;
33,Sitting,63790825,3.1421,-9.2993,1.3086;
33,Sitting,63841825,3.1372,-9.3945,1.3379;
33,Sitting,63892825,3.1421,-9.3921,1.3477;
33,Sitting,63943825,3.1421,-9.3970,1.3354;
33,Sitting,63994825,3.1006,-9.3823,1.3354;
33,Sitting,64045825,3.1274,-9.3823,1.3428;
33,Sitting,64096825,3.1641,-9.3896,1.3672;
33,Sitting,64147825,3.1299,-9.3481,1.3599;
33,Sitting,64198825,3.1323,-9.3604,1.3892;
33,Sitting,64249825,3.1934,-9.3188,1.3647;
33,Sitting,64300825,3.1494,-9.3823,1.3501;
33,Sitting,64351825,3.1470,-9.3384,1.2988;
33,Sitting,64402825,3.1665,-9.3921,1.3354;
33,Sitting,64453825,3.2007,-9.3848,1.4111;
33,Sitting,64504825,3.1543,-9.3530,1.3403;
33,Sitting,64555825,3.1982,-9.3921,1.4038;
33,Sitting,64606825,3.2153,-9.3799,1.3550;
33,Sitting,64657825,3.1396,-9.3140,1.3306;
33,Sitting,64708825,3.1567,-9.3970,1.3184;
33,Sitting,64759825,3.1104,-9.4238,1.3452;
33,Sitting,64810825,3.1372,-9.4141,1.3159;
33,Sitting,64861825,3.1348,-9.4092,1.3892;
33,Sitting,64912825,3.1543,-9.3750,1.2964;
33,Sitting,64963825,3.2178,-9.3555,1.3013;
33,Sitting,65014825,3.1299,-9.3311,1.3428;
33,Sitting,65065825,3.1201,-9.4482,1.3770;
33,Sitting,65116825,3.1519,-9.4189,1.3208;
33,Sitting,65167825,3.1177,-9.4043,1.3330;
33,Sitting,65218825,3.1274,-9.3823,1.4526;
33,Sitting,65269825,3.1714,-9.3262,1.3403;
33,Sitting,65320825,3.1372,-9.3359,1.3086;
33,Sitting,65371825,3.0981,-9.4629,1.4404;
33,Sitting,65422825,3.1982,-9.3433,1.3086;
33,Sitting,65473825,3.1348,-9.3555,1.3477;
33,Sitting,65524825,3.1372,-9.3945,1.3281;
33,Sitting,65575825,3.1128,-9.4507,1.4380;
33,Sitting,65626825,3.1812,-9.3457,1.3525;
33,Sitting,65677825,3.1372,-9.3579,1.3672;
33,Sitting,65728825,3.1665,-9.3213,1.4575;
33,Sitting,65779825,3.1494,-9.3604,1.3452;
33,Sitting,65830825,3.1592,-9.3726,1.3428;
33,Sitting,65881825,3.1909,-9.3652,1.3379;
33,Sitting,65932825,3.1396,-9.3970,1.4258;
33,Sitting,65983825,3.2129,-9.3457,1.3843;
33,Sitting,66034825,3.1494,-9.3945,1.3452;
33,Sitting,66085825,3.1567,-9.3359,1.3574;
33,Sitting,66136825,3.1665,-9.3945,1.3281;
33,Sitting,66187825,3.1226,-9.3970,1.3574;
33,Sitting,66238825,3.1543,-9.4312,1.3647;
33,Sitting,66289825,3.1543,-9.3579,1.3672;
33,Sitting,66340825,3.1445,-9.4482,1.3184;
33,Sitting,66391825,3.1812,-9.3896,1.3232;
33,Sitting,66442816,3.2056,-9.3823,1.3477;
33,Sitting,66493825,3.1714,-9.4434,1.3330;
33,Sitting,66544825,3.2153,-9.3945,1.4355;
33,Sitting,66595825,3.1299,-9.3652,1.4209;
33,Sitting,66646825,3.1348,-9.3579,1.3306;
33,Sitting,66697825,3.1592,-9.3481,1.3379;
33,Sitting,66748825,3.1030,-9.3970,1.3574;
33,Sitting,66799825,3.1812,-9.4019,1.3208;
33,Sitting,66850825,3.1323,-9.3188,1.3623;
33,Sitting,66901825,3.1372,-9.3579,1.3818;
33,Sitting,66952825,3.1445,-9.3457,1.3062;
33,Sitting,67003825,3.1665,-9.3262,1.3379;
33,Sitting,67054825,3.1396,-9.4092,1.3623;
33,Sitting,67105825,3.1372,-9.4312,1.4722;
33,Sitting,67156825,3.1641,-9.3604,1.4063;
33,Sitting,67207825,3.1519,-9.3457,1.3696;
33,Sitting,67258825,3.1787,-9.4189,1.3208;
33,Sitting,67309825,3.1494,-9.4043,1.3818;
33,Sitting,67360825,3.1909,-9.4312,1.3843;
33,Sitting,67411825,3.1299,-9.3921,1.3867;
33,Sitting,67462825,3.1592,-9.3677,1.3013;
33,Sitting,67513825,3.1470,-9.2822,1.3452;
33,Sitting,67564825,3.1982,-9.3555,1.3062;
33,Sitting,67615825,3.1665,-9.3359,1.3477;
33,Sitting,67666825,3.1250,-9.3579,1.3672;
33,Sitting,67717825,3.1836,-9.3750,1.4111;
33,Sitting,67768825,3.1543,-9.4092,1.3770;
33,Sitting,67819825,3.2080,-9.3042,1.3403;
33,Sitting,67870825,3.1567,-9.3433,1.3599;
33,Sitting,67921825,3.1299,-9.4043,1.3403;
33,Sitting,67972825,3.1787,-9.3677,1.2939;
33,Sitting,68023825,3.1421,-9.3311,1.4014;
33,Sitting,68074825,3.1860,-9.4189,1.3647;
33,Sitting,68125825,3.2227,-9.3530,1.3306;
33,Sitting,68176825,3.1372,-9.3579,1.3916;
33,Sitting,68227825,3.1836,-9.4019,1.3354;
33,Sitting,68278825,3.2104,-9.3823,1.3867;
33,Sitting,68329825,3.1470,-9.3188,1.3892;
33,Sitting,68380825,3.1445,-9.3872,1.3843;
33,Sitting,68431825,3.1543,-9.3872,1.3062;
33,Sitting,68482825,3.1494,-9.3604,1.3037;
33,Sitting,68533825,3.1641,-9.4434,1.3086;
33,Sitting,68584825,3.1909,-9.3359,1.3330;
33,Sitting,68635825,3.1006,-9.4116,1.3379;
33,Sitting,68686825,3.2056,-9.4019,1.3867;
33,Sitting,68737825,3.1763,-9.3262,1.2939;
33,Sitting,68788825,3.1372,-9.2871,1.3135;
33,Sitting,68839825,3.1982,-9.3115,1.3086;
33,Sitting,68890825,3.1812,-9.3945,1.3330;
33,Sitting,68941825,3.1812,-9.3262,1.3428;
33,Sitting,68992825,3.2031,-9.3750,1.2573;
33,Sitting,69043825,3.2202,-9.3970,1.3647;
33,Sitting,69094825,3.1348,-9.3701,1.3477;
33,Sitting,69145825,3.1519,-9.3359,1.3110;
33,Sitting,69196825,3.1152,-9.3555,1.3477;
33,Sitting,69247825,3.0981,-9.4019,1.4063;
33,Sitting,69298825,3.1226,-9.3604,1.3184;
33,Sitting,69349825,3.1006,-9.3896,1.3477;
33,Sitting,69400825,3.1860,-9.3970,1.4111;
33,Sitting,69451825,3.1348,-9.3311,1.3550;
33,Sitting,69502825,3.1787,-9.3359,1.3208;
33,Sitting,69553825,3.1689,-9.4214,1.3525;
33,Sitting,69604825,3.1958,-9.3872,1.3281;
33,Sitting,69655825,3.1787,-9.3530,1.3721;
33,Sitting,69706825,3.1616,-9.3652,1.2891;
33,Sitting,69757825,3.1763,-9.3359,1.3330;
33,Sitting,69808825,3.1787,-9.4312,1.3550;
33,Sitting,69859825,3.1421,-9.3335,1.3525;
33,Sitting,69910825,3.1616,-9.3872,1.3306;
33,Sitting,69961825,3.1567,-9.3774,1.3599;
33,Sitting,70012825,3.1348,-9.3457,1.3989;
33,Sitting,70063825,3.2007,-9.4482,1.3257;
33,Sitting,70114825,3.2202,-9.3115,1.3208;
33,Sitting,70165825,3.1836,-9.3994,1.3989;
33,Sitting,70216825,3.1128,-9.3799,1.3501;
33,Sitting,70267825,3.2104,-9.3213,1.2891;
33,Sitting,70318825,3.2227,-9.2871,1.4844;
33,Sitting,70369825,3.1543,-9.5508,1.3574;
33,Sitting,70420825,3.0566,-9.2651,1.3550;
33,Sitting,70471825,3.1665,-9.3311,1.3867;